1 4
2 3
17 4
21 3
24 4
25 3
29 4
40 4
42 5
50 4
62 4
63 1
66 1
69 1
70 4
79 3
80 2
89 5
90 3
94 3
95 4
98 3
99 3
100 5
101 5
102 3
105 3
109 5
110 1
121 4
135 4
139 3
143 3
144 3
145 1
151 3
153 5
154 3
162 1
163 5
167 2
168 3
169 5
172 5
173 4
174 5
176 3
181 5
183 4
185 3
186 5
189 5
194 4
200 2
204 4
208 4
209 5
210 3
211 4
214 3
216 1
219 3
222 4
225 2
226 3
227 4
228 5
229 2
230 3
231 2
233 4
234 2
235 4
239 4
241 1
243 1
250 3
257 5
259 1
267 4
363 3
364 1
365 1
366 3
367 3
368 1
369 1
370 1
371 1
372 3
373 3
374 3
375 3
376 2
377 1
378 1
379 3
380 3
381 1
382 5
383 3
384 3
385 4
386 2
387 3
388 2
389 1
390 5
391 4
392 2
393 2
394 2
395 2
396 5
397 2
398 2
399 3
400 1
401 5
402 1
403 3
404 2
405 3
406 1
407 3
408 5
409 2
410 1
411 1
412 3
413 3
414 3
415 1
416 1
417 3
418 3
419 3
420 3
421 1
422 4
423 4
424 1
425 2
426 3
427 3
428 5
429 3
430 5
431 3
432 4
433 5
434 5
435 4
436 5
437 1
438 1
439 1
440 1
441 1
442 1
443 4
444 2
445 3
446 4
447 3
448 2
449 2
450 1
451 1
452 1
453 1
454 1
455 4
456 1
457 1
