1 4
7 2
8 4
9 4
12 4
13 2
14 5
15 3
19 4
21 3
22 3
23 4
28 2
32 4
47 3
50 4
56 4
59 5
64 4
69 3
70 3
71 4
79 3
81 4
86 3
87 4
89 4
95 2
98 5
100 5
111 2
117 2
124 5
125 3
127 5
131 5
132 5
133 4
134 5
135 5
136 5
137 5
143 2
151 3
153 4
154 3
156 3
165 5
166 4
168 4
169 4
170 4
173 5
174 4
175 4
177 4
178 4
180 4
182 4
183 4
185 5
186 4
187 4
188 3
189 3
191 4
192 4
193 3
194 4
195 4
197 5
199 4
200 3
202 3
203 3
204 3
205 3
208 4
209 4
211 5
213 4
216 5
221 4
223 4
237 2
238 5
242 4
246 3
248 3
257 2
258 2
259 1
261 3
268 3
269 4
272 4
274 4
275 4
276 2
284 2
285 3
286 2
293 3
294 2
297 3
298 3
301 2
302 4
303 3
304 4
306 4
308 3
309 2
310 2
317 3
318 4
321 3
340 2
357 4
367 2
405 1
408 4
410 4
419 4
423 3
425 3
427 4
432 4
435 4
458 1
459 2
460 2
461 4
462 5
463 4
464 2
465 1
466 4
467 4
468 3
469 5
470 3
471 2
472 1
473 2
474 5
475 5
476 1
477 1
478 4
479 5
480 4
481 5
482 4
483 5
484 5
485 5
486 4
487 5
488 5
489 5
490 5
491 4
492 5
493 5
494 4
495 4
496 4
497 4
498 4
499 4
500 4
501 5
502 4
503 3
504 3
505 4
506 4
507 4
508 3
509 4
510 4
511 5
512 4
513 4
514 5
515 4
516 4
517 4
518 3
519 5
520 4
521 4
522 5
523 5
524 3
525 5
526 3
527 4
528 4
529 4
530 4
531 4
532 3
533 4
534 4
535 2
536 4
537 4
538 2
539 2
