4 5
7 5
8 5
9 5
10 4
11 3
12 5
22 5
23 3
25 3
27 4
28 5
29 3
31 4
32 4
39 5
44 5
47 5
50 5
51 2
52 4
53 5
54 3
56 5
62 3
64 5
68 4
69 5
70 1
71 5
72 5
73 3
77 5
78 3
79 4
80 4
81 5
82 3
86 4
89 5
90 3
91 3
92 5
93 5
96 5
97 5
98 4
99 5
100 5
101 5
106 4
118 2
121 5
125 4
126 3
127 5
131 5
132 5
133 5
134 4
135 5
136 5
139 3
140 5
141 5
142 3
143 3
144 5
145 1
151 4
152 4
153 5
154 5
156 5
157 5
161 3
162 5
163 4
164 5
166 3
168 5
171 3
172 4
173 5
174 5
175 5
176 3
177 4
178 4
179 5
180 5
181 3
182 4
183 4
185 5
186 4
187 4
188 5
190 5
191 5
192 4
193 5
194 5
195 5
196 5
197 4
198 3
199 5
200 5
201 2
202 3
203 5
204 5
205 5
207 4
208 5
210 4
211 5
212 1
213 3
214 5
215 4
216 4
217 4
219 1
223 5
226 5
227 3
228 4
229 3
230 3
231 3
232 3
234 5
237 5
238 5
241 4
258 4
259 3
260 1
264 4
265 5
266 4
268 3
269 3
273 3
275 4
281 3
285 5
286 4
288 4
294 1
300 4
307 5
309 3
317 4
318 5
324 1
334 5
341 3
356 4
357 5
365 4
367 5
378 5
379 4
380 4
382 4
384 3
385 5
386 4
387 3
389 4
391 3
393 4
396 4
399 4
401 4
402 5
403 4
404 5
405 3
415 2
416 5
417 3
418 4
419 3
420 5
421 3
423 5
427 5
428 5
429 5
430 3
431 4
432 4
433 5
434 4
435 5
436 5
440 1
441 2
443 5
444 5
446 2
447 5
448 3
449 3
450 4
451 5
452 5
455 4
461 4
463 4
465 4
470 3
471 4
472 2
474 5
479 4
480 4
481 5
482 3
483 4
484 5
485 5
487 3
488 4
489 3
491 5
492 5
495 5
496 5
497 4
498 5
499 4
501 5
502 5
503 4
504 5
505 3
506 5
507 5
509 5
510 5
511 5
513 4
514 2
515 3
519 4
520 5
521 5
523 4
526 5
527 5
528 5
529 2
530 5
537 3
540 3
541 2
542 4
543 3
544 3
545 2
546 4
547 3
548 5
549 4
550 4
551 1
552 4
553 3
554 3
555 4
556 3
557 4
558 4
559 5
560 3
561 4
562 5
563 2
564 3
565 4
566 4
567 1
568 5
569 4
570 3
571 3
572 3
573 5
574 5
575 3
576 5
577 2
578 3
579 4
580 3
581 5
582 5
583 2
584 4
585 4
586 3
587 4
588 4
589 5
590 2
591 3
592 5
593 5
594 3
595 2
596 5
597 3
598 3
599 1
600 4
601 5
602 3
603 4
604 3
605 4
606 3
607 3
608 4
609 3
610 5
611 3
612 5
613 4
614 5
615 4
616 4
617 5
618 4
619 3
620 4
621 5
622 4
623 3
624 4
625 3
626 5
627 3
628 3
629 3
630 5
631 4
632 5
633 5
634 5
635 3
636 4
637 4
638 4
639 5
640 3
641 5
642 3
643 4
644 5
645 4
646 5
647 5
648 5
649 5
650 3
651 5
652 3
653 4
654 5
655 5
656 3
657 4
658 3
659 5
660 5
661 5
662 3
663 5
664 3
665 4
666 4
667 5
668 4
669 1
670 5
671 5
672 1
673 3
674 2
675 5
676 3
677 3
678 3
679 5
680 4
681 1
682 2
683 4
