1 4
4 4
7 4
9 4
11 4
12 5
13 3
16 4
22 5
23 5
32 4
33 4
40 4
48 4
50 5
56 5
59 4
60 3
64 4
69 4
70 4
82 4
85 4
93 4
98 4
99 5
100 5
116 4
124 5
127 5
129 4
132 5
133 5
134 5
135 5
137 4
144 4
153 4
155 4
156 4
157 5
160 4
161 4
162 4
164 4
168 4
170 4
174 4
175 3
176 4
178 5
179 5
180 5
182 5
183 5
185 5
186 4
191 5
192 4
194 4
195 4
197 5
198 3
199 4
200 5
203 4
205 5
211 5
216 4
218 4
221 4
223 5
230 4
234 4
238 4
245 4
269 4
273 4
274 4
275 4
276 4
283 4
285 5
286 4
289 4
294 3
302 4
319 3
321 4
333 4
334 4
340 4
357 5
367 4
371 4
385 4
404 4
414 4
418 4
420 4
430 3
432 4
435 5
447 4
461 3
462 3
463 4
467 4
470 4
474 4
475 4
478 5
479 5
480 5
482 4
483 5
484 5
486 4
488 5
489 4
493 4
495 4
496 5
497 4
498 5
499 4
502 4
504 5
505 4
509 4
510 5
511 4
513 4
518 4
519 5
521 4
525 5
527 4
529 3
530 4
531 5
558 4
582 4
588 4
589 5
602 5
603 5
604 4
606 5
610 4
611 5
615 4
617 5
629 4
651 4
652 3
654 5
655 5
656 5
657 4
663 3
664 4
686 4
692 4
693 4
694 5
695 3
696 4
697 3
698 4
699 4
700 4
701 4
702 3
703 5
704 3
705 4
706 4
707 5
708 4
709 4
710 4
711 4
712 4
