8 4
9 5
11 2
12 2
15 5
22 4
24 3
25 3
28 5
29 3
38 3
39 3
40 3
42 3
47 4
51 4
52 3
54 3
56 4
57 2
58 3
69 3
70 4
79 4
83 5
86 4
88 3
90 2
94 3
97 4
98 2
100 4
107 4
109 3
110 3
111 4
120 2
121 3
123 3
125 4
135 4
168 3
173 5
175 3
176 3
180 2
185 4
190 3
191 4
194 4
196 5
203 4
204 3
208 4
211 3
213 4
215 3
216 3
222 3
227 3
228 3
229 4
230 4
237 4
238 3
239 4
241 4
258 5
259 3
260 1
268 5
274 3
277 5
286 5
290 3
291 4
300 3
301 4
312 4
317 4
318 5
324 1
332 5
350 4
356 4
357 5
365 3
367 3
370 3
372 4
382 3
383 2
386 3
393 4
395 2
399 3
401 3
402 4
405 3
414 3
423 5
425 4
427 4
428 4
429 5
430 3
431 2
433 4
434 4
435 4
449 3
451 2
455 3
504 3
508 4
517 2
521 2
524 4
526 3
527 4
544 4
549 4
558 3
561 2
573 3
577 3
580 5
597 2
603 4
646 3
652 4
654 3
659 5
660 3
662 3
663 4
690 4
692 4
699 4
707 5
710 2
713 5
714 4
715 3
716 3
717 2
718 5
719 3
720 1
721 3
722 3
723 5
724 3
725 3
726 3
727 3
728 3
729 4
730 3
731 4
732 3
733 4
734 3
735 3
736 4
737 4
738 3
739 3
740 4
741 5
742 3
743 2
744 4
745 5
746 4
747 3
748 1
749 5
750 5
751 2
752 4
