1 3
2 3
4 5
5 1
7 2
8 4
9 3
11 1
12 5
13 5
14 4
17 1
21 3
22 4
23 5
24 1
25 1
27 3
28 5
29 2
32 4
33 5
37 1
38 3
39 3
40 2
42 4
45 3
48 5
49 4
50 5
51 3
53 1
56 5
58 4
59 4
60 4
61 4
62 5
64 5
66 3
67 1
68 3
69 4
70 3
71 4
72 4
73 3
78 1
79 3
82 2
83 2
86 1
87 5
88 4
89 4
90 3
91 2
92 3
94 3
95 5
96 4
97 4
98 4
99 4
100 5
109 4
110 3
111 5
116 5
117 3
118 4
121 5
124 5
127 5
128 1
132 4
135 5
137 5
138 1
141 2
143 1
144 4
145 2
147 3
150 5
152 5
153 4
154 5
155 2
157 3
158 1
160 4
161 5
163 3
164 3
165 3
166 5
167 4
168 4
170 5
172 5
173 2
174 4
175 4
176 3
177 5
178 4
179 2
180 5
181 5
182 5
183 4
184 1
185 3
186 4
187 5
188 4
190 4
191 3
193 5
194 5
195 3
196 4
197 4
198 3
199 5
200 3
201 1
202 5
204 5
205 2
208 5
209 3
210 3
211 4
212 5
215 5
216 3
217 1
218 1
219 1
222 3
223 5
224 4
225 2
226 4
227 5
228 4
229 4
230 3
231 3
232 3
233 4
234 5
235 2
237 5
238 3
239 4
241 3
242 2
243 3
258 4
260 1
261 1
262 4
263 5
264 4
265 4
268 4
269 2
270 4
271 1
272 4
273 3
274 3
275 3
276 5
279 5
280 4
281 3
285 5
286 3
287 1
288 1
289 2
290 4
292 5
294 2
299 3
300 1
301 1
302 5
303 4
305 4
306 3
307 2
308 3
310 4
311 3
312 1
313 4
314 1
315 5
316 5
317 5
318 3
319 4
320 1
321 2
322 3
323 3
326 3
327 3
328 3
329 2
331 3
332 3
333 3
334 1
336 2
338 1
339 3
340 2
341 2
342 4
343 1
344 2
345 4
346 4
347 5
348 2
349 1
350 2
351 1
353 4
354 2
355 3
357 3
358 3
360 4
362 4
363 3
367 3
370 1
371 3
377 1
379 1
382 1
384 2
385 3
387 3
391 3
393 3
394 2
396 3
398 2
400 4
401 1
402 4
403 2
404 5
405 2
406 1
409 3
410 1
411 2
413 1
414 5
416 3
417 2
418 2
419 3
420 4
421 2
423 5
424 1
427 5
428 5
429 5
430 5
431 1
432 4
433 4
435 5
436 2
437 1
438 1
439 1
440 1
441 1
442 1
443 4
444 4
445 4
446 1
447 2
448 1
449 4
450 3
451 1
452 3
453 2
455 3
457 1
462 5
463 5
467 5
471 1
472 5
473 4
474 4
475 3
476 2
477 4
478 4
480 3
481 3
482 5
483 5
484 5
485 1
488 3
491 4
492 5
493 5
494 4
497 5
498 4
501 5
502 5
504 5
505 3
506 5
507 1
508 3
509 5
510 5
511 5
514 5
515 2
516 5
517 5
518 4
519 5
520 4
522 5
523 4
524 4
525 5
526 3
527 5
529 4
530 5
531 3
538 1
539 1
540 3
541 1
546 3
547 1
548 3
549 4
550 4
551 1
553 2
554 2
558 1
559 1
561 1
563 1
564 1
565 1
566 5
567 1
568 3
569 2
570 5
572 2
573 3
576 3
578 3
585 4
586 3
588 4
589 3
590 2
596 3
597 3
601 4
602 4
603 4
604 5
606 4
610 2
612 4
613 4
614 4
615 4
617 3
619 3
621 4
624 5
625 2
629 1
630 2
631 3
632 3
635 1
636 2
637 2
638 3
639 3
646 4
647 5
650 2
651 5
652 5
654 5
655 5
656 5
657 4
659 3
661 5
662 5
663 5
665 2
667 1
668 1
669 1
670 3
671 3
672 1
673 3
674 3
675 5
678 3
679 4
682 1
683 1
684 5
685 5
686 5
687 1
688 1
689 2
690 3
691 4
692 4
694 4
705 5
706 1
709 4
712 4
716 4
720 4
722 3
732 5
733 5
735 3
736 4
737 4
739 4
740 1
746 3
747 4
748 4
749 3
750 5
751 5
752 1
754 4
755 3
756 2
757 3
758 1
759 2
760 1
761 4
762 5
763 1
764 2
765 2
766 4
767 1
768 4
769 3
770 4
771 3
772 1
773 1
774 1
775 4
776 2
777 1
778 3
779 3
780 1
781 3
782 3
783 3
784 1
785 3
786 3
787 3
788 1
789 5
790 2
791 5
792 5
793 5
794 4
795 2
796 3
797 5
798 2
799 4
800 1
801 3
802 2
803 3
804 2
805 4
806 5
807 1
808 2
809 4
810 5
811 5
812 2
813 1
814 5
815 4
816 1
817 1
818 3
819 1
820 4
821 3
822 3
823 5
824 3
825 1
826 5
827 3
828 1
829 3
830 1
831 3
832 4
833 2
834 1
835 3
836 2
837 4
838 1
839 1
840 3
841 1
842 2
843 5
844 1
845 3
846 2
847 4
848 5
849 1
850 4
851 5
852 1
853 1
854 1
855 4
856 5
857 3
858 1
859 1
860 1
861 3
862 3
863 4
864 4
865 5
866 3
867 5
868 5
869 3
870 3
871 2
872 3
873 1
874 5
875 1
876 2
877 2
878 1
879 2
880 3
881 2
882 3
883 3
884 2
885 1
886 5
887 5
888 2
889 3
890 1
891 1
892 3
893 3
894 1
895 1
896 5
897 1
898 1
899 1
900 5
901 1
902 3
903 3
904 1
905 2
906 3
907 1
908 1
909 5
910 2
911 2
912 2
913 1
914 2
915 5
916 4
917 4
918 3
