7 5
9 4
12 5
13 4
14 3
15 4
18 3
19 5
22 3
23 5
25 2
32 5
42 4
50 5
56 5
70 1
81 5
93 3
96 4
98 3
100 5
111 3
116 5
121 3
124 5
127 2
151 5
168 4
172 5
173 4
174 5
175 5
176 1
181 5
186 4
191 4
195 5
202 3
204 5
210 5
211 4
213 5
222 4
238 5
240 5
242 4
265 3
269 4
275 4
276 4
283 4
285 5
288 4
302 5
313 2
319 1
357 2
382 5
408 5
427 5
428 4
430 5
455 4
473 5
474 4
475 3
477 4
492 4
498 5
507 4
509 5
514 4
517 4
519 5
523 4
524 5
525 5
530 5
588 4
596 3
603 4
628 5
654 4
655 5
663 5
709 5
716 5
750 3
762 3
792 5
813 2
820 3
845 3
919 4
920 4
921 5
922 4
923 5
