1 5
4 5
7 5
8 5
9 5
11 5
12 5
15 5
22 5
27 2
28 5
31 5
33 2
39 5
51 4
55 5
56 5
58 4
64 5
66 4
69 5
70 4
71 5
76 5
79 5
87 4
89 2
92 4
95 5
96 5
98 5
99 5
100 5
109 4
125 3
127 5
134 4
135 4
143 5
144 5
151 5
152 4
155 3
156 4
158 4
160 4
161 5
164 5
168 4
172 5
174 5
178 5
180 5
182 5
183 5
191 5
194 5
195 5
197 5
199 5
200 5
202 5
204 5
208 5
209 5
216 5
227 5
228 5
230 5
233 5
234 5
237 5
240 4
273 5
282 5
284 1
286 2
288 3
294 4
300 5
302 5
318 5
321 3
357 5
367 3
385 5
404 5
410 5
418 5
423 5
427 5
443 5
447 5
448 5
467 5
469 3
471 3
476 3
479 5
480 5
482 5
496 5
498 5
502 4
504 5
509 2
510 4
531 5
546 4
564 1
583 4
591 4
602 5
603 5
606 4
629 4
642 5
654 5
655 5
657 5
661 4
684 5
692 4
693 4
705 5
732 5
735 3
761 2
770 3
812 2
939 4
940 2
941 1
942 4
943 3
944 1
945 4
946 5
947 4
948 3
