1 5
4 3
6 5
8 5
9 5
12 5
13 5
14 5
15 4
19 3
22 5
23 4
25 3
26 4
28 3
32 2
42 3
45 5
47 3
48 4
50 4
52 5
56 5
57 4
58 4
59 4
60 4
61 4
64 5
65 5
66 3
69 3
70 4
71 4
72 3
79 4
81 3
82 3
83 5
86 4
88 3
89 3
91 3
94 3
95 4
97 4
98 5
99 5
100 5
111 3
113 5
116 5
125 3
126 5
127 5
131 4
132 5
133 5
134 5
135 3
136 5
137 5
142 4
143 4
151 3
152 3
153 4
154 4
157 3
162 4
165 4
166 4
168 3
169 5
170 5
172 3
174 4
175 4
177 3
178 3
179 4
180 4
181 3
182 4
185 3
186 4
187 5
188 3
189 5
190 4
191 4
193 5
194 3
195 3
196 3
197 4
198 3
199 3
200 3
202 3
204 3
208 4
209 4
210 5
211 5
212 5
213 5
214 4
215 3
216 4
221 5
223 5
224 5
234 3
236 3
237 3
238 5
241 3
242 5
269 5
275 5
276 5
283 5
284 3
285 5
286 5
287 4
317 5
318 5
319 4
357 4
367 4
378 3
381 4
382 3
386 2
387 4
392 3
393 3
402 3
403 3
404 4
408 5
411 3
414 4
416 5
418 3
419 3
423 5
425 3
427 5
428 3
430 4
432 4
434 3
435 4
443 3
451 3
461 4
462 3
463 4
474 4
476 3
478 5
479 4
480 4
482 5
483 4
485 5
486 3
487 4
488 3
489 4
492 4
493 5
494 3
496 5
497 4
498 4
504 5
509 4
510 4
512 5
513 4
514 5
515 5
516 5
517 2
519 4
520 4
523 4
524 4
526 4
527 4
528 4
529 5
530 4
549 4
582 5
588 4
602 3
603 3
604 5
607 3
609 4
610 4
612 4
613 5
614 4
627 3
629 3
630 3
631 5
633 5
639 4
647 4
649 3
654 4
659 4
660 5
663 4
692 3
699 5
702 3
704 3
705 3
707 3
708 3
709 5
714 4
716 5
724 4
729 3
732 3
735 4
736 4
737 3
739 3
747 3
753 4
762 3
775 3
778 2
781 3
792 5
794 3
805 4
845 3
856 5
863 3
921 5
923 5
949 3
950 3
951 3
952 2
953 3
954 3
955 4
956 5
957 3
958 5
959 3
960 4
961 3
962 4
963 5
964 3
965 4
966 2
967 3
968 3
969 3
970 3
971 4
972 3
973 3
