2 2
4 5
17 4
21 4
24 5
29 1
50 5
53 3
62 4
68 4
79 4
80 4
85 5
89 5
94 3
96 5
105 1
109 4
110 1
117 4
118 4
121 3
127 5
128 5
144 5
153 5
154 4
161 4
163 1
167 3
168 5
172 4
173 5
174 5
175 4
176 5
181 5
184 5
186 5
187 5
194 5
195 4
201 4
202 5
204 5
208 5
209 4
210 3
211 3
216 4
222 4
226 4
227 4
228 4
229 2
230 4
231 2
233 3
238 5
241 3
250 5
258 5
265 3
290 5
294 1
358 5
367 1
376 3
377 1
384 3
385 4
386 3
393 4
399 4
403 5
405 1
407 3
411 1
430 4
431 4
433 3
435 5
449 1
451 4
455 5
456 1
502 4
510 5
511 4
515 5
523 5
526 4
546 3
550 5
554 1
566 3
568 4
636 3
648 4
651 4
665 1
683 1
684 3
687 1
688 1
692 4
712 4
731 3
732 4
780 1
791 1
792 4
840 4
862 1
871 3
878 1
926 1
932 1
948 1
988 1
996 1
997 1
998 1
999 4
1000 3
1001 1
1002 1
1003 1
