1 5
22 5
28 4
35 5
67 4
69 5
70 5
71 5
78 5
79 3
82 5
84 5
88 5
94 5
95 5
97 5
99 5
105 3
112 5
118 5
122 1
127 2
133 2
139 2
140 5
144 5
145 1
153 5
155 5
161 5
162 5
185 2
188 2
195 1
200 5
202 2
211 1
216 5
218 3
225 5
226 1
234 5
243 3
247 5
252 5
257 1
259 3
288 5
294 5
313 5
318 3
326 5
328 4
356 2
383 2
384 5
389 5
392 5
393 5
395 3
400 1
401 3
402 5
403 1
404 5
405 5
406 2
409 5
410 3
411 3
413 1
418 5
419 5
420 5
423 5
424 3
432 1
433 5
444 1
445 2
447 5
450 1
451 5
452 5
465 5
501 5
508 2
526 1
550 2
573 1
588 5
590 1
616 3
627 5
637 2
672 3
673 5
678 5
679 5
681 5
717 1
720 5
742 5
758 1
768 5
780 4
838 2
916 5
940 1
1014 5
1016 5
1028 5
1029 1
1030 5
1031 5
1032 4
1033 5
1034 1
1035 5
1036 4
1037 4
