1 2
2 1
3 3
4 2
7 4
8 3
10 3
11 3
12 4
13 3
17 2
25 2
38 1
39 2
40 1
42 4
47 5
49 2
50 1
52 2
53 4
54 2
55 4
56 5
57 4
62 2
68 1
70 2
71 3
72 2
77 1
80 1
82 1
85 3
90 1
91 5
93 5
95 2
96 1
98 4
99 4
100 4
101 3
102 2
108 2
111 2
116 4
117 1
121 1
122 2
123 1
129 2
143 3
145 1
147 1
148 1
151 5
154 5
159 2
161 1
168 5
171 4
172 1
173 3
174 1
175 5
179 5
181 1
182 3
185 5
200 3
202 3
204 1
208 4
209 5
213 3
217 3
218 2
219 1
225 2
231 3
235 2
238 4
239 2
240 3
256 4
258 2
262 5
268 3
270 2
283 3
287 4
289 4
290 2
294 1
299 2
300 1
301 3
302 4
312 3
313 3
320 5
324 4
325 3
328 2
334 4
343 2
346 4
347 3
358 1
367 3
369 1
372 4
382 2
385 1
386 4
396 4
401 2
403 3
404 3
406 2
413 1
418 3
419 4
420 4
423 2
428 5
432 5
433 5
455 1
462 2
465 3
473 3
475 4
476 1
477 2
501 3
508 3
514 4
518 4
531 3
542 2
546 1
547 5
557 3
559 2
561 2
569 3
577 1
581 3
583 4
588 4
590 1
594 3
625 3
627 2
628 4
640 1
652 5
657 5
692 1
695 3
698 2
702 3
713 3
715 3
717 2
721 2
725 2
732 3
737 1
738 3
741 4
758 1
774 2
789 4
813 3
820 1
821 1
878 2
904 2
919 5
926 1
928 2
931 2
946 2
959 2
995 3
997 1
998 2
1003 2
1009 3
1017 3
1018 2
1021 5
1028 2
1036 2
1066 2
1067 3
1068 3
1069 3
1070 3
1071 3
1072 1
1073 5
1074 2
1075 2
1076 2
1077 4
1078 1
1079 1
1080 4
1081 3
1082 3
1083 2
