1 4
7 5
11 4
22 5
25 4
28 5
29 3
31 4
38 2
42 4
44 4
50 5
51 3
53 3
56 5
62 5
63 3
64 5
66 3
67 2
68 3
69 4
70 4
71 4
73 4
77 3
78 3
79 4
82 4
87 4
88 1
89 4
90 2
91 4
94 4
95 4
96 5
97 3
98 4
111 2
114 4
117 5
118 4
121 5
122 2
143 3
144 5
151 4
153 4
154 2
158 3
161 4
164 4
167 3
168 2
169 4
172 5
173 4
174 5
176 5
179 3
181 5
183 5
184 4
186 3
189 4
191 4
193 5
194 5
195 5
196 2
200 4
201 4
202 4
204 5
210 5
215 5
216 4
219 5
222 5
225 2
226 4
227 3
228 3
229 3
230 5
231 3
232 4
233 1
234 4
235 1
237 5
238 5
239 4
258 4
265 4
280 4
281 2
294 4
295 3
298 4
300 4
323 3
368 3
372 3
373 4
376 3
383 2
385 4
386 3
391 3
392 4
393 4
395 3
399 4
402 5
403 4
405 4
408 4
410 4
421 4
423 5
426 4
432 5
433 4
435 3
441 4
443 4
447 4
449 5
450 3
451 3
473 2
483 4
501 3
523 4
546 3
550 4
554 4
559 4
568 4
575 3
578 3
585 3
588 4
596 4
597 3
623 3
636 4
655 4
678 4
692 4
715 1
720 3
728 3
732 4
735 2
738 3
746 4
747 4
748 4
755 3
761 3
769 4
778 4
781 4
794 3
797 4
815 4
820 3
849 2
862 3
869 3
871 2
930 3
946 4
969 3
993 3
1028 4
1035 4
1036 2
1047 4
1057 3
1074 3
1090 3
1091 2
1092 3
