7 5
8 3
9 5
12 4
13 4
15 4
21 3
23 4
28 5
30 5
47 4
50 5
56 4
59 5
60 5
61 4
64 4
69 4
70 4
71 3
73 4
77 4
79 4
82 3
88 4
89 5
95 4
96 4
97 3
98 4
121 4
128 3
131 4
132 4
133 4
134 4
135 5
136 4
138 2
141 3
143 3
144 4
151 5
152 4
153 3
160 4
161 4
162 4
163 4
166 4
168 5
172 4
173 4
174 4
175 5
176 4
178 5
179 4
180 4
181 4
183 5
185 4
186 4
194 4
195 4
197 4
199 5
200 4
204 4
205 4
207 3
208 5
209 5
210 4
211 4
212 5
215 4
216 4
218 4
222 4
225 3
227 4
228 4
229 4
230 4
234 4
237 4
265 5
272 4
275 4
286 5
327 4
357 4
366 4
378 4
385 4
393 4
403 3
404 3
405 4
411 3
416 4
417 4
418 3
419 3
420 4
423 4
427 5
429 5
430 5
433 4
434 5
435 4
443 4
445 5
474 5
478 3
479 5
480 4
482 4
483 5
484 5
485 4
489 5
490 4
491 4
492 5
493 5
494 4
495 3
496 4
498 5
499 3
501 3
502 4
505 4
506 5
507 4
508 4
510 5
511 4
513 5
514 4
515 5
517 4
519 4
523 4
524 4
525 5
528 4
529 4
546 4
558 4
582 4
592 4
593 5
601 4
602 4
603 5
604 4
605 3
606 4
608 5
609 3
613 4
615 5
616 3
617 4
618 3
629 3
633 4
637 4
638 5
641 5
650 4
654 4
656 4
659 4
660 4
661 4
665 4
671 4
673 4
675 4
684 4
699 4
705 4
708 4
729 4
735 5
736 5
745 5
751 2
755 4
799 4
810 4
835 4
842 4
1020 4
1021 5
1050 3
1060 4
1121 3
1122 5
1123 4
1124 4
1125 4
1126 4
