1 2
3 3
4 4
7 4
8 5
9 4
12 4
13 4
14 4
15 2
20 4
21 3
22 4
24 4
28 3
33 1
44 3
47 4
50 5
53 2
55 5
56 5
59 4
62 3
64 4
65 4
68 1
69 4
70 3
71 4
72 3
76 4
78 2
81 4
82 4
83 5
86 2
89 5
91 4
96 4
97 2
98 4
100 4
111 3
114 4
116 3
117 4
118 2
121 4
125 4
127 4
128 2
129 3
132 5
134 4
135 4
138 1
144 3
147 3
151 5
153 4
155 1
157 3
159 3
162 4
164 5
167 2
168 5
170 3
171 4
172 5
173 5
174 4
176 5
179 4
180 4
181 4
182 5
183 4
188 3
190 5
191 5
195 5
196 4
199 4
204 3
207 3
209 4
210 4
213 4
215 3
216 4
217 2
222 5
225 3
227 1
228 3
229 3
230 2
232 3
235 4
237 3
238 5
241 1
245 2
249 2
250 5
252 3
257 2
258 5
270 2
271 1
273 4
275 4
276 5
281 3
283 4
285 4
286 3
288 2
290 3
294 1
298 4
302 3
306 4
318 5
328 3
357 4
365 2
380 5
382 3
387 2
401 3
402 3
403 4
405 3
421 5
423 3
431 2
433 5
436 3
443 3
448 2
451 3
455 3
462 2
463 4
464 4
466 3
472 2
473 4
474 4
475 4
483 4
498 4
508 4
509 4
511 4
512 4
514 3
521 5
527 4
528 5
541 3
546 4
554 1
559 3
568 3
569 1
582 4
597 2
605 3
651 4
652 4
655 3
660 4
664 4
665 2
673 2
676 3
685 2
697 4
699 4
702 2
704 2
708 3
710 3
712 4
715 2
716 4
723 2
729 3
739 2
742 2
744 3
747 3
763 1
774 1
815 3
827 2
845 3
856 4
866 2
875 4
921 2
924 1
931 1
949 4
952 3
955 4
959 4
1009 4
1012 3
1016 4
1018 3
1028 1
1060 1
1073 4
1074 4
1077 3
1091 3
1107 1
1118 3
1128 2
1129 5
1130 4
1131 3
1132 2
1133 4
1134 2
1135 2
1136 3
