1 4
8 4
15 3
24 4
28 4
48 4
50 4
63 3
69 4
71 3
79 4
82 4
83 4
88 4
89 4
91 3
94 3
95 4
96 4
99 4
101 3
109 3
121 3
128 4
132 4
135 4
139 3
142 3
143 5
150 3
151 3
152 4
161 3
168 4
169 4
172 5
173 4
174 5
175 3
176 4
181 4
183 4
185 4
186 4
189 4
191 3
193 4
197 4
202 4
204 3
206 3
208 4
210 4
211 3
214 3
217 4
222 4
225 3
227 3
228 5
229 3
230 4
231 3
257 4
260 2
264 4
265 4
289 3
298 5
300 4
313 4
338 2
343 4
380 3
383 2
393 4
398 2
399 4
403 4
404 4
405 3
408 4
411 3
417 3
418 3
419 5
423 5
429 3
431 3
432 3
449 2
450 1
451 4
472 3
473 3
482 4
483 5
496 4
501 4
507 4
511 5
527 4
538 2
542 2
546 2
554 3
559 3
568 3
576 2
584 3
588 5
596 3
597 3
625 3
655 4
678 3
684 3
739 2
746 3
751 4
755 3
762 3
820 1
946 3
993 3
1030 2
1035 3
1065 4
1133 3
1145 3
1146 3
