1 4
2 3
5 4
7 1
9 5
12 5
15 5
23 4
25 5
28 4
38 3
45 5
48 4
50 2
51 4
54 3
56 5
58 4
64 5
68 3
69 4
70 4
77 4
79 4
81 3
82 3
87 4
89 3
96 5
97 4
98 5
100 5
106 4
117 4
118 3
121 3
124 4
127 5
129 4
134 5
135 4
147 5
161 5
170 3
172 1
174 5
176 2
177 4
180 4
181 1
182 5
187 4
188 4
191 5
194 4
195 5
196 4
197 5
198 5
203 3
204 4
210 4
212 5
215 4
220 3
222 1
226 4
228 1
229 1
230 1
233 4
234 4
237 3
241 4
265 4
271 1
318 5
356 4
357 4
380 1
382 4
402 4
403 3
405 3
423 5
427 5
435 5
443 3
461 3
466 4
471 4
476 4
479 4
480 5
484 4
493 5
504 4
509 4
515 4
518 4
520 5
521 4
525 4
526 4
527 4
528 4
530 4
550 4
553 5
566 4
568 4
581 4
582 4
591 5
603 4
628 4
642 4
644 4
647 1
649 4
654 4
655 5
664 3
679 2
684 4
685 4
699 3
708 4
770 4
792 3
844 4
866 4
972 4
1051 4
1110 3
1147 5
1148 4
