1 4
3 2
7 3
8 4
9 4
11 4
13 2
14 4
15 3
21 1
22 3
25 2
28 3
50 5
56 3
64 5
69 4
70 4
71 4
73 4
79 3
81 3
87 3
97 4
99 4
100 5
103 2
109 1
111 4
112 1
118 3
121 4
125 3
127 2
133 4
134 4
135 3
140 3
147 3
151 2
168 5
169 4
170 4
174 5
175 4
178 4
181 4
183 3
185 3
191 4
194 4
197 4
199 4
202 4
208 3
211 4
212 4
216 4
218 3
220 2
222 3
225 3
228 3
230 2
231 2
235 1
237 3
238 3
240 1
241 3
265 4
274 3
275 2
276 4
281 3
283 2
284 4
286 4
288 3
289 1
294 4
304 3
310 4
318 4
326 2
338 1
343 1
357 4
367 4
405 3
409 1
411 3
412 1
413 1
414 4
418 4
424 1
430 5
432 4
435 5
455 4
456 1
458 1
462 4
472 3
473 2
474 3
475 1
476 3
477 3
479 4
480 4
481 5
482 4
483 5
484 4
495 3
496 4
504 4
508 2
511 3
513 4
514 4
518 4
519 4
520 3
523 5
527 3
529 4
539 3
546 3
582 4
588 5
596 3
597 3
603 5
640 3
657 4
660 5
661 4
671 1
678 1
705 3
717 1
740 2
756 1
770 4
820 3
822 2
826 3
834 1
866 3
895 1
919 3
946 2
1001 1
1028 2
1033 1
1059 1
1063 3
1078 3
1101 4
1126 4
1128 1
1134 2
1162 1
1163 2
1164 2
