1 4
2 4
4 2
15 4
22 5
25 2
28 4
31 5
35 1
38 5
43 4
50 3
56 1
63 4
64 5
66 4
69 4
70 4
71 3
77 4
78 2
79 5
82 5
88 5
94 4
95 4
97 4
105 2
106 4
110 4
111 3
117 5
118 3
121 4
122 1
125 5
127 4
139 3
151 3
161 4
174 5
181 4
186 4
191 4
196 5
204 5
210 5
215 4
216 4
225 3
233 4
234 4
235 1
240 1
243 3
245 2
248 3
249 2
252 4
254 2
255 5
259 2
265 5
274 4
281 5
294 3
298 4
300 3
301 2
319 1
322 3
323 4
338 4
356 4
364 1
371 3
385 4
391 2
393 5
405 5
406 2
407 1
409 4
411 2
412 1
413 1
423 4
452 3
465 4
468 4
471 3
476 3
477 2
479 5
508 2
527 4
543 2
546 4
566 4
568 4
575 4
576 4
580 4
584 4
591 4
597 2
609 4
623 4
631 2
640 2
660 4
663 5
684 4
685 4
692 4
704 3
717 4
720 4
722 4
728 4
732 4
739 5
748 2
751 3
755 5
756 4
768 4
781 4
783 4
795 3
820 2
828 3
832 3
845 3
846 3
862 4
864 4
866 3
871 2
892 2
929 3
932 4
944 3
977 3
993 2
1016 4
1028 4
1035 4
1041 4
1043 3
1047 2
1049 3
1060 3
1101 2
1165 2
