6 4
8 5
9 4
10 5
11 4
12 5
14 5
17 4
18 3
19 3
20 4
22 4
23 5
25 5
26 4
30 5
31 4
33 4
42 4
45 3
52 5
56 5
57 5
59 5
60 4
64 4
65 4
69 1
70 5
79 4
83 5
86 5
89 5
96 4
97 5
98 5
100 5
117 3
126 2
127 4
131 5
132 5
133 5
134 5
135 5
136 5
137 5
141 5
143 5
148 2
149 3
150 3
151 2
153 5
154 5
155 5
156 4
162 5
166 4
170 5
171 2
174 5
175 3
177 5
178 5
179 5
180 4
182 3
185 5
187 4
190 5
191 5
192 4
193 4
194 5
196 4
197 5
198 5
199 5
202 3
203 5
208 3
209 5
211 5
212 4
213 5
215 2
216 5
218 5
220 4
221 4
223 4
234 4
237 4
241 5
242 4
245 3
258 3
259 2
268 4
269 5
270 4
272 5
273 3
275 5
276 4
285 5
286 5
287 4
289 3
300 3
301 4
302 5
303 4
306 4
307 5
310 3
311 4
312 4
313 5
316 5
317 4
318 5
322 4
323 3
328 3
340 4
347 4
354 3
356 4
357 5
367 4
382 5
385 4
387 5
402 5
421 4
423 5
425 4
427 5
430 3
433 3
435 5
443 4
447 5
454 2
462 5
464 5
471 4
474 5
475 3
478 5
479 5
480 5
481 5
482 5
483 5
485 5
486 5
488 5
489 5
490 5
491 4
493 5
494 5
496 4
497 5
498 5
499 5
500 4
501 5
505 5
506 5
507 5
509 5
511 5
512 4
514 3
515 5
516 5
517 3
518 2
519 5
521 4
523 4
526 5
527 5
528 5
529 5
530 3
531 4
543 3
547 3
553 2
568 5
602 5
603 5
604 5
606 5
607 5
609 5
610 5
611 5
613 4
614 4
617 4
618 5
631 5
632 5
639 5
644 5
647 5
648 4
650 5
651 5
652 4
654 5
656 5
657 5
659 4
660 4
661 5
662 5
676 2
684 3
690 4
692 4
693 3
699 4
703 3
705 5
707 5
708 5
709 5
713 4
721 3
730 5
732 5
739 5
750 4
753 4
762 3
811 4
813 4
821 3
836 5
837 5
847 5
855 5
863 4
875 1
879 3
889 3
896 3
900 4
903 4
904 3
905 4
906 2
923 5
942 4
945 5
954 4
958 4
962 2
964 5
965 5
966 5
971 4
972 4
990 3
995 4
1005 2
1020 5
1039 5
1045 2
1048 4
1086 4
1097 4
1101 4
1109 3
1125 4
1134 3
1136 3
1137 2
1192 5
1193 4
1194 4
1195 5
1196 4
1197 4
1198 5
1199 5
1200 4
1201 5
1202 5
1203 5
1204 4
1205 3
1206 2
