22 5
28 4
31 5
50 5
56 1
64 4
69 5
79 5
82 5
97 5
98 5
99 2
127 5
131 2
132 3
134 4
135 4
136 4
143 4
161 3
172 4
174 5
176 5
181 5
182 4
183 5
187 5
192 4
193 3
195 5
204 4
205 5
210 5
211 2
230 4
234 5
264 4
265 5
289 4
294 3
300 4
313 4
318 5
322 4
323 2
326 3
327 4
328 4
331 5
333 5
338 4
343 4
351 4
357 5
389 2
418 2
423 5
427 4
429 4
435 4
474 3
479 4
480 4
482 3
483 4
484 4
495 4
498 3
501 2
504 3
507 4
510 3
511 5
515 5
520 4
526 4
527 4
529 4
568 2
601 4
603 5
612 4
614 4
616 4
618 3
651 5
657 4
662 4
682 2
683 3
689 5
735 4
748 2
750 5
988 2
1050 3
1126 1
1192 4
