1 4
2 3
4 4
5 4
7 4
8 5
9 4
11 4
12 5
13 4
15 3
22 3
24 3
25 3
28 3
29 3
31 4
32 3
38 3
39 3
40 3
42 4
43 3
44 3
46 4
47 4
48 4
49 3
50 5
51 4
53 3
54 3
55 3
56 5
58 4
62 3
63 3
64 4
65 4
66 3
67 3
68 3
69 5
71 5
72 3
73 3
77 3
78 3
79 4
80 2
81 3
82 2
85 3
87 3
88 3
89 5
91 3
92 4
93 4
94 3
95 3
96 4
98 5
100 5
101 2
102 2
106 3
108 2
109 3
111 3
115 3
116 3
117 4
118 2
120 2
121 5
122 3
123 2
124 4
125 4
129 4
132 3
134 4
135 4
143 3
144 4
145 2
147 2
148 2
149 3
153 4
154 4
155 2
156 4
157 4
159 4
160 4
161 2
164 4
167 3
168 4
169 5
171 4
172 4
173 3
174 5
175 4
176 5
179 5
180 5
181 4
182 4
183 4
184 3
186 4
189 4
190 4
191 4
193 4
195 5
196 4
198 5
199 3
200 3
201 3
202 3
203 4
204 4
208 4
209 5
210 4
212 4
214 4
215 4
216 3
217 3
218 4
219 4
220 1
222 4
223 5
225 3
226 3
227 1
228 4
229 3
230 3
231 3
233 3
234 4
235 3
237 4
238 5
239 4
240 2
241 3
243 1
245 4
246 4
248 4
249 3
250 4
252 4
257 2
258 4
260 1
265 4
268 4
271 2
273 4
274 4
276 5
278 3
281 3
282 4
284 2
288 3
289 3
291 4
294 3
295 2
304 4
307 4
313 5
318 2
322 3
328 3
356 3
363 3
364 3
367 3
368 1
369 3
370 1
376 3
382 4
383 1
385 4
386 3
393 3
396 3
401 3
402 3
403 4
405 2
406 2
408 4
409 3
410 3
411 4
412 2
418 3
421 4
423 3
425 4
428 4
431 4
432 3
433 5
436 4
449 3
450 2
451 3
452 2
453 1
455 2
456 2
463 4
466 4
471 4
474 4
475 5
476 2
500 4
501 2
504 3
508 5
515 4
518 5
521 4
527 3
528 4
531 4
540 2
546 2
551 2
552 3
554 2
558 3
559 3
561 3
566 4
568 3
575 2
576 2
577 3
581 4
582 5
583 3
587 3
591 4
595 3
596 2
597 2
619 4
620 3
627 3
628 4
631 4
636 3
640 5
642 3
651 4
655 4
658 3
660 4
663 4
665 3
672 3
673 4
674 4
678 2
679 4
684 3
685 3
692 4
702 3
704 3
707 4
708 4
709 2
712 3
715 4
717 3
720 3
722 3
725 3
727 4
728 3
729 4
731 4
732 3
735 3
737 4
739 2
742 3
743 2
747 4
748 3
755 3
756 3
758 1
761 2
763 3
771 1
778 4
780 3
781 3
783 3
785 3
789 5
790 3
794 3
800 3
802 2
820 1
823 4
825 4
826 2
831 2
834 1
841 3
845 3
846 3
855 5
922 1
925 3
926 3
928 3
930 2
931 1
934 2
947 4
949 3
955 4
961 4
963 5
974 2
977 2
980 3
984 2
986 2
993 4
998 2
1011 3
1012 4
1014 3
1016 2
1018 4
1023 2
1028 2
1033 2
1037 2
1040 3
1041 3
1042 3
1046 3
1047 1
1049 1
1052 2
1073 5
1074 3
1079 3
1090 3
1095 2
1142 4
1157 2
1194 4
1207 3
1208 4
1209 1
1210 1
1211 3
1212 3
1213 2
1214 2
1215 2
1216 4
