1 4
4 4
7 4
8 5
9 5
11 5
12 4
17 2
22 4
23 5
24 4
25 3
28 4
29 2
31 4
32 5
33 3
34 1
38 2
39 3
41 3
42 4
45 5
47 5
49 4
50 5
51 3
52 5
53 4
54 4
55 4
56 5
58 5
61 5
62 3
63 3
64 5
66 2
67 3
68 4
69 3
70 4
71 4
72 3
76 4
77 3
79 4
80 2
81 4
82 4
83 4
86 5
88 3
89 3
90 3
91 5
92 4
93 4
94 2
96 3
97 4
98 4
99 3
100 5
101 2
102 3
109 4
111 4
118 3
121 2
125 1
127 5
132 4
133 4
134 5
135 4
142 3
143 4
144 3
151 5
153 5
154 5
155 2
156 5
157 5
159 3
160 4
161 3
164 3
168 5
170 5
172 4
173 4
174 4
175 4
176 4
177 5
179 5
180 5
181 4
182 5
183 5
184 2
185 5
186 4
187 4
188 4
190 5
191 5
192 4
193 5
194 4
195 3
196 4
200 4
201 4
202 2
203 5
204 4
206 4
208 4
209 5
210 4
211 5
214 5
215 4
216 3
217 4
218 3
219 4
222 3
223 5
225 3
226 2
227 3
228 4
229 3
230 2
232 3
233 3
234 5
235 4
238 5
241 4
245 1
246 4
248 4
250 4
257 4
258 5
260 2
265 4
268 4
273 4
274 4
281 3
282 3
286 4
288 3
293 4
302 4
313 4
317 5
318 5
328 3
334 3
338 4
343 4
346 4
347 5
355 2
356 4
357 5
365 3
366 3
367 4
368 2
369 1
372 4
380 3
381 4
385 2
386 4
390 5
391 3
392 3
393 3
399 4
401 4
402 4
403 3
404 4
405 3
410 4
411 3
412 2
417 3
418 3
419 3
420 4
421 4
423 4
425 5
428 5
431 4
432 4
433 4
435 4
436 5
443 4
447 4
448 5
451 4
455 3
458 4
464 5
465 5
467 4
469 4
470 4
471 4
472 3
474 5
475 5
477 2
483 5
484 5
496 3
501 4
504 5
506 5
508 5
509 5
510 5
518 5
525 5
527 5
528 5
537 4
541 3
544 3
546 3
549 5
550 1
553 3
556 3
559 4
561 3
562 3
566 2
568 3
569 1
572 3
576 2
581 4
583 3
584 4
585 3
586 1
587 4
588 4
589 5
597 2
603 4
616 4
622 3
624 2
625 4
627 3
629 4
631 5
636 4
637 3
642 4
644 5
646 5
647 5
650 5
651 5
652 4
654 5
655 4
657 5
658 3
665 3
670 3
673 3
674 3
679 4
684 4
685 4
686 4
690 4
692 4
693 4
696 4
700 2
703 3
710 3
715 4
716 3
720 1
721 2
722 2
723 3
727 5
728 2
731 3
732 3
735 5
736 5
737 4
738 2
739 2
741 4
742 3
744 4
746 4
750 4
763 3
765 3
768 3
780 3
783 2
786 3
789 4
792 4
797 2
800 3
806 4
808 2
809 2
810 3
813 5
820 1
823 3
824 4
829 2
860 2
864 2
921 5
923 5
928 3
930 2
932 2
939 4
942 4
943 3
944 1
946 3
949 5
951 3
959 5
961 4
969 4
993 4
997 4
1004 3
1007 4
1009 4
1010 4
1011 4
1012 4
1014 4
1028 2
1032 2
1044 4
1045 4
1046 2
1048 4
1058 4
1065 4
1073 5
1074 2
1089 2
1091 3
1101 3
1110 4
1118 4
1119 4
1135 4
1140 2
1147 4
1153 4
1188 3
1199 3
1206 3
1209 2
1210 3
1211 5
1217 3
1218 4
1219 4
1220 3
1221 3
1222 3
1223 4
1224 3
1225 3
1226 4
