1 5
2 2
3 1
7 5
8 5
14 5
15 4
22 4
24 3
25 3
26 3
28 4
31 4
32 1
33 3
43 2
48 4
49 3
50 5
51 4
52 4
58 3
62 4
63 3
64 5
65 4
67 2
68 4
69 5
70 4
71 5
72 2
73 4
77 4
78 3
79 4
82 3
83 5
88 4
89 3
90 2
91 5
94 5
95 3
96 4
97 4
98 4
99 4
101 1
102 4
110 2
111 4
117 4
121 4
127 4
128 3
132 3
133 3
135 3
137 3
139 4
140 3
141 4
142 4
143 4
144 5
151 4
153 5
161 3
168 4
170 5
172 4
173 5
174 5
175 5
176 3
177 3
178 5
179 3
180 3
181 4
182 2
183 5
185 3
186 5
188 3
190 4
191 5
193 3
194 5
195 5
196 4
197 4
198 5
199 5
200 2
202 4
203 3
204 5
205 3
207 5
208 4
209 4
210 5
211 3
215 4
216 5
219 4
226 4
227 2
228 4
229 3
232 4
233 4
234 2
237 2
238 5
239 3
241 3
250 4
257 5
265 3
274 4
275 3
282 4
286 5
289 2
290 3
294 2
328 5
356 4
357 4
366 4
371 2
378 4
381 4
385 4
386 2
389 4
391 2
392 3
393 5
395 3
398 1
399 4
402 3
403 1
404 5
405 3
415 3
416 4
417 3
419 4
420 4
422 2
423 5
431 3
432 3
433 4
436 5
443 3
445 4
447 2
448 3
449 3
450 2
451 3
462 4
463 5
465 3
471 5
472 5
473 4
474 4
483 3
485 5
491 4
495 4
496 4
498 3
505 3
506 3
507 4
509 4
510 4
511 4
514 2
515 5
518 4
520 4
523 4
527 4
532 4
539 4
542 2
546 2
550 4
552 1
554 3
560 1
566 2
568 4
573 1
586 2
588 3
591 5
596 2
597 3
622 4
623 3
625 4
627 4
631 4
636 1
640 3
648 3
649 4
650 4
651 5
655 4
657 5
660 5
665 2
671 3
674 2
675 2
679 2
683 4
692 4
699 2
705 5
707 3
708 2
712 2
715 1
716 3
720 2
728 3
736 4
737 3
739 3
742 4
747 5
768 1
779 3
781 2
787 2
791 3
815 3
843 4
855 3
862 1
878 1
892 3
946 3
960 2
968 5
971 3
976 2
1018 3
1047 3
1090 1
1091 3
1101 2
1116 4
1126 4
1133 3
1188 2
1206 4
1217 3
1219 1
1221 4
1222 2
1227 2
1228 3
1229 2
1230 1
1231 1
