1 4
3 3
4 5
7 4
11 5
12 5
22 5
25 3
28 3
50 5
56 5
64 5
66 3
69 4
79 4
92 4
98 5
100 5
105 2
107 3
111 1
116 2
117 5
118 2
120 2
121 3
123 3
124 2
125 4
147 5
168 5
172 5
173 4
174 5
181 5
182 4
196 4
201 3
203 4
204 4
210 5
232 4
237 5
238 4
240 4
245 3
246 3
255 3
258 5
265 3
268 3
273 5
274 1
275 1
276 2
282 3
288 4
290 4
294 4
300 4
310 3
312 2
313 5
315 4
322 3
326 3
328 4
329 4
331 3
332 3
338 4
342 1
345 3
346 4
348 4
354 2
358 2
363 4
367 4
369 4
402 4
403 4
405 4
406 3
409 2
410 5
413 3
421 3
433 4
456 3
471 4
472 3
473 4
475 5
508 4
544 4
546 4
591 4
595 4
597 4
619 4
628 4
651 5
676 4
678 2
682 2
685 3
694 1
741 3
742 5
748 4
751 4
762 2
763 5
780 5
789 4
815 2
827 3
829 4
845 3
871 2
873 1
895 3
926 3
931 2
963 3
975 3
978 3
1016 5
1047 4
1048 4
1052 1
1067 4
1079 3
1119 4
1132 4
