1 3
2 2
4 2
5 3
7 2
11 3
13 3
29 1
38 2
47 2
49 2
50 4
53 2
55 3
56 3
62 3
66 3
67 1
68 2
70 3
72 3
73 3
79 2
82 2
83 3
88 3
89 4
91 3
94 2
95 4
96 3
98 4
99 2
101 4
102 3
117 3
118 3
121 3
127 2
144 3
153 2
154 3
161 2
163 2
164 3
167 2
168 3
172 3
173 3
174 4
175 4
176 3
181 2
182 3
183 4
184 2
185 3
186 4
187 3
188 2
194 3
195 4
200 3
201 2
202 4
204 4
208 4
210 3
211 3
217 2
218 3
219 2
222 3
226 2
227 4
228 4
229 3
230 2
231 2
233 3
234 3
235 3
239 3
241 3
245 3
248 3
258 4
260 2
264 2
265 3
269 2
271 2
272 3
273 3
286 3
288 2
294 2
298 3
300 3
301 3
302 3
307 4
313 3
316 3
319 4
322 3
326 3
327 2
328 2
332 3
334 2
338 2
350 3
358 3
363 2
373 2
384 2
385 3
386 2
391 2
393 3
396 2
399 2
403 3
405 2
409 2
411 2
418 3
431 3
432 3
435 3
436 2
443 3
444 1
445 2
447 4
448 3
449 4
450 1
476 3
501 2
502 3
510 4
511 3
515 1
522 3
524 3
530 3
541 2
546 3
548 2
550 2
554 2
559 3
565 2
566 2
568 2
576 2
577 3
578 2
588 4
596 2
597 3
612 4
625 3
629 3
635 2
636 3
650 3
652 2
655 3
663 3
665 1
667 3
671 3
672 1
675 3
684 2
685 3
686 3
689 3
720 2
732 3
734 2
746 2
748 3
751 3
760 1
768 2
771 2
778 3
785 2
792 3
797 2
809 3
810 2
823 3
827 2
831 2
840 2
841 2
856 2
866 2
879 3
892 2
930 2
947 3
986 1
993 2
1025 2
1030 1
1052 2
1076 2
1228 1
1239 2
1240 2
