3 3
7 3
9 2
10 2
13 3
15 5
25 3
50 5
100 4
111 1
117 2
121 2
122 3
124 2
126 4
127 3
130 1
147 3
150 5
181 5
222 3
235 2
237 3
245 2
246 3
248 2
249 3
250 3
255 1
257 4
258 3
268 3
269 5
270 4
271 1
272 4
273 3
276 4
282 3
283 4
285 4
286 1
287 2
288 2
289 4
290 4
293 3
294 3
299 3
300 3
301 2
302 5
307 2
310 2
311 1
312 3
313 4
316 4
324 1
325 1
327 2
328 3
330 1
331 3
332 2
333 2
340 3
342 3
345 4
346 3
347 2
354 3
405 3
407 2
411 1
412 3
456 3
471 3
475 4
508 2
534 2
544 3
546 1
591 4
628 4
678 2
713 3
744 1
748 2
750 5
751 4
756 2
823 1
825 1
827 2
840 1
845 3
847 2
871 2
895 2
926 1
984 1
1010 1
1011 3
1012 4
1016 1
1017 1
1028 2
1115 4
1226 3
1241 1
