7 2
11 5
20 3
47 3
50 3
56 5
65 2
116 3
124 3
127 5
137 2
145 2
180 5
181 4
185 3
187 5
191 4
193 4
195 4
199 4
203 5
221 4
246 5
248 3
249 2
250 4
252 2
253 3
255 3
257 3
258 4
259 4
260 2
262 3
264 3
268 5
269 3
270 3
271 4
272 3
275 2
285 4
286 3
288 3
289 4
292 4
294 2
295 3
297 3
298 3
299 3
300 3
301 3
302 3
303 3
304 2
306 3
307 3
310 4
311 3
313 5
315 3
322 2
323 3
324 2
325 3
326 2
328 3
331 3
332 3
333 2
340 3
343 2
344 5
346 4
347 2
349 2
350 3
355 2
358 2
390 4
421 3
479 4
484 4
511 4
515 4
519 5
531 2
532 2
539 2
582 3
596 5
603 3
604 3
607 2
640 3
650 2
655 4
661 4
678 3
690 3
730 4
748 2
750 4
751 3
758 1
760 3
806 4
840 1
872 3
879 2
880 3
887 3
888 2
895 2
896 2
900 4
902 2
903 2
905 2
914 2
916 2
942 3
993 2
1013 3
1016 2
1020 3
1039 4
1082 3
1089 2
1134 4
1142 4
1214 3
1216 3
1220 2
1226 2
1244 2
1253 2
1254 2
1255 2
1256 1
1257 1
1258 2
