7 5
9 4
11 5
12 3
22 4
23 3
24 4
25 5
28 5
31 5
40 4
50 5
52 3
54 4
56 4
64 4
70 3
82 2
83 4
86 4
87 5
89 4
93 4
96 5
100 5
105 2
109 5
111 5
117 5
121 4
124 4
125 5
132 5
137 5
144 4
147 4
154 5
168 5
172 4
174 4
181 4
182 4
188 4
193 4
194 5
196 5
199 5
204 4
209 4
210 5
213 5
222 5
226 3
235 5
237 5
245 4
250 2
252 3
254 2
255 3
257 4
258 2
259 4
268 5
269 3
271 4
272 5
274 4
275 5
276 2
277 4
282 5
286 5
287 4
288 4
294 1
298 4
299 4
300 5
301 4
310 5
313 5
315 5
316 4
322 4
323 4
328 4
329 3
332 4
338 1
340 4
348 3
349 3
354 5
382 5
385 5
392 4
405 4
407 3
410 1
412 4
449 5
451 5
455 4
458 5
459 4
471 4
472 4
473 3
475 4
486 4
492 5
506 5
511 5
526 2
537 5
544 2
546 4
550 4
562 4
568 4
591 4
595 3
597 4
616 2
628 4
655 5
658 5
684 4
685 4
689 4
697 5
710 4
716 5
717 3
718 5
727 5
741 4
742 5
751 3
755 1
762 4
813 4
823 3
825 3
826 4
827 3
829 5
831 2
845 4
866 3
879 5
916 1
917 4
924 4
930 3
931 1
977 3
982 4
986 3
995 4
1016 5
1034 3
1052 4
1086 4
1101 5
1137 5
1153 5
1160 5
1166 5
1170 3
1197 4
1202 4
1244 3
1259 3
1260 5
1261 4
1262 3
1263 3
1264 3
1265 3
