1 4
8 4
21 3
22 5
25 1
28 4
41 2
49 3
50 5
56 1
63 3
64 5
66 5
67 5
69 4
70 3
72 4
73 5
79 5
80 4
82 5
83 4
85 3
87 5
88 5
90 5
94 5
95 5
97 3
98 5
105 3
109 3
111 3
116 4
117 3
120 1
122 1
134 5
136 5
143 5
144 5
150 1
152 1
153 2
158 4
163 5
168 5
172 5
173 5
174 5
175 2
176 5
181 5
186 3
190 5
191 5
194 5
195 5
198 3
201 3
202 5
204 5
205 5
208 3
209 4
210 5
211 3
216 3
222 5
235 2
236 1
238 3
239 5
243 2
258 5
269 1
270 4
275 5
283 5
289 5
290 4
294 4
300 5
318 5
323 3
340 1
346 1
357 3
364 3
367 4
369 3
372 1
376 3
382 1
383 2
384 3
386 3
388 2
393 4
395 3
399 3
401 4
407 2
411 3
412 3
427 4
430 4
434 4
435 4
451 4
455 5
474 3
475 1
478 4
479 4
482 1
483 4
485 5
493 4
496 5
498 5
508 1
511 5
513 4
520 5
568 5
571 3
577 2
585 4
615 3
648 4
657 3
659 4
663 3
687 3
692 3
705 5
709 3
710 5
722 3
728 3
732 4
734 3
746 3
748 3
751 5
756 4
763 3
780 2
781 3
785 3
790 4
796 3
801 3
813 1
864 3
914 1
926 3
940 2
945 5
949 3
996 3
997 2
999 4
1000 3
1036 2
1037 2
1052 2
1060 4
1074 3
1093 1
1115 3
1170 1
1180 3
1183 2
1185 3
1204 3
1246 2
1249 3
1270 3
1271 2
1272 1
