1 4
14 5
15 4
25 3
26 4
28 5
48 4
50 4
54 2
56 3
58 3
64 5
65 4
66 3
69 4
70 3
71 4
73 3
77 3
79 4
82 5
83 5
86 5
88 4
97 3
98 4
99 4
111 3
117 5
118 5
121 4
131 5
132 3
133 5
136 5
140 4
143 5
151 3
159 4
161 5
168 4
172 3
173 5
174 3
179 3
180 5
181 4
182 4
186 5
190 4
191 4
193 3
196 5
197 4
202 2
204 4
209 4
210 4
213 3
215 3
216 5
218 3
220 1
222 3
223 5
227 2
228 3
229 2
237 4
238 4
245 2
258 2
265 5
268 3
274 4
275 5
276 4
280 1
282 3
283 5
284 3
294 4
300 5
317 4
319 5
322 2
328 2
340 4
367 4
371 1
378 5
380 4
381 3
387 2
392 3
393 4
402 1
404 3
405 4
416 3
417 4
418 4
419 3
422 4
423 4
425 5
427 5
432 2
433 4
451 4
458 4
462 4
465 4
468 1
471 4
478 5
482 4
483 5
485 3
487 5
490 5
494 4
496 5
497 3
499 5
501 3
505 4
506 4
507 4
508 4
531 4
553 3
568 4
588 5
591 4
602 4
603 5
605 3
609 4
614 3
622 4
633 4
651 5
652 3
655 3
660 2
684 4
685 3
686 4
690 3
692 4
702 3
705 3
715 4
723 3
729 2
732 4
736 5
739 4
742 3
747 3
763 4
770 3
785 2
790 4
815 3
838 5
869 3
873 1
924 3
942 5
949 4
955 5
965 3
966 4
1035 3
1039 4
1048 2
1053 3
1063 2
1136 3
1141 4
1192 2
1221 3
