1 5
2 4
3 5
4 2
5 4
7 5
11 5
12 4
17 5
22 5
24 5
27 4
28 4
29 3
31 4
33 5
38 4
39 4
41 3
42 4
44 4
47 3
49 4
50 5
53 3
54 5
55 5
56 5
58 2
62 4
63 4
64 5
65 4
66 5
67 4
68 5
69 5
71 5
77 5
79 5
82 5
84 4
88 2
89 4
90 4
93 5
94 5
95 5
96 5
98 5
99 5
100 3
105 4
109 3
111 5
117 5
118 4
121 5
122 3
123 4
125 5
128 4
132 5
134 5
143 5
144 5
147 4
148 4
150 5
156 3
158 5
159 4
161 4
168 3
172 5
173 3
174 5
176 5
179 4
181 5
183 5
184 4
185 5
188 4
195 5
196 5
200 5
202 5
203 4
204 5
206 3
210 5
215 5
216 4
217 3
218 5
219 5
222 4
226 5
227 3
228 4
229 4
230 3
231 3
233 4
234 5
235 4
236 5
237 5
239 4
240 4
243 2
245 1
246 4
248 3
249 5
250 3
252 5
254 2
255 4
257 4
258 4
261 4
262 3
267 5
268 4
269 4
270 5
271 5
272 5
276 4
281 4
282 5
284 2
286 5
288 5
289 5
290 3
291 4
293 5
294 5
295 3
298 5
299 3
300 5
305 4
307 4
313 5
315 4
316 4
321 5
322 4
326 5
328 4
329 4
330 4
331 3
332 4
333 5
335 3
342 3
343 4
346 4
347 4
350 4
353 1
354 5
355 4
356 4
357 5
358 4
363 3
366 5
367 4
373 4
374 4
379 4
385 5
389 3
392 4
393 5
398 3
403 5
404 5
405 4
407 2
410 5
411 5
412 4
413 3
418 5
419 5
420 5
423 5
426 4
427 5
433 3
436 3
443 5
444 4
449 4
450 2
452 4
453 3
455 4
465 5
469 5
470 2
471 2
472 4
475 3
477 4
496 5
501 5
508 4
527 5
531 5
532 5
534 5
538 5
541 3
542 3
546 4
550 5
552 5
554 4
555 4
564 4
565 3
566 4
567 2
568 5
569 3
572 3
578 5
588 4
589 4
596 4
597 4
619 4
622 3
625 5
627 5
642 4
658 5
665 3
669 4
672 5
678 4
681 3
682 4
684 5
685 3
689 2
692 5
717 3
721 3
729 4
731 3
739 5
742 5
743 2
746 5
748 4
751 5
752 5
756 4
761 3
763 5
765 4
769 3
771 2
772 4
779 4
794 5
798 1
800 4
802 5
806 3
808 5
815 3
816 5
819 3
820 5
824 3
827 4
833 4
864 2
876 4
881 4
888 3
890 4
892 3
894 4
895 5
901 1
928 4
929 4
930 3
931 2
932 3
934 4
939 4
940 3
944 4
946 4
949 3
959 4
974 4
975 5
982 1
993 5
1013 4
1014 3
1016 4
1017 3
1019 4
1028 4
1034 2
1039 4
1046 4
1047 5
1049 3
1058 5
1079 3
1088 2
1089 2
1095 3
1136 4
1142 4
1151 3
1157 3
1207 1
1208 4
1210 2
1215 2
1217 4
1220 5
1228 3
1231 4
1244 4
1245 3
1246 3
1248 3
1267 4
1273 2
1274 2
1275 5
1276 4
1277 4
1278 5
1279 4
1280 4
