1 4
4 4
7 2
8 4
9 5
12 4
14 4
15 4
19 4
20 4
22 5
24 4
31 3
32 4
33 5
48 5
50 5
54 2
55 4
56 4
58 3
59 4
61 3
62 2
64 5
65 4
66 4
68 2
69 5
70 4
72 4
73 3
87 5
89 3
91 2
93 1
96 5
98 4
100 5
105 2
106 3
116 4
117 4
124 4
125 4
126 4
127 4
129 4
135 5
137 4
144 4
147 3
153 5
160 2
165 4
170 4
172 4
173 5
174 5
176 4
180 4
181 4
182 3
183 4
187 4
190 5
191 4
193 4
194 5
195 5
196 4
197 4
198 4
204 2
209 2
212 5
213 4
215 4
216 4
221 3
223 4
234 4
235 1
237 4
242 4
244 3
248 4
251 4
257 4
258 4
262 3
271 2
273 4
274 3
276 3
280 1
281 3
282 4
284 3
285 4
286 4
288 2
293 4
294 4
297 4
298 3
300 3
302 3
303 4
304 4
307 1
313 5
316 5
318 5
319 3
326 4
327 3
328 3
333 3
343 2
357 4
393 4
403 3
405 4
410 3
411 4
423 5
435 4
454 3
455 3
461 4
466 2
470 2
471 4
474 4
475 1
476 2
478 4
480 4
500 4
508 4
514 5
516 2
518 3
521 4
523 5
524 5
527 5
528 4
531 5
533 4
588 4
591 3
597 4
632 4
647 4
651 4
654 4
655 5
685 3
690 3
699 4
707 3
709 4
713 4
727 3
729 4
742 4
747 5
750 4
751 4
760 2
762 3
778 4
785 4
815 1
823 3
831 3
845 4
847 4
855 4
880 5
900 4
942 4
956 4
960 2
961 3
962 4
963 4
1010 3
1012 4
1013 1
1016 3
1028 3
1039 4
1065 4
1101 4
1138 4
1142 5
1147 4
1169 4
1197 4
1226 4
1284 3
1285 3
1286 4
