1 5
4 5
7 4
9 4
10 5
12 5
13 3
14 5
15 4
25 4
26 3
28 4
31 3
33 5
44 4
47 3
49 3
50 5
51 4
52 5
56 4
58 4
64 5
65 4
66 4
69 4
70 4
73 4
79 4
81 5
82 3
83 5
86 5
87 4
88 5
89 5
91 2
93 5
97 5
98 4
100 3
111 4
114 5
118 3
121 5
124 5
125 4
131 5
132 5
133 5
134 4
135 5
136 4
137 5
143 5
147 2
151 5
152 3
153 3
154 4
160 4
162 5
163 4
164 5
168 5
169 5
170 5
171 5
172 5
173 5
174 5
175 5
176 2
178 5
181 5
183 3
185 4
186 4
189 5
190 4
191 3
193 4
194 4
195 3
196 4
197 5
198 4
199 3
200 3
202 5
203 3
204 4
208 4
209 4
210 4
211 5
213 5
215 3
216 4
222 5
223 5
224 5
227 5
228 5
230 3
231 1
234 4
238 5
241 3
258 5
260 1
265 5
274 5
275 5
277 4
286 5
287 4
290 1
300 4
301 4
302 3
317 5
318 5
321 4
322 2
328 3
356 2
357 5
371 4
372 5
378 4
380 5
381 5
382 4
385 3
387 5
393 2
402 3
405 3
408 5
411 4
414 5
417 3
418 3
419 3
420 5
423 4
425 4
427 5
428 5
429 5
430 4
432 5
433 3
435 4
436 3
443 5
448 2
451 5
461 4
462 4
463 5
464 4
466 5
469 1
470 3
473 4
474 5
476 3
478 5
480 5
481 3
482 4
483 5
484 4
485 5
486 5
487 5
488 4
489 5
490 5
491 4
492 3
494 4
496 4
497 5
498 5
499 5
503 3
504 4
505 5
506 4
507 5
509 4
512 5
514 4
516 5
517 2
522 5
523 5
525 4
528 5
529 5
531 3
546 2
549 4
559 2
561 3
566 3
582 5
584 3
602 4
603 5
605 4
606 5
609 4
610 5
611 4
614 4
627 2
628 5
629 4
631 3
632 4
633 5
638 5
642 3
652 5
654 4
655 4
657 5
659 5
660 4
661 4
662 4
663 4
664 5
675 2
684 3
686 3
692 3
699 4
702 3
703 4
705 5
707 4
709 5
716 2
724 4
729 4
732 4
735 5
736 4
741 2
747 3
748 2
755 3
761 3
770 4
775 2
781 3
782 4
792 4
805 4
813 4
826 1
835 5
836 4
837 4
845 4
847 5
919 5
922 4
929 3
939 4
945 5
952 3
953 5
956 4
962 1
965 5
966 4
969 5
971 5
972 4
1006 1
1017 2
1039 4
1041 3
1044 2
1047 2
1050 4
1065 3
1070 4
1074 2
1098 1
1101 4
1109 4
1113 4
1197 5
1203 5
1264 4
1269 5
1286 5
1297 1
1298 4
1299 4
