8 5
15 5
21 3
22 5
25 3
33 5
49 5
51 4
66 5
67 5
69 5
71 5
80 5
88 5
97 5
98 2
111 5
117 4
120 2
121 5
125 5
132 5
133 5
143 5
147 3
151 4
153 4
155 5
157 5
161 5
162 5
167 5
173 5
191 5
204 4
215 5
220 5
234 4
237 5
241 4
255 5
272 5
274 5
275 4
278 4
280 5
283 4
284 5
286 5
294 4
301 3
313 4
319 2
354 3
364 4
367 3
371 4
393 5
401 3
402 5
410 4
411 4
412 2
423 5
451 5
483 5
487 5
504 4
527 4
549 4
559 1
568 5
596 2
632 4
660 5
685 5
692 5
699 5
716 5
720 5
724 5
739 5
740 4
763 5
775 4
778 3
780 5
781 5
783 4
785 5
790 5
794 5
845 3
866 5
871 3
944 4
966 5
1014 2
1028 5
1035 4
1041 5
1053 5
1054 1
1136 5
1300 4
1301 5
