1 4
4 4
7 5
8 5
10 4
11 4
20 4
22 5
24 4
29 3
38 4
39 5
42 3
50 4
53 1
55 4
56 5
62 5
68 3
70 4
72 3
79 4
82 5
83 5
85 4
89 5
92 4
96 4
100 5
107 3
111 4
116 5
117 3
118 5
120 1
121 4
123 3
124 4
125 3
127 5
128 2
129 5
137 5
144 4
148 4
149 3
154 4
161 2
163 4
168 5
172 4
173 5
174 5
175 4
176 4
177 4
181 3
182 5
183 3
184 3
186 3
187 5
188 4
190 5
194 5
195 5
202 5
204 4
208 5
209 5
210 4
216 3
217 5
221 2
222 3
226 3
227 2
228 5
229 3
230 2
231 2
232 3
233 3
235 1
238 5
239 3
241 4
244 4
250 4
252 3
271 4
273 3
275 5
277 4
283 5
284 5
285 5
286 4
290 4
293 4
294 1
298 3
302 4
325 4
367 4
373 2
385 3
399 3
403 4
408 5
410 3
414 4
430 5
431 5
433 3
435 5
449 2
450 3
455 4
471 4
472 3
483 5
502 4
510 3
511 5
514 3
516 5
518 4
525 5
530 4
544 2
546 3
550 3
562 4
566 3
568 4
570 3
576 4
580 4
583 3
593 4
636 4
648 5
651 5
652 4
659 5
665 2
684 3
686 5
694 5
709 5
729 3
731 2
742 4
744 4
745 4
770 5
797 3
798 4
803 3
809 3
810 4
823 2
825 4
866 2
978 3
985 4
1011 4
1016 3
1047 4
1067 4
1098 4
1303 3
