7 5
9 3
15 5
24 5
25 5
67 1
72 3
96 4
103 1
111 4
117 5
118 4
121 3
125 5
126 5
127 5
130 1
195 3
220 5
225 4
237 3
243 4
245 5
249 4
250 3
254 3
255 3
258 4
259 4
260 2
272 5
273 5
274 3
276 5
286 1
288 3
289 2
291 4
293 4
294 4
298 5
299 3
301 2
310 5
319 1
322 5
323 4
326 3
328 3
333 5
358 1
364 1
405 5
411 3
412 3
451 5
456 3
471 4
476 5
546 4
588 2
591 4
595 5
597 5
628 3
678 5
685 4
742 2
748 3
756 4
815 3
829 4
831 2
832 3
845 1
866 5
871 4
872 1
873 2
876 2
877 3
880 1
881 1
918 4
930 4
932 3
948 2
988 3
1002 3
1012 5
1013 4
1014 4
1023 2
1025 2
1028 5
1037 2
1048 3
1049 4
1092 2
1095 5
1132 5
1152 4
1190 5
1221 5
1254 1
1258 1
1278 3
