1 4
3 3
4 4
7 3
9 3
11 4
13 4
15 2
21 1
23 5
24 5
32 5
50 4
55 4
56 5
59 4
61 4
79 4
93 5
100 5
109 2
117 4
118 3
123 4
124 4
126 3
127 5
129 4
135 4
137 4
150 4
151 4
153 3
157 5
160 5
161 3
168 4
169 4
174 5
175 4
182 5
185 5
187 5
192 5
195 4
201 5
202 4
209 4
211 4
213 4
218 4
228 2
230 2
234 5
237 3
240 4
248 5
250 4
273 5
276 5
282 4
285 4
288 5
293 5
302 5
325 3
328 3
405 3
408 4
410 4
412 3
430 5
432 3
447 4
455 4
458 5
460 2
461 5
462 4
463 4
474 4
475 5
483 5
484 5
488 5
497 4
508 5
514 4
531 5
544 4
564 3
589 3
603 4
604 4
628 3
640 3
671 5
693 5
719 3
762 3
763 4
770 4
825 2
832 1
844 3
864 1
922 5
926 2
933 3
952 4
955 4
969 1
1012 5
1016 4
1019 5
1073 4
1134 4
1142 5
1197 4
1223 4
