1 3
9 5
11 5
12 5
13 3
14 5
15 5
21 1
28 5
29 2
31 4
40 4
41 1
49 4
50 4
56 5
63 4
65 5
66 5
67 1
69 5
70 5
80 1
82 1
87 5
88 5
94 2
98 5
99 3
100 5
107 5
111 5
117 5
118 2
122 1
124 5
125 5
126 5
132 2
138 1
139 3
140 4
143 5
147 4
151 3
155 4
158 2
160 5
162 5
167 3
168 1
178 5
196 5
197 5
202 5
204 4
210 4
215 5
216 5
221 4
237 4
238 5
239 4
240 1
244 4
246 5
248 5
255 5
268 5
269 5
272 5
276 5
278 5
280 5
284 4
286 5
288 3
293 5
312 5
315 5
323 1
332 5
333 4
340 5
347 4
364 1
368 1
369 1
371 5
381 5
383 1
384 1
386 1
388 1
393 4
395 1
396 1
401 1
402 5
407 1
412 1
415 3
417 4
423 2
433 5
451 5
456 1
458 4
471 5
476 4
546 3
553 5
571 1
575 1
577 1
582 4
597 3
623 3
648 5
655 5
660 5
662 5
696 4
699 5
708 5
709 4
715 3
716 5
721 2
722 4
723 5
724 5
739 5
742 4
747 5
762 5
763 1
764 4
768 1
780 1
781 4
823 4
843 2
845 5
846 5
862 1
871 1
902 3
905 3
934 4
937 5
949 5
950 3
951 1
953 5
988 1
1001 1
1014 3
1017 2
1028 4
1032 3
1033 1
1035 4
1041 5
1053 5
1074 4
1086 5
1091 3
1139 2
1221 5
1230 1
1254 1
1262 5
1282 5
1311 3
1312 4
1313 4
