1 3
7 4
11 4
12 5
22 4
23 5
42 4
47 3
50 5
55 3
56 5
59 4
60 4
64 4
69 1
79 4
87 4
89 5
92 4
96 3
98 5
100 5
121 2
124 3
127 5
129 3
135 5
144 5
150 4
153 4
154 4
156 5
160 4
161 3
168 4
172 5
173 4
174 4
175 5
176 4
179 5
181 4
182 5
183 4
186 4
187 4
195 4
196 3
197 4
198 4
200 4
203 4
204 3
209 4
210 4
216 4
217 3
221 3
223 4
238 3
243 1
245 3
258 3
260 2
268 3
270 1
271 2
276 5
288 5
289 2
292 3
294 4
299 4
300 2
302 4
307 4
318 4
321 2
322 2
324 4
327 3
333 4
334 3
336 2
338 3
340 4
343 3
358 2
403 5
421 3
433 4
469 4
470 5
475 4
508 4
527 4
568 3
628 2
642 4
651 3
654 4
678 3
689 3
693 4
748 3
806 4
878 1
919 4
948 2
960 3
963 4
1039 3
1067 4
1110 3
1218 4
