1 4
2 4
7 4
8 4
9 2
11 5
12 5
15 5
16 4
22 5
24 3
25 3
28 5
31 4
38 3
39 2
50 5
51 4
55 4
56 4
58 5
62 4
64 5
66 4
69 5
70 4
71 4
73 5
76 3
77 4
79 4
82 5
83 4
87 4
89 4
90 3
92 3
95 5
96 4
97 5
98 5
99 4
100 4
106 2
111 4
117 4
118 4
121 5
123 4
124 4
125 4
127 5
131 4
133 4
134 3
135 2
143 4
144 4
147 4
148 4
153 4
155 4
156 2
157 5
161 5
164 3
168 4
172 4
173 5
174 5
176 4
178 4
179 2
180 3
181 5
183 4
184 5
187 4
193 4
194 4
195 4
196 4
197 2
199 4
200 3
202 5
203 4
204 4
209 4
210 5
214 1
215 5
216 4
218 3
219 4
220 3
222 4
223 4
226 4
228 5
229 4
230 4
232 5
233 4
234 4
235 1
237 4
238 4
241 5
244 1
245 3
246 4
248 4
249 3
250 4
255 4
257 5
258 4
259 1
260 1
265 5
268 4
269 4
271 4
273 3
274 4
275 5
276 3
280 4
281 3
282 3
283 5
284 4
286 3
288 5
293 4
294 2
295 3
298 2
300 5
302 4
304 4
313 5
316 4
317 4
318 5
319 1
322 3
323 3
326 4
328 3
331 4
332 3
333 3
339 3
340 1
342 4
354 4
358 1
363 3
367 4
385 4
405 3
410 4
423 4
427 5
431 4
433 4
435 4
454 4
455 3
458 3
460 2
465 3
469 3
471 4
472 4
476 3
478 5
480 3
483 4
484 4
491 4
495 4
500 4
506 3
508 3
510 4
511 5
520 5
531 4
535 3
540 3
546 3
549 4
566 4
568 4
578 4
588 4
591 5
596 3
597 4
607 3
619 3
625 3
628 4
651 4
654 3
655 4
658 5
678 3
679 4
682 3
684 5
685 4
696 4
720 3
724 4
729 4
731 4
735 5
739 4
742 3
744 3
746 3
748 4
751 4
756 3
762 3
763 4
764 3
781 4
783 4
790 3
792 5
809 4
819 2
823 2
845 4
846 3
849 3
864 2
866 4
873 3
876 2
877 2
881 2
895 3
926 4
978 2
984 2
993 5
1004 4
1011 3
1012 4
1016 4
1028 3
1033 2
1035 4
1038 2
1047 2
1048 2
1051 3
1101 4
1119 4
1157 3
1169 4
1197 4
1258 4
1283 3
1300 3
1314 3
1315 4
