12 1
31 4
38 5
44 5
53 1
55 4
56 3
71 5
77 5
79 5
95 3
98 5
100 4
106 2
117 5
118 2
121 2
147 4
148 4
159 5
177 4
203 5
225 4
226 5
237 2
243 2
250 1
257 4
258 1
263 3
269 1
281 4
288 1
291 4
294 3
295 2
298 3
299 3
300 5
302 3
303 3
306 4
322 5
327 3
330 4
331 3
332 4
333 3
338 3
356 5
385 4
405 3
406 1
470 5
477 4
540 4
546 4
550 4
554 1
566 5
568 4
588 4
591 4
595 3
596 4
684 4
689 4
717 3
742 3
754 2
770 2
820 2
829 4
880 3
887 4
925 5
934 3
939 5
977 3
983 3
988 4
1016 5
1033 3
1042 5
1046 3
1083 1
1213 3
1253 4
1277 4
1336 3
1385 2
1399 2
