1 5
4 5
7 3
8 5
9 3
10 5
13 4
14 5
15 2
16 3
20 5
21 2
24 4
28 4
30 4
31 3
44 4
45 3
50 5
56 5
59 3
60 3
61 3
79 3
83 4
89 5
91 3
96 5
97 4
99 5
100 4
105 2
118 1
120 1
121 2
124 5
127 4
129 3
131 4
132 5
133 5
134 5
135 4
136 4
137 4
143 5
150 4
151 5
157 4
162 3
165 5
166 4
170 4
172 5
173 5
174 5
175 5
176 4
178 5
179 5
180 5
181 3
185 5
186 2
191 5
194 5
196 5
197 5
198 4
199 5
203 3
204 5
207 5
209 1
214 1
216 5
225 4
234 5
238 5
241 3
246 4
248 4
253 4
255 2
268 4
274 4
275 5
276 3
281 2
283 5
294 5
297 3
313 2
317 4
318 5
378 4
381 3
405 2
418 3
423 5
433 5
459 4
462 5
473 5
474 5
479 5
480 5
483 5
484 5
485 4
486 5
487 5
489 5
492 3
496 5
498 5
499 4
500 5
501 4
503 3
505 5
510 5
511 4
512 4
513 4
516 1
517 4
520 5
523 4
525 5
526 4
527 5
531 3
532 4
568 4
582 5
588 4
596 3
603 5
607 4
618 2
630 4
632 5
634 3
638 5
639 4
647 4
652 5
654 3
656 4
657 5
659 4
661 4
663 3
694 4
705 4
732 2
742 3
751 4
792 5
815 3
820 1
847 4
855 3
863 4
914 2
934 2
952 5
990 3
1005 4
1020 4
1021 5
1056 3
1060 5
1065 5
1098 4
1099 5
1115 4
1117 5
1154 3
1315 3
1372 4
1400 3
1401 4
1402 4
1403 4
1404 5
