1 4
4 4
7 3
8 3
9 4
12 5
13 4
15 4
22 5
23 4
25 2
26 3
28 5
29 2
30 3
31 3
44 4
50 3
51 4
52 4
54 3
56 5
58 4
62 2
64 5
66 3
67 1
69 4
70 3
71 4
72 3
73 3
76 2
77 3
78 1
79 3
81 2
82 2
83 3
86 3
87 4
88 3
89 3
90 3
91 3
94 3
95 3
97 3
98 4
99 3
100 4
117 3
118 3
121 2
124 4
125 2
127 5
132 3
133 3
134 2
135 3
136 5
143 3
144 4
152 3
153 3
154 3
155 3
157 4
159 3
160 2
161 4
162 3
165 4
167 2
168 5
172 3
173 5
174 4
175 3
177 3
178 3
179 4
180 3
181 3
182 3
183 3
185 4
186 5
187 4
188 4
191 4
192 5
193 4
194 4
195 3
196 3
197 4
198 3
199 4
202 3
203 3
204 4
205 3
208 3
209 3
210 3
211 4
212 1
213 2
215 3
216 3
218 4
219 2
222 1
223 4
225 3
226 3
227 1
228 1
229 1
230 1
232 2
234 3
235 2
237 3
238 5
239 3
241 2
259 2
265 4
274 2
276 3
281 2
282 3
284 3
286 1
289 1
294 4
317 4
318 5
321 3
356 2
357 4
366 2
367 3
371 3
376 2
380 1
383 1
385 2
387 2
393 2
399 2
402 3
403 2
404 3
405 2
410 3
414 3
417 2
419 2
423 3
425 2
427 4
431 4
432 4
433 3
435 4
443 3
449 1
450 1
451 2
456 1
465 3
466 4
467 5
470 3
471 3
474 4
478 3
479 3
481 3
482 3
483 4
485 3
488 3
491 3
496 4
498 3
501 3
502 4
503 4
504 2
507 4
509 3
510 4
511 4
514 3
515 4
516 3
517 3
518 4
519 4
520 5
521 4
523 5
526 4
527 4
529 4
530 4
540 1
542 3
546 3
549 3
550 3
559 2
562 2
566 4
568 2
570 3
575 1
576 2
580 4
582 1
588 4
604 3
616 3
623 1
624 2
625 3
628 3
629 3
631 2
633 3
636 2
640 1
642 2
647 4
648 4
651 3
654 2
655 5
657 4
659 4
660 3
661 5
663 4
674 2
679 2
692 2
693 4
705 2
708 3
710 3
712 3
715 3
720 2
732 3
735 4
736 2
737 4
739 3
744 3
756 1
762 3
770 4
780 2
783 2
790 1
792 4
808 2
820 1
837 4
864 2
871 2
939 3
941 2
944 2
946 3
951 3
971 3
991 2
997 3
1011 3
1028 2
1041 2
1044 2
1045 2
1058 2
1066 3
1091 3
1093 3
1107 3
1112 3
1183 2
1206 1
1207 1
1211 2
1220 3
1408 1
1409 2
1410 2
1411 1
1412 2
