1 4
4 3
6 2
7 4
11 4
15 3
23 4
24 2
25 2
27 2
31 3
33 3
50 5
51 3
55 3
56 5
58 3
64 4
65 2
69 4
70 3
71 3
73 3
79 3
81 5
82 3
89 5
93 3
95 3
96 4
97 3
98 4
100 1
101 5
108 3
117 1
118 2
121 3
122 1
127 5
128 3
131 3
132 4
135 5
137 4
143 3
148 3
151 4
153 4
154 4
156 3
161 3
164 3
168 4
172 4
173 4
174 5
175 3
176 4
179 4
180 3
181 4
182 4
183 5
184 3
185 3
186 5
187 4
188 5
191 4
193 4
195 3
196 3
197 4
198 4
200 4
201 3
203 3
204 3
208 3
210 4
214 4
215 4
216 4
217 4
218 3
222 3
228 3
229 3
230 3
234 3
237 2
238 4
241 3
248 3
249 2
258 4
265 3
276 3
280 3
291 2
298 1
300 2
318 4
323 2
343 3
356 3
357 5
367 3
369 1
381 3
382 4
385 3
402 3
403 4
405 2
410 1
411 1
423 3
427 4
428 4
429 4
431 3
433 2
434 3
447 4
455 3
462 3
470 3
474 5
475 4
480 4
498 3
501 4
509 4
511 4
518 3
526 4
527 4
531 5
549 3
559 3
568 3
581 3
629 4
631 3
636 3
640 3
651 4
652 3
654 5
655 4
658 3
660 4
673 3
682 3
684 3
690 3
692 2
693 3
707 2
727 4
746 4
748 2
763 3
820 1
823 2
824 2
871 1
923 3
939 3
942 4
959 3
979 5
1014 2
1094 1
1117 3
1142 5
1169 4
1244 2
1245 4
