1 5
2 4
7 4
8 4
9 4
11 5
15 4
22 4
24 2
25 4
28 5
29 4
33 4
38 3
43 3
45 3
48 2
50 5
54 4
56 4
58 4
62 5
63 4
68 5
69 5
71 4
72 4
79 5
82 5
88 4
89 5
91 4
94 4
95 5
96 5
98 5
99 5
103 2
107 3
112 3
117 5
118 4
121 5
123 4
125 5
132 5
135 4
139 3
140 4
141 4
143 5
147 5
148 4
151 3
161 4
169 5
172 5
173 5
174 5
176 5
177 4
179 4
183 5
188 4
191 5
193 4
195 5
196 4
202 5
204 5
205 4
208 5
210 5
215 4
218 5
222 5
225 4
226 4
227 5
228 5
229 5
230 5
231 4
234 4
235 2
239 3
241 4
243 3
245 3
258 4
265 5
276 5
280 4
282 4
286 4
288 5
291 3
294 4
304 5
313 5
318 5
323 3
325 5
357 5
358 5
363 3
365 5
373 4
378 5
380 5
385 5
391 4
392 5
393 4
401 2
402 4
405 3
409 2
410 3
411 3
419 4
420 5
423 5
429 5
431 5
432 5
443 5
447 4
449 5
451 4
455 3
462 4
465 4
470 4
472 4
473 4
478 5
483 5
495 3
496 5
501 4
509 4
515 5
523 4
527 4
528 4
542 3
546 3
549 4
552 4
559 4
560 4
568 5
570 4
576 4
578 5
580 2
582 4
584 4
586 4
588 5
596 4
597 4
609 3
622 3
652 2
660 3
665 4
673 5
674 4
679 4
685 4
692 3
717 4
720 4
739 4
742 4
743 3
748 3
755 5
756 3
758 3
760 4
768 4
771 4
802 4
812 4
820 3
826 4
831 4
840 4
841 3
866 4
890 4
892 4
924 5
929 4
930 3
931 3
934 2
951 5
982 2
984 3
1028 2
1033 2
1034 3
1049 3
1060 3
1073 3
1091 4
1139 3
1217 4
1219 3
1228 4
1411 3
1419 5
