7 5
8 4
11 5
12 5
13 3
20 4
22 3
23 5
24 3
32 4
39 4
42 5
45 4
50 3
55 4
56 5
64 5
69 2
79 4
89 4
92 4
93 4
98 4
100 4
114 4
117 4
121 4
127 4
131 3
132 5
134 4
135 3
137 4
151 5
154 3
156 5
166 4
168 3
169 4
171 4
172 3
173 4
174 4
175 5
179 5
180 5
181 3
182 4
185 5
187 4
188 5
191 4
195 4
196 4
208 5
209 5
213 4
216 4
221 5
223 3
236 5
238 4
246 2
248 4
249 3
250 2
253 5
257 3
268 2
269 3
275 3
276 3
285 5
288 3
294 3
298 3
302 4
307 3
313 4
318 4
319 3
324 5
325 3
327 5
334 3
340 3
346 3
357 5
408 4
427 5
461 4
462 4
475 5
478 4
479 4
482 4
483 4
496 4
508 4
509 4
512 5
516 5
518 3
522 4
527 4
531 4
568 4
582 3
603 4
608 4
650 5
652 4
693 3
705 4
708 4
721 3
752 2
856 4
872 2
896 4
952 3
960 2
1017 4
1039 4
1065 5
1073 5
1129 4
1401 4
