8 2
11 2
15 3
22 3
23 3
28 4
50 5
54 4
56 5
64 4
70 3
77 3
82 3
87 5
88 3
89 4
98 5
99 4
127 4
132 5
134 4
144 4
151 5
157 4
159 3
164 3
168 5
172 4
174 4
176 5
179 4
180 3
181 4
182 3
183 5
185 4
186 4
191 4
194 4
195 5
196 4
197 4
202 4
203 3
204 3
205 3
208 4
210 4
211 4
212 2
215 3
216 4
218 3
222 4
226 4
227 5
228 5
229 3
230 3
234 4
237 4
238 2
239 3
258 3
270 3
271 4
272 3
288 2
300 3
313 5
354 4
357 4
380 3
421 4
423 5
432 5
433 3
434 5
443 4
449 4
450 2
451 3
474 4
480 5
483 4
496 5
517 5
523 4
552 3
636 2
692 3
1039 5
1063 5
