3 4
4 3
7 4
12 5
17 4
23 4
24 5
27 4
29 3
32 4
33 4
38 2
39 4
42 5
48 5
50 4
53 4
55 4
56 5
59 2
64 5
69 4
70 3
76 4
79 4
92 4
94 3
96 5
100 5
108 3
109 2
117 4
118 1
121 2
128 3
129 5
144 4
150 5
151 1
154 3
156 5
161 3
172 5
173 4
174 4
178 4
181 4
184 4
186 4
204 4
210 5
215 4
218 4
222 3
227 3
230 3
231 4
240 4
246 5
250 5
257 4
258 1
259 4
265 3
268 5
272 5
273 5
282 4
286 4
288 3
298 4
318 5
327 4
335 4
346 5
358 3
384 3
385 4
386 3
391 3
399 3
402 2
403 4
405 3
407 2
423 2
461 4
467 4
468 3
469 3
470 3
475 4
476 2
485 2
496 3
508 4
544 4
550 4
566 3
568 4
576 3
578 4
588 3
623 3
633 3
651 4
684 4
685 3
695 4
721 5
732 4
737 4
751 4
762 4
763 4
780 3
789 4
809 3
824 3
847 4
895 2
931 3
940 4
943 4
1010 3
1011 4
1012 4
1016 3
1017 4
1035 3
1059 4
1067 3
1073 4
1090 3
1098 4
1134 4
1185 3
1208 3
1210 3
1217 4
1218 3
1250 2
1267 3
1314 3
1407 3
1437 3
