11 3
15 4
20 1
22 5
26 3
28 4
29 3
43 3
51 4
54 3
69 4
70 2
77 4
86 3
92 1
97 5
107 3
125 3
126 3
135 1
147 3
148 3
149 1
157 4
162 4
178 4
191 4
193 4
196 4
212 1
215 4
221 2
222 4
223 3
237 3
239 4
243 2
245 3
258 3
276 3
277 3
280 4
282 4
284 3
286 3
287 3
294 4
300 4
301 3
313 5
318 5
321 2
322 2
323 3
325 1
326 4
328 4
329 3
332 3
333 3
349 4
356 4
365 3
366 3
378 4
380 4
387 4
392 4
402 5
403 4
423 4
468 4
469 1
470 4
518 1
526 4
528 3
544 1
549 3
553 4
555 3
556 1
569 3
570 4
581 1
582 4
583 1
591 3
620 3
632 2
655 4
658 1
660 4
662 5
676 3
678 3
686 4
687 2
689 3
699 4
704 3
708 2
715 1
720 4
723 2
724 3
727 4
729 3
731 4
736 3
744 1
748 3
751 3
778 1
846 4
873 2
879 3
893 3
924 3
925 3
949 3
962 2
977 2
980 1
991 1
1039 5
1044 3
1045 2
1053 3
1058 3
1085 1
1119 3
1152 3
1163 2
1208 1
1212 2
1221 3
1381 3
1401 1
1441 3
1442 3
