1 3
2 2
4 4
5 3
7 2
8 5
9 3
10 3
11 2
12 1
13 3
14 3
15 3
16 2
20 4
21 3
22 4
23 4
25 3
28 4
30 4
31 4
32 3
40 2
44 3
45 4
47 2
48 2
50 4
52 4
54 2
56 3
64 4
66 3
69 4
70 3
71 3
72 3
73 2
76 2
77 3
79 3
81 3
82 3
85 2
86 2
87 3
88 3
89 3
91 5
93 3
95 3
96 2
97 2
98 4
99 5
100 4
102 2
106 4
111 3
116 2
117 2
119 3
124 4
125 3
127 4
130 1
131 3
132 4
133 3
134 5
135 4
136 4
137 3
140 2
141 3
142 2
143 3
144 3
147 3
148 3
151 3
152 4
153 3
154 3
156 2
157 2
160 2
161 3
162 3
163 3
164 3
165 5
166 5
168 3
170 5
172 3
173 3
174 3
175 2
176 3
177 3
178 5
179 3
180 3
181 3
182 3
183 4
185 3
186 3
187 4
188 2
190 3
191 4
192 3
193 4
194 5
195 2
196 3
197 5
198 3
199 5
200 5
202 3
204 2
205 3
206 4
207 2
208 4
209 4
210 3
211 3
212 2
213 3
215 3
216 3
218 2
219 2
221 2
222 3
223 3
224 4
226 2
228 3
229 4
233 2
234 4
236 3
237 3
238 3
241 2
242 4
243 1
258 2
259 2
265 3
268 2
273 3
274 3
276 3
277 3
279 3
280 3
283 3
284 3
285 4
286 3
287 3
288 3
289 4
290 3
291 3
292 4
294 3
300 3
301 3
304 3
307 2
313 4
316 4
317 2
318 4
319 3
321 2
322 2
328 2
329 2
357 4
358 1
367 4
371 3
378 4
381 3
385 2
389 3
393 2
401 2
403 1
404 4
412 2
414 4
416 4
417 3
418 3
419 4
421 1
423 4
427 4
428 4
429 4
430 4
431 3
432 4
433 2
434 3
435 3
436 3
443 3
445 2
447 3
448 3
451 3
462 4
463 4
464 4
465 2
466 4
470 2
471 3
472 2
473 5
474 4
477 1
478 3
479 5
480 4
481 5
482 4
483 5
484 5
485 3
486 3
487 3
488 4
489 3
490 4
491 4
492 3
493 3
494 4
495 4
496 4
497 4
498 5
499 4
500 3
501 4
502 4
503 2
504 4
505 4
506 4
507 4
510 4
511 5
513 5
515 5
516 3
517 3
519 5
520 4
521 3
523 4
524 3
525 4
526 3
527 3
528 4
530 4
531 3
546 1
549 3
550 2
552 2
557 1
558 4
566 2
571 2
582 4
584 3
588 3
589 3
591 3
596 2
601 3
602 4
603 4
604 5
605 3
606 5
607 4
608 3
609 3
610 4
611 5
612 3
613 4
614 3
615 5
616 2
617 3
618 3
619 2
622 2
623 2
625 3
626 4
628 2
629 4
630 2
631 3
632 2
634 4
635 2
636 3
638 4
641 4
642 3
646 3
647 3
648 3
649 3
650 3
651 4
653 3
654 5
655 3
656 4
657 4
659 3
660 4
661 5
662 3
663 4
671 3
673 4
675 4
686 3
692 3
693 2
694 3
699 3
702 2
705 5
709 4
712 2
724 4
727 3
731 2
732 2
735 3
739 3
745 4
746 2
747 3
749 3
751 2
765 3
768 2
770 4
781 2
782 3
785 3
792 4
806 2
808 2
832 2
835 3
836 4
837 3
842 4
843 2
844 2
845 3
847 4
848 3
850 2
855 3
863 5
867 4
872 2
873 3
874 1
878 2
887 3
921 4
923 4
925 2
927 4
928 2
929 1
939 2
942 3
945 3
950 2
951 1
956 3
959 2
963 3
964 4
965 3
966 4
970 4
980 2
984 2
989 2
1003 2
1010 2
1011 3
1015 2
1020 4
1021 4
1035 3
1039 3
1044 2
1048 3
1050 3
1051 2
1063 3
1064 4
1075 3
1078 2
1100 2
1101 3
1120 3
1121 5
1123 3
1126 4
1133 3
1149 3
1168 2
1169 4
1170 1
1172 3
1184 2
1185 3
1186 4
1198 3
1200 3
1203 4
1204 3
1205 1
1221 4
1263 3
1269 3
1285 3
1298 3
1330 3
1369 3
1397 4
1400 3
1445 4
1446 3
1447 3
1448 3
1449 4
1450 3
1451 3
1452 4
1453 2
1454 3
1455 2
1456 4
1457 3
1458 4
1459 3
1460 3
1461 2
1462 3
1463 5
