1 4
7 4
22 4
50 5
52 4
65 2
66 2
69 4
70 5
79 4
82 2
83 4
85 4
86 4
87 4
96 4
100 4
135 4
153 4
170 4
174 4
175 4
179 5
181 3
185 4
188 4
190 4
191 4
192 4
193 5
194 5
195 4
196 3
197 5
198 3
207 4
211 5
213 4
230 4
237 4
269 4
275 5
285 4
292 3
303 4
318 5
319 4
327 3
338 1
344 5
346 4
419 5
429 4
431 2
433 4
435 5
462 3
463 4
474 5
480 4
483 5
494 4
496 4
511 5
512 5
515 4
520 4
522 5
523 5
524 5
603 3
647 4
648 4
652 4
655 4
684 4
692 4
701 4
705 5
747 2
792 4
898 3
923 4
970 4
971 4
1021 5
1105 2
1119 3
1134 4
1149 4
1176 5
1193 4
1451 4
1464 4
