9 5
15 5
28 4
50 3
51 5
56 5
57 5
58 2
64 5
66 2
69 5
71 3
79 4
88 2
97 5
98 5
100 3
111 4
117 3
127 5
132 4
133 5
134 4
135 2
143 4
148 4
151 2
153 2
170 5
172 3
174 3
176 2
179 1
181 4
183 2
185 5
187 3
191 4
194 3
195 2
196 1
199 4
200 3
203 4
204 3
207 3
210 2
211 3
216 5
222 4
223 5
225 3
237 4
255 3
265 2
273 1
274 1
275 3
282 5
286 5
289 4
294 2
298 4
304 4
307 4
313 4
318 5
328 5
333 3
370 3
411 1
419 5
420 4
423 5
427 5
429 1
432 5
435 4
443 4
462 4
476 3
478 3
483 5
496 3
504 3
505 3
506 5
507 3
510 3
520 4
521 3
523 2
526 3
532 2
546 4
549 4
591 4
595 3
596 4
614 5
632 3
655 3
659 3
661 3
673 4
685 2
686 3
692 4
696 2
699 4
705 4
717 3
729 5
735 5
750 5
756 1
864 2
866 3
934 4
1013 2
1039 2
1102 4
1328 4
1401 3
