8 5
9 5
10 5
12 5
14 5
39 5
42 5
45 5
46 4
47 2
50 5
56 4
58 5
64 1
65 5
69 1
79 3
81 3
89 4
91 4
96 5
98 5
100 3
114 3
116 5
124 5
132 5
133 3
134 5
135 5
137 5
150 5
152 3
162 5
165 5
168 4
171 5
172 4
174 4
175 5
179 5
180 5
181 3
183 5
185 4
186 1
187 5
190 1
194 5
195 5
198 5
203 1
204 3
205 3
207 5
208 3
209 5
210 4
221 5
228 2
234 3
238 5
242 5
268 2
269 5
272 5
276 5
286 1
288 2
300 1
304 1
305 4
312 2
317 5
318 1
340 5
382 3
419 3
421 5
427 5
428 5
430 3
432 5
433 5
434 5
443 5
462 5
463 5
474 5
475 5
478 5
479 5
482 3
483 5
484 5
488 5
489 5
491 5
492 3
493 5
497 4
498 4
499 5
504 4
505 5
507 5
508 5
509 5
511 5
512 5
513 5
514 1
516 5
518 3
527 5
528 5
529 5
530 5
531 5
558 5
589 3
603 5
605 4
612 5
632 5
633 5
634 4
647 5
650 5
652 5
654 5
659 3
663 5
671 5
675 5
690 1
701 5
705 4
736 5
745 5
753 5
836 5
855 5
921 5
923 5
954 5
961 5
1020 3
1056 5
1065 5
1070 5
1098 5
1099 5
1115 2
1192 1
1203 5
1204 4
1245 5
1332 3
