1 4
3 5
7 4
9 5
13 4
17 2
20 4
22 4
26 5
28 4
31 4
32 2
40 2
42 5
50 5
51 2
52 4
53 3
54 2
56 5
58 3
62 2
64 5
65 4
66 4
67 4
68 5
69 4
70 4
71 4
72 4
77 4
80 3
82 3
86 4
88 4
89 5
90 4
92 4
95 4
97 2
100 4
101 5
105 2
109 4
111 4
114 4
117 2
118 2
121 1
122 4
126 4
135 4
144 1
145 3
148 2
151 5
153 4
154 5
155 3
156 4
157 4
158 3
161 4
162 4
164 3
167 3
168 5
169 5
171 5
172 4
173 4
174 3
179 5
180 4
181 4
183 4
186 3
188 4
191 5
193 4
196 5
197 4
200 5
204 4
208 5
209 4
214 5
215 4
216 4
217 5
220 2
222 2
226 1
232 4
234 3
235 1
237 5
238 5
240 3
241 4
246 5
249 4
255 2
258 5
265 4
268 5
276 5
278 3
281 3
287 3
290 3
291 2
294 4
301 2
310 3
317 5
318 5
324 4
357 5
365 2
367 1
369 4
380 4
381 4
383 3
393 3
401 3
409 4
410 4
411 4
428 4
433 5
451 4
455 2
456 3
458 3
468 1
471 1
475 4
508 4
509 5
521 4
527 5
528 3
537 5
550 1
553 5
554 3
559 4
566 4
581 4
584 5
596 4
609 3
628 4
629 4
631 4
650 3
651 4
652 5
655 5
660 4
662 3
673 3
676 4
685 2
697 4
707 4
708 4
710 3
712 3
716 3
721 5
723 3
724 4
732 1
735 5
738 4
739 3
743 5
744 3
746 3
747 4
754 4
756 2
762 3
763 4
764 5
772 4
780 4
790 4
815 4
818 2
833 3
845 3
856 5
866 5
871 3
886 5
924 4
926 2
941 4
946 4
949 4
950 1
953 4
955 4
959 4
1012 2
1017 4
1028 3
1039 4
1041 4
1045 5
1047 2
1048 4
1053 2
1054 3
1057 4
1074 4
1079 2
1095 2
1098 5
1107 2
1109 4
1118 4
1119 5
1132 4
1136 3
1150 4
1168 4
1178 3
1188 4
1209 3
1225 2
1428 4
1467 5
