1 4
3 2
8 3
11 4
12 5
17 2
24 4
25 3
29 1
38 2
41 2
50 5
55 4
56 1
66 3
67 2
68 5
69 3
77 2
80 2
81 5
82 2
83 4
92 1
94 2
95 3
96 3
97 3
98 4
99 3
100 4
101 2
109 5
111 3
117 3
118 1
121 4
132 4
133 3
138 1
145 1
151 5
155 1
158 1
159 3
161 3
164 3
172 5
173 5
174 3
175 4
176 4
178 5
181 5
184 4
185 5
195 3
196 3
198 4
201 5
202 3
204 3
208 4
210 3
211 4
215 2
216 3
219 5
223 5
226 2
227 4
228 3
230 3
231 1
232 3
235 3
236 4
238 5
239 3
240 3
250 4
252 1
254 1
257 4
260 5
265 4
284 1
288 5
289 2
294 2
356 2
368 1
369 3
384 2
385 1
393 3
401 1
402 3
403 4
404 3
406 3
409 2
410 1
411 3
412 1
413 4
416 3
418 3
420 3
423 3
425 5
426 3
431 3
432 3
433 5
441 3
444 4
447 3
451 2
469 3
470 4
475 4
477 4
541 3
547 4
550 3
559 3
561 1
567 5
568 4
570 1
572 3
576 1
578 2
585 1
588 4
596 3
597 2
616 5
628 1
633 3
651 4
652 5
658 4
665 4
672 4
675 4
679 2
719 4
720 1
721 4
724 4
728 1
735 4
739 2
741 5
743 1
746 4
748 1
758 1
765 2
790 3
798 2
802 1
809 2
816 4
827 1
831 1
840 4
841 1
849 1
853 5
895 5
919 4
930 2
932 1
941 1
981 1
993 3
1028 3
1039 4
1044 1
1052 1
1073 4
1089 1
1101 5
1135 1
1139 2
1188 3
1218 3
1220 3
1222 3
1228 1
1232 1
1411 2
