1 4
2 4
7 4
9 2
12 5
23 4
28 4
44 4
50 5
55 5
56 4
64 5
69 5
71 5
81 4
89 4
91 5
92 5
95 5
96 2
98 5
100 5
111 4
116 4
117 3
123 3
127 4
129 4
135 5
140 3
144 4
151 4
153 2
154 4
159 4
174 3
175 5
179 4
181 4
183 4
184 1
191 5
195 2
196 4
200 5
202 4
204 2
222 4
223 4
234 3
235 2
237 2
238 4
240 4
244 4
248 2
258 4
259 1
260 4
264 3
270 4
271 4
276 4
288 4
293 4
294 1
313 5
321 5
322 3
323 2
324 2
325 4
328 3
331 3
333 4
338 4
340 4
357 4
367 4
378 4
404 4
418 5
458 5
469 4
474 5
475 4
477 3
480 5
485 4
496 4
501 5
527 4
558 4
582 4
588 5
596 5
628 4
629 4
676 5
678 2
687 1
688 2
742 3
748 2
751 2
754 4
813 5
844 4
933 3
943 4
948 3
969 5
984 3
988 4
991 2
993 5
1014 4
1073 5
1137 5
1161 4
1199 3
1426 5
