1 3
8 5
15 3
21 3
22 4
28 4
29 2
35 2
50 5
62 3
64 4
69 5
71 3
75 1
78 3
82 4
90 1
94 3
97 5
98 4
99 3
102 3
103 2
112 2
118 4
121 3
125 3
126 3
132 4
133 5
135 5
136 4
138 1
140 4
141 3
142 3
143 4
151 2
162 3
163 2
164 4
167 3
168 1
172 5
174 5
176 3
181 5
183 4
186 3
188 3
196 4
199 4
200 3
204 4
210 5
211 3
214 1
219 1
222 4
225 3
227 4
228 4
229 4
230 4
231 3
234 4
238 3
240 1
241 4
243 2
257 3
258 4
259 2
265 3
269 2
286 1
313 5
323 3
343 2
357 3
378 3
379 1
380 4
384 1
386 2
389 3
393 3
400 3
403 3
405 3
415 3
416 4
417 3
418 3
419 4
423 5
429 4
432 2
435 3
436 2
441 3
443 3
448 3
449 5
451 2
457 2
465 3
472 3
496 4
498 4
501 3
504 3
526 3
542 3
548 2
554 3
561 3
573 2
575 3
577 1
584 3
588 3
596 4
610 2
612 3
616 1
621 3
622 4
624 2
625 3
629 2
649 1
655 4
662 4
665 2
678 3
679 2
699 3
755 3
768 3
842 3
843 2
871 2
892 3
951 4
967 3
1028 2
1033 3
1050 3
1060 3
1091 3
1116 3
1133 3
1183 4
1263 1
1443 4
1444 3
1469 3
1470 2
