1 3
7 4
11 4
15 3
22 4
28 3
40 4
44 2
47 2
50 2
52 3
55 3
56 4
58 3
64 5
65 4
66 3
68 2
69 4
70 4
71 4
72 3
77 2
82 3
86 3
90 4
91 3
92 3
95 3
96 4
98 4
99 3
100 3
111 4
121 3
122 2
125 3
131 5
132 3
140 2
143 3
145 1
147 3
153 3
169 3
172 2
174 3
179 4
181 3
185 3
191 4
195 2
200 3
204 3
210 3
216 3
217 3
219 3
223 3
234 3
235 2
237 3
238 4
252 3
255 3
258 4
269 3
270 3
275 4
278 3
283 3
288 3
292 4
293 2
294 2
318 5
332 3
336 3
338 4
358 3
365 4
367 4
369 2
385 2
386 3
393 2
402 4
405 2
406 3
411 2
417 2
418 3
419 3
420 3
421 4
423 4
427 4
432 3
433 4
443 3
447 3
451 4
473 2
476 3
485 4
486 5
491 3
496 4
509 3
546 2
553 4
559 3
567 1
568 3
581 3
582 4
588 4
596 4
609 3
617 3
625 3
628 2
631 4
650 4
655 4
660 4
699 5
709 5
727 3
735 4
736 3
747 4
754 3
755 3
762 2
778 4
781 3
785 3
786 3
790 3
815 2
821 3
845 4
923 4
929 3
931 2
949 4
955 2
959 2
974 3
1013 2
1014 5
1035 3
1048 2
1054 2
1095 2
1135 3
1147 4
1220 4
1278 4
