1 5
22 5
23 3
28 3
31 4
50 5
58 4
64 5
69 5
79 4
82 4
86 4
87 4
95 5
96 4
97 4
98 4
99 3
100 5
117 3
125 4
127 4
132 5
133 5
134 5
135 5
136 4
141 5
143 5
144 4
153 3
162 5
163 5
168 5
174 5
176 5
177 4
180 4
181 4
183 4
186 4
188 5
194 5
195 5
196 4
197 4
199 5
202 4
204 4
205 5
210 3
215 4
222 4
234 4
237 2
245 4
250 2
258 3
260 2
265 4
269 4
271 1
272 5
294 2
300 3
315 4
316 5
318 5
322 3
323 1
328 4
333 2
357 5
378 5
416 5
419 5
423 5
432 2
434 4
435 4
443 5
465 4
480 3
482 4
483 5
484 4
486 4
495 5
496 5
498 5
510 4
511 5
514 3
515 5
520 3
521 3
523 5
526 5
527 5
528 4
543 5
568 4
588 3
602 4
614 3
622 4
646 5
648 5
661 5
662 4
678 2
690 5
699 4
732 5
879 2
886 2
892 3
921 3
1020 3
1126 5
1444 3
1451 4
1473 5
