2 3
3 4
5 3
7 5
12 5
17 4
22 4
24 5
28 4
29 3
31 4
33 5
47 5
50 5
53 4
54 3
55 4
56 5
62 3
64 5
65 4
67 3
68 4
69 4
77 3
80 4
81 4
82 4
88 4
89 5
92 4
94 3
98 5
100 5
108 4
114 5
121 3
124 5
127 5
128 5
135 5
141 4
143 4
144 5
145 4
147 3
153 5
155 3
156 5
157 5
158 4
159 4
161 4
164 3
168 4
169 5
172 5
174 5
175 5
176 5
177 5
179 5
180 5
181 5
182 5
183 4
186 5
187 5
188 5
189 4
195 4
198 5
202 5
203 5
204 4
206 5
209 5
210 4
214 4
216 4
217 4
218 4
222 4
226 3
227 3
228 5
229 4
230 4
231 4
233 4
235 3
238 4
239 4
240 4
250 5
265 5
273 4
293 4
294 3
324 3
364 2
367 4
380 2
384 3
385 3
386 3
391 3
393 3
403 4
405 3
408 5
410 4
411 3
423 3
431 4
433 5
449 3
450 2
455 3
464 5
470 4
474 5
475 5
479 4
480 4
483 5
484 5
498 5
515 5
518 5
545 2
546 3
550 4
552 3
554 3
559 3
566 3
568 4
575 3
576 3
578 3
579 3
597 3
614 5
622 3
642 4
647 5
654 5
655 4
665 4
679 4
684 4
685 3
693 4
710 4
715 4
720 3
727 4
732 4
739 4
742 3
771 3
774 3
780 4
789 5
810 3
824 4
826 3
840 4
926 2
943 4
944 3
959 3
980 3
1028 3
1035 4
1073 5
1090 3
1110 3
1145 3
1185 2
1240 5
1336 1
1401 4
1471 2
