1 5
2 4
3 3
4 4
5 3
7 5
8 4
9 5
11 5
12 5
14 4
17 4
21 3
22 5
23 5
24 4
25 4
27 3
28 4
29 3
31 4
33 4
34 2
38 3
39 3
40 3
41 3
42 4
43 1
44 3
46 3
47 4
50 5
51 3
53 4
54 3
55 4
56 5
57 3
58 4
62 2
63 3
64 5
65 4
66 3
67 3
68 4
69 4
70 4
71 4
72 4
73 3
74 3
76 4
77 3
78 4
79 4
80 3
81 4
82 4
84 2
85 3
86 3
88 3
89 5
91 5
92 4
94 2
95 5
96 5
97 3
98 5
99 4
100 5
101 4
104 1
108 3
109 4
117 4
118 3
120 2
121 4
122 3
123 4
124 5
125 4
127 5
128 4
135 5
139 4
141 4
142 3
143 5
144 5
145 3
147 4
148 3
150 4
151 5
153 4
154 4
156 5
157 5
158 3
159 3
160 4
161 3
164 4
168 5
169 5
171 4
172 5
173 5
174 5
175 5
176 5
179 5
180 5
181 5
182 5
183 5
184 4
185 4
186 5
187 5
188 4
189 4
192 5
193 4
195 5
196 4
197 5
198 5
200 5
201 5
202 4
203 4
204 5
206 5
207 4
209 4
210 4
214 5
215 4
217 4
218 4
219 4
222 4
223 5
225 3
226 4
227 4
228 4
229 3
230 4
231 3
232 3
233 3
234 5
235 4
237 5
238 5
239 4
240 4
241 4
245 3
246 4
248 4
249 4
250 4
252 3
254 2
257 4
258 5
260 3
262 4
264 3
265 4
268 4
269 4
270 4
271 4
272 5
273 4
274 3
276 4
281 3
282 4
284 4
288 4
289 2
290 4
291 3
293 4
294 4
298 5
300 4
301 4
302 5
303 4
307 4
313 5
315 4
316 4
317 4
318 5
322 3
323 3
324 4
325 3
328 4
331 4
332 4
333 4
334 4
340 5
343 4
346 4
347 4
354 4
355 3
356 3
357 5
358 3
364 3
365 3
366 3
367 3
373 2
375 1
379 3
380 3
382 4
383 2
384 3
385 4
386 3
387 3
388 2
391 2
392 3
393 4
395 2
396 4
397 1
399 2
401 3
402 3
403 4
404 4
405 3
406 2
407 2
408 5
409 3
410 4
411 4
413 3
415 3
417 4
418 4
419 5
420 4
421 4
423 5
425 4
426 3
427 5
428 4
429 5
431 3
432 5
433 4
436 4
443 4
447 4
448 4
449 2
450 1
451 3
452 3
453 1
455 4
456 2
458 4
461 4
462 4
463 4
469 4
470 3
471 4
472 3
473 4
474 5
475 5
479 5
496 4
501 4
508 5
518 4
523 4
526 4
531 4
540 1
541 3
544 3
546 3
547 4
549 3
550 4
551 3
552 3
554 2
558 4
559 4
561 2
562 3
563 3
564 3
566 4
567 3
568 4
569 4
571 2
572 3
575 2
576 3
577 2
578 4
581 4
582 3
583 3
586 3
588 4
590 2
591 3
595 2
597 3
603 5
624 2
627 3
628 4
631 3
634 4
636 4
640 4
647 4
649 4
652 4
653 5
655 4
658 4
665 3
669 1
672 3
678 3
679 3
682 3
684 4
685 4
686 3
691 4
692 4
693 4
696 2
697 2
709 4
710 4
715 3
719 3
720 2
721 3
725 2
727 3
728 2
732 4
734 1
735 4
737 4
739 2
742 4
743 1
746 4
747 4
748 3
750 4
751 4
755 3
759 1
763 3
765 3
768 3
769 1
770 4
771 2
772 4
773 3
774 2
779 2
780 3
783 1
786 3
789 3
790 3
794 2
796 1
797 3
800 3
801 3
802 3
803 2
806 4
807 2
809 2
816 2
820 3
823 3
825 3
831 3
840 3
843 4
844 4
845 4
853 5
854 4
871 2
876 3
879 3
881 3
890 3
902 4
915 4
916 4
919 4
922 4
928 3
930 2
931 2
939 3
941 3
942 4
943 4
949 3
951 3
959 4
969 4
974 2
975 3
977 2
993 3
1000 2
1006 3
1010 3
1011 3
1013 3
1016 3
1019 5
1028 3
1031 2
1035 3
1036 2
1042 1
1044 3
1046 3
1047 3
1052 2
1056 4
1073 3
1074 3
1079 2
1081 3
1083 3
1089 2
1090 1
1091 3
1095 1
1098 4
1109 3
1110 3
1118 4
1129 4
1131 3
1135 4
1140 2
1141 3
1145 2
1157 2
1170 4
1172 4
1180 2
1194 3
1199 4
1208 3
1210 2
1213 1
1218 4
1220 4
1221 3
1228 1
1232 3
1239 1
1240 4
1244 3
1245 3
1253 1
1267 4
1273 2
1274 1
1301 4
1314 3
1407 1
1413 1
1416 3
1471 2
1478 3
1481 2
1482 4
1483 3
