1 3
2 4
4 4
7 5
10 4
12 2
13 3
16 4
17 4
21 3
22 1
24 5
25 5
27 5
28 2
29 2
30 2
31 3
32 3
33 4
40 4
41 2
42 4
44 1
47 4
50 3
52 3
56 4
59 4
60 4
61 4
62 3
63 3
64 1
65 1
66 2
67 4
68 4
70 1
71 3
73 4
79 3
80 4
81 4
83 5
87 1
88 1
89 4
90 3
92 4
94 3
95 3
96 4
99 3
100 4
101 3
105 4
108 4
109 5
114 5
116 1
117 5
120 1
121 4
122 1
124 3
128 5
129 1
130 1
131 1
132 3
137 4
139 3
144 4
146 1
147 4
150 3
151 4
152 5
153 5
154 5
156 4
158 3
163 5
165 4
166 4
167 3
168 5
169 5
170 3
172 2
173 5
174 4
175 5
176 3
180 2
181 3
184 5
186 5
189 5
190 3
191 3
193 2
195 4
198 3
201 5
202 4
203 2
204 3
207 5
208 5
209 5
210 4
211 4
214 3
216 3
219 2
222 1
224 4
226 4
227 4
228 4
229 4
230 4
231 2
233 5
234 2
235 3
236 5
238 4
239 4
240 4
242 3
248 4
249 3
250 3
254 3
257 5
259 3
265 5
269 4
273 2
274 3
275 3
283 3
284 1
288 3
290 4
291 3
294 2
301 4
319 4
321 5
342 4
363 5
364 4
367 3
368 1
372 4
373 4
374 1
375 1
379 3
380 4
382 4
384 4
385 4
386 3
388 3
390 3
391 5
393 1
395 4
396 3
397 4
398 4
399 4
401 5
403 1
405 3
407 4
408 5
410 5
411 3
412 3
413 4
415 3
418 3
421 3
425 4
428 1
429 4
431 4
432 3
433 4
434 4
436 4
444 3
449 3
450 4
451 1
455 5
456 3
461 3
462 3
464 4
465 5
469 4
470 3
472 3
474 5
480 3
482 4
486 4
487 3
489 2
490 3
491 5
501 3
502 5
509 3
514 4
515 3
517 4
529 3
530 3
532 1
534 1
541 3
544 1
546 3
547 1
550 4
554 1
556 3
558 4
562 3
566 4
571 4
576 3
577 1
578 4
586 4
591 2
594 1
597 5
616 3
624 4
625 3
630 4
636 5
638 4
644 1
649 3
652 4
654 5
659 5
660 4
662 2
663 3
666 2
671 2
679 4
684 3
685 3
687 4
702 4
709 4
710 4
712 5
713 3
719 4
721 5
725 4
727 3
728 4
732 3
739 1
740 3
741 5
744 2
746 5
751 4
753 2
759 4
760 3
762 3
763 3
764 3
778 4
779 3
780 4
781 3
789 4
792 3
797 4
802 4
804 4
805 3
809 3
810 2
820 4
823 3
824 4
826 4
827 1
831 5
832 3
833 4
841 4
843 4
845 1
853 1
854 1
862 5
864 5
869 1
871 4
890 3
901 4
919 3
922 3
926 4
932 3
940 5
945 5
946 3
948 3
952 3
969 3
971 4
976 3
977 4
978 1
982 3
990 1
992 4
998 5
1000 4
1001 4
1007 4
1011 3
1012 5
1017 3
1025 2
1027 4
1028 4
1030 4
1032 3
1034 4
1035 3
1037 1
1039 4
1047 4
1048 1
1052 4
1059 4
1070 3
1072 4
1087 2
1088 4
1093 4
1095 1
1108 1
1110 3
1113 3
1118 3
1120 3
1121 4
1132 1
1133 2
1142 1
1151 2
1162 3
1170 1
1178 4
1180 2
1181 4
1182 3
1185 1
1195 1
1205 3
1206 5
1209 4
1215 2
1219 3
1224 3
1228 4
1230 3
1231 4
1239 1
1240 1
1242 1
1244 3
1247 2
1250 1
1266 1
1271 4
1274 3
1288 4
1291 4
1305 4
1312 3
1321 4
1336 1
1361 3
1376 4
1402 1
1411 3
1413 5
1428 3
1435 3
1437 3
1444 3
1480 3
1481 4
1484 3
1485 4
1486 1
1487 1
1488 4
1489 3
1490 4
1491 5
1492 4
1493 1
1494 1
1495 4
1496 3
1497 2
1498 4
1499 4
1500 5
1501 1
