1 4
3 2
4 5
7 4
11 5
13 2
14 4
16 3
17 4
20 4
22 4
25 3
29 2
34 5
40 4
41 2
42 4
44 3
47 4
50 4
53 2
55 4
56 2
57 5
66 4
70 5
72 4
73 5
77 3
81 3
82 3
83 5
85 5
88 4
89 4
90 4
91 4
95 5
96 4
97 4
99 4
100 3
101 5
107 1
111 5
116 5
117 2
121 3
123 5
125 4
127 4
132 5
133 4
137 4
139 3
142 4
143 4
144 3
147 5
151 5
153 5
154 4
155 4
158 3
161 2
164 3
167 5
168 4
169 3
171 4
172 4
173 4
174 4
175 5
176 4
179 5
181 3
183 4
184 3
186 5
189 3
191 4
195 4
196 4
198 4
202 4
204 3
208 4
209 4
210 5
211 4
212 1
214 1
215 3
216 4
217 3
224 5
228 3
229 1
231 3
232 4
234 3
235 4
237 2
240 3
248 5
250 4
251 5
257 3
258 4
268 4
269 5
272 5
274 2
275 4
277 4
278 5
280 4
285 1
288 5
289 5
290 3
298 4
301 5
309 5
312 4
315 5
316 5
325 1
329 4
330 5
336 5
339 5
340 4
341 5
345 4
348 4
354 4
357 4
367 5
372 4
379 5
381 5
382 5
386 3
390 1
393 4
394 5
396 4
401 1
402 3
403 5
404 5
405 3
408 4
411 2
413 3
417 3
419 5
421 1
423 4
425 2
428 5
431 5
432 3
433 5
451 5
455 1
461 2
462 5
465 5
472 3
473 3
475 4
476 4
477 3
483 5
512 2
527 4
535 5
537 4
546 1
552 3
554 4
559 4
569 4
574 4
577 2
588 5
596 3
597 3
628 4
629 5
636 3
640 5
642 3
652 4
655 3
658 5
683 5
689 5
703 2
704 2
707 5
709 4
710 4
721 3
724 3
728 3
732 5
734 2
737 4
738 5
739 3
741 4
742 5
746 4
747 4
749 3
761 4
762 2
763 2
766 3
768 3
771 2
778 5
781 4
790 1
792 3
800 5
805 3
815 3
818 2
819 3
821 4
824 1
856 2
881 5
883 5
884 5
888 5
906 5
924 4
929 4
930 2
931 4
934 3
946 3
949 4
952 2
955 5
969 5
988 3
993 2
1014 5
1035 3
1038 5
1039 5
1047 1
1051 4
1053 4
1060 5
1074 4
1075 5
1079 3
1091 4
1101 5
1105 5
1113 3
1118 1
1119 3
1133 4
1140 3
1182 2
1194 4
1202 3
1230 1
1239 3
1265 5
1280 5
1286 5
1288 4
1316 5
1375 5
1411 2
1502 2
1503 3
1504 4
