1 5
15 4
21 3
22 5
28 5
31 4
43 3
49 3
50 5
54 3
62 2
64 4
66 4
69 4
71 5
82 4
88 4
89 3
91 2
95 4
97 3
98 4
99 4
102 3
105 2
109 3
117 3
118 4
120 4
121 4
125 3
132 3
133 3
135 4
136 4
139 2
141 4
143 5
144 3
151 2
153 3
158 5
161 4
162 3
164 4
167 2
168 3
172 5
174 5
176 4
180 1
181 5
183 4
191 3
193 4
196 4
199 3
202 4
204 4
205 3
208 3
210 5
211 3
216 4
218 2
222 4
227 2
228 4
229 3
230 4
234 3
235 3
239 2
243 3
252 3
257 4
265 4
271 3
274 4
318 4
323 3
357 3
378 3
380 3
385 4
393 3
402 4
403 2
404 3
405 2
418 3
419 4
423 5
429 4
432 5
434 4
435 3
436 2
449 1
450 2
465 3
472 4
473 1
474 3
476 3
483 5
484 3
496 4
498 4
515 3
520 3
523 3
527 4
546 2
550 3
566 3
568 3
588 4
596 4
622 3
625 4
629 3
650 2
651 3
683 2
685 3
692 5
699 3
720 3
732 4
739 3
742 2
755 4
809 4
818 3
825 3
826 2
832 3
926 3
930 3
993 4
1013 2
1028 3
1035 4
1047 4
1060 3
1079 2
1091 2
1285 3
1336 3
