1 5
3 3
4 4
5 5
7 5
8 4
9 5
11 4
12 5
15 5
17 4
21 2
22 5
24 5
27 3
28 4
31 4
33 4
38 3
41 4
46 4
48 5
49 4
50 5
53 5
54 4
55 4
56 5
64 5
66 4
67 4
69 5
70 4
71 4
72 4
77 4
79 5
80 4
82 4
84 3
85 2
89 3
90 5
92 4
93 4
94 2
95 4
96 4
97 4
98 5
99 4
100 5
101 4
106 4
117 5
118 2
121 2
122 3
123 4
124 5
125 4
128 4
129 5
140 4
143 3
144 5
147 4
151 5
153 4
154 4
155 3
156 5
158 2
159 4
164 4
168 5
172 5
173 5
174 5
175 2
179 5
181 5
184 4
188 3
195 4
200 4
202 4
204 4
210 5
212 4
214 4
215 4
218 4
219 4
223 5
226 5
231 3
232 4
234 4
235 2
236 4
237 4
238 5
240 4
244 2
245 2
246 5
249 4
250 4
262 4
273 3
282 4
284 4
285 4
288 5
290 4
291 5
293 5
294 5
324 1
325 4
356 4
364 3
365 3
366 3
367 4
369 3
375 1
376 3
379 3
383 2
384 4
385 4
391 1
393 3
395 3
396 4
401 4
402 4
403 4
404 4
405 4
410 5
411 4
412 3
413 4
416 4
417 4
418 4
420 4
421 4
423 4
427 4
428 5
448 5
455 5
456 3
460 5
466 5
469 5
470 3
471 4
475 5
496 5
501 4
508 5
540 3
546 3
550 4
551 2
552 3
555 1
558 4
562 4
563 3
565 2
566 4
567 5
568 4
569 3
571 2
572 3
573 4
574 1
575 2
576 4
577 1
578 4
581 5
582 4
588 4
592 3
597 3
619 3
627 4
631 5
636 4
655 4
670 5
672 3
685 5
686 5
706 3
715 5
717 3
722 4
729 4
732 4
735 4
739 3
741 5
742 3
747 4
755 2
756 3
760 2
761 3
763 4
769 1
770 4
772 4
773 3
774 3
780 5
783 2
785 4
790 4
794 4
798 4
800 2
801 3
816 3
820 4
823 3
824 4
825 4
829 2
833 3
834 3
844 5
924 4
928 2
933 4
939 4
940 3
941 4
943 4
946 4
974 1
975 2
977 2
985 3
998 1
1012 4
1016 4
1017 4
1028 3
1042 4
1046 4
1047 2
1059 4
1067 4
1073 5
1077 4
1078 4
1079 2
1083 3
1090 2
1098 4
1109 4
1139 3
1157 3
1178 4
1188 4
1206 3
1209 1
1210 4
1213 3
1215 1
1217 3
1219 4
1220 5
1229 2
1239 2
1244 4
1248 4
1253 3
1273 2
1277 4
1303 3
1305 3
1376 3
1471 3
1478 2
1489 2
1505 4
