1 4
2 4
7 3
9 4
10 5
11 5
20 2
24 4
28 4
48 5
50 4
56 5
58 5
64 5
79 5
83 5
86 4
96 4
98 5
100 5
111 4
115 4
117 4
118 3
124 4
125 2
127 5
132 4
135 4
144 5
150 4
151 5
153 4
156 5
165 4
168 5
169 5
173 5
174 5
176 5
180 5
181 4
183 5
190 5
193 4
194 4
195 5
197 5
199 5
203 4
207 5
209 5
214 3
222 3
223 5
226 4
228 5
234 5
235 3
248 4
249 3
250 3
252 3
264 3
265 4
276 5
282 4
285 4
288 3
298 4
300 4
320 5
324 3
328 3
331 5
343 2
405 3
408 4
419 4
423 5
429 5
462 3
472 3
475 5
479 4
482 5
483 5
484 5
486 4
488 5
491 4
492 4
499 5
510 4
511 5
515 4
523 4
525 5
528 5
535 3
589 4
602 4
603 5
607 4
628 3
631 5
653 4
654 5
657 5
659 5
661 5
665 3
705 4
748 3
789 4
844 5
855 5
919 5
1010 4
1014 3
1039 4
1050 4
1073 5
1142 4
