1 2
2 3
3 2
4 4
5 3
7 3
8 3
11 3
12 4
14 3
15 3
16 2
17 2
22 3
23 4
25 3
26 3
27 3
28 3
29 1
31 2
33 2
36 1
38 1
39 3
45 5
47 3
48 5
49 3
50 5
51 3
53 3
54 3
55 4
56 4
62 1
64 5
65 3
66 2
67 3
68 3
69 3
70 3
71 4
73 2
76 3
77 2
79 3
81 4
82 4
85 3
87 4
88 3
89 5
91 2
92 4
94 2
96 3
97 4
98 4
99 3
100 4
111 2
117 3
121 3
122 3
124 4
125 2
127 5
129 3
132 4
133 3
134 5
135 5
137 3
139 3
143 4
144 4
147 2
148 1
150 3
151 4
152 4
153 4
155 2
156 4
157 5
158 2
159 3
160 4
161 2
162 3
163 4
164 4
165 3
166 3
167 3
168 4
172 5
173 5
174 5
175 2
176 4
177 4
179 4
180 5
181 3
182 5
183 4
185 5
186 2
187 3
188 3
192 5
193 3
194 4
195 3
196 4
198 4
199 5
200 4
202 3
203 3
204 3
206 4
208 3
209 3
210 3
211 4
213 3
215 4
216 4
217 3
218 2
222 3
223 4
226 1
227 2
228 3
229 2
230 2
232 2
233 2
234 5
235 3
237 3
238 4
239 3
240 2
245 3
248 3
249 3
250 3
251 4
252 2
255 3
257 2
258 3
264 3
265 3
272 4
273 4
275 3
280 2
282 2
283 2
284 2
285 5
286 3
288 3
290 2
291 2
293 4
294 2
297 4
298 4
300 2
302 4
303 4
313 4
315 3
316 3
317 4
322 2
325 2
328 2
346 3
347 2
356 3
357 4
366 2
367 2
371 2
380 2
386 2
393 3
401 1
402 2
403 3
404 4
405 1
410 2
411 2
412 1
414 4
416 4
419 3
420 4
421 3
423 3
425 4
426 1
427 4
429 4
430 3
432 5
433 3
435 4
436 3
443 4
445 4
447 4
451 3
455 2
460 3
461 2
462 4
463 4
464 3
466 3
467 4
468 2
469 4
471 3
474 5
479 4
480 5
482 4
483 5
484 5
485 3
491 4
492 5
496 5
497 4
501 4
502 3
503 4
504 4
506 5
507 4
509 3
510 3
513 5
514 4
518 5
521 3
527 4
528 4
531 4
544 3
546 1
549 3
550 1
553 3
554 1
558 3
559 2
566 3
568 4
571 2
572 2
578 2
582 4
583 3
588 3
589 4
591 3
603 5
605 3
616 3
619 1
627 2
628 3
629 3
632 3
636 4
637 3
638 4
642 3
646 3
647 5
649 4
651 3
653 5
654 5
655 3
657 4
658 1
660 2
663 3
665 2
678 2
679 2
684 3
685 3
686 3
693 4
696 2
705 5
708 3
710 3
712 2
715 3
720 1
724 3
729 2
732 3
739 2
742 2
746 3
747 2
748 2
751 3
761 2
765 3
770 3
779 1
780 3
781 2
789 2
804 1
809 2
810 1
815 2
820 2
824 3
831 3
843 3
845 2
849 2
856 3
866 3
871 1
877 2
895 3
924 2
931 1
933 2
939 2
941 2
942 4
943 2
955 2
956 3
977 2
1011 3
1016 2
1017 3
1018 3
1041 2
1042 3
1044 2
1046 1
1048 3
1057 2
1098 2
1101 3
1119 1
1132 3
1135 3
1147 4
1161 2
1208 3
1209 2
1217 1
1220 2
1226 3
1228 1
1229 1
1248 2
1264 3
1267 3
1286 4
1298 3
1311 3
1333 4
1421 2
