1 5
7 4
10 3
21 3
24 4
50 5
79 4
93 4
100 4
105 3
109 4
111 4
117 4
118 3
120 2
121 5
122 3
123 4
125 3
127 5
147 4
148 3
151 5
181 5
222 4
235 3
237 4
240 3
245 3
246 4
248 5
249 5
250 5
252 4
254 3
255 3
257 3
258 3
260 4
264 2
268 4
269 5
271 5
273 3
276 4
281 3
282 3
286 5
288 5
291 2
293 4
294 4
295 4
298 5
299 3
300 4
301 4
307 3
313 5
322 1
323 3
324 4
325 3
327 3
328 4
331 4
332 3
333 4
334 4
340 4
342 3
343 4
346 3
347 5
350 4
354 3
355 4
358 2
363 1
405 4
406 2
410 4
411 3
413 3
455 3
471 4
472 3
475 5
476 3
483 4
508 4
515 5
520 5
535 4
538 5
539 4
544 4
546 4
547 3
597 3
603 5
619 3
676 3
678 2
682 3
689 3
742 4
743 2
748 3
749 3
751 4
752 3
823 3
825 3
826 1
827 1
829 3
831 3
840 3
872 4
876 3
879 4
881 3
895 4
902 4
926 3
928 3
930 3
931 3
979 3
986 3
1007 4
1011 2
1012 4
1013 2
1014 2
1016 4
1028 3
1047 3
1067 4
1079 2
1081 3
1088 1
1089 2
1132 4
1134 3
1161 3
1199 2
1245 3
1254 3
