1 4
4 4
7 5
11 4
22 4
25 5
39 4
42 3
43 4
47 5
50 5
52 5
53 1
56 4
60 5
65 5
67 4
68 4
69 5
70 5
71 5
72 4
73 4
79 4
82 4
83 5
84 2
86 5
88 4
89 5
91 5
94 4
95 4
96 1
97 5
98 5
99 4
100 5
102 4
105 4
109 4
115 5
118 3
121 4
125 5
132 5
133 4
134 5
137 4
142 4
143 4
144 4
151 4
153 5
154 5
155 4
157 5
158 4
159 4
161 4
162 4
164 5
168 5
172 4
173 5
174 4
181 4
183 1
186 5
188 3
190 4
191 5
194 4
196 5
202 5
204 4
208 5
209 5
210 4
213 5
215 5
216 5
217 4
218 5
222 4
226 4
227 4
228 4
229 4
230 4
232 3
235 4
237 4
238 4
241 5
265 4
290 4
318 5
357 4
371 4
378 4
380 4
381 5
382 5
385 4
386 4
389 4
395 4
401 3
402 5
403 4
404 4
405 5
412 2
414 4
416 4
417 5
419 4
420 4
421 4
423 4
427 4
431 5
435 5
449 4
450 4
451 4
461 5
465 4
470 3
483 5
485 4
493 5
496 5
497 5
498 5
504 4
511 5
513 4
527 4
546 4
559 4
561 5
570 3
582 5
588 4
602 5
624 5
629 5
631 5
642 4
648 4
655 5
660 5
704 5
705 4
720 4
722 4
727 5
729 4
735 5
736 5
737 5
738 4
739 4
740 4
743 4
747 4
790 3
794 4
809 4
812 4
843 4
941 4
946 2
951 5
961 5
965 4
966 5
997 3
1028 5
1039 4
1040 2
1050 5
1115 5
1133 4
1135 4
1170 5
1188 3
1221 5
1297 4
1401 5
1446 4
1459 5
1473 4
1503 2
