1 5
7 5
9 4
10 2
11 5
13 3
14 4
15 3
19 5
20 5
22 4
23 5
24 2
32 4
45 5
48 5
50 5
55 5
56 5
61 3
79 4
83 5
89 5
96 5
98 5
100 5
111 3
114 5
117 3
121 5
124 5
125 5
127 5
134 5
137 4
144 4
150 1
151 2
153 4
172 5
179 4
180 5
181 5
186 3
187 5
191 5
194 5
198 5
199 5
204 5
209 4
210 3
211 4
221 5
222 5
228 4
237 5
238 4
240 1
242 4
244 1
246 4
248 5
250 2
251 5
255 2
256 5
257 5
258 5
259 1
268 4
269 5
272 5
274 4
275 4
276 5
277 5
279 4
281 2
282 4
284 4
285 5
286 5
287 4
289 3
292 5
293 5
294 1
297 4
298 1
301 5
303 4
304 3
309 1
313 5
315 5
357 5
427 5
429 5
435 5
455 1
462 4
469 5
475 4
480 5
482 5
483 5
484 4
485 5
498 5
504 5
508 5
510 5
514 5
515 5
521 4
523 4
528 5
544 4
628 5
632 5
652 4
654 5
659 5
663 5
685 4
688 1
696 4
705 5
750 5
815 3
845 5
846 2
855 5
898 4
923 5
948 1
950 4
961 5
963 5
1007 4
1009 3
1073 5
1142 5
1160 4
1251 5
1284 4
