1 3
4 1
7 4
8 5
11 4
12 5
13 3
17 3
20 4
22 4
24 4
25 4
27 1
28 4
31 3
32 4
34 3
42 3
47 2
50 5
53 3
55 4
56 5
57 5
69 3
70 5
73 2
79 3
83 4
86 5
89 4
90 4
92 3
95 3
97 5
98 5
100 5
102 1
108 4
109 4
111 3
114 5
116 4
117 4
118 3
124 4
128 4
129 4
133 4
135 4
137 5
143 5
144 3
147 3
148 3
151 3
153 5
154 5
156 4
157 2
160 1
168 5
173 4
174 5
175 4
176 4
181 4
182 3
183 4
185 5
191 3
194 3
195 1
196 4
197 3
198 3
200 3
201 4
202 3
204 3
208 4
209 4
210 4
211 4
213 3
215 2
216 4
218 3
222 4
223 5
228 2
230 2
231 3
233 2
234 3
235 2
237 4
238 5
243 1
245 3
248 3
249 3
250 1
257 3
258 5
265 3
267 3
268 4
269 4
271 2
272 5
273 4
275 5
277 3
282 3
283 4
284 4
286 5
288 3
293 3
294 3
298 5
300 3
301 4
302 4
307 4
326 2
338 2
347 3
357 4
367 2
419 3
423 3
430 1
432 4
435 3
443 2
447 4
448 3
455 4
465 3
471 3
474 4
475 5
479 5
480 4
485 3
498 3
508 4
514 3
515 5
527 5
529 3
535 3
546 3
574 1
582 4
588 4
596 3
603 5
625 3
628 4
629 3
652 3
659 4
678 3
687 2
690 5
692 3
699 4
705 2
716 3
724 3
736 4
742 3
746 3
748 2
750 5
751 4
752 4
864 3
919 1
946 2
984 1
1007 4
1014 3
1016 3
1073 3
1109 3
1136 3
1217 1
1296 4
