1 5
8 5
9 4
22 4
23 4
28 4
50 5
58 4
69 4
71 5
79 5
88 5
91 2
97 4
98 4
99 3
118 4
121 4
125 3
127 5
132 5
133 3
134 5
143 5
144 4
151 3
152 3
153 3
168 5
172 4
174 5
178 5
181 4
183 3
185 3
186 4
187 5
193 5
194 5
195 4
196 4
197 4
199 4
200 3
202 3
203 3
204 4
205 5
208 5
210 5
211 5
213 3
215 5
237 5
252 4
257 4
261 4
265 4
274 3
275 3
276 2
281 3
282 4
284 4
286 4
294 3
311 3
317 4
318 5
333 5
356 3
357 5
393 4
402 3
418 4
419 5
423 5
427 5
430 5
432 4
435 5
465 4
471 4
473 3
474 4
477 4
479 5
482 5
483 5
484 4
485 3
486 3
496 5
498 5
502 5
503 4
504 3
507 4
511 4
514 4
523 4
526 5
527 5
530 5
546 3
549 4
588 4
596 3
603 5
604 5
625 4
651 5
652 3
660 3
679 3
705 4
742 3
820 4
842 4
845 3
864 3
866 3
946 3
951 4
993 4
1142 4
1346 3
