1 5
2 3
3 3
4 4
5 2
7 4
8 5
9 5
11 4
12 4
13 4
15 3
17 4
21 2
22 5
23 5
24 3
25 4
26 4
28 3
29 2
31 3
33 4
38 1
41 5
42 5
43 3
44 4
46 3
47 5
49 2
50 5
53 3
54 3
55 4
56 5
62 2
63 1
64 5
65 4
67 5
68 4
69 5
70 4
71 3
72 3
73 3
77 4
78 2
79 5
80 4
81 4
82 4
83 5
85 3
87 3
88 4
90 4
91 5
92 4
93 5
94 3
95 5
96 5
97 5
98 5
99 4
100 5
106 2
109 4
111 3
116 5
117 3
118 2
120 2
121 3
122 4
123 4
124 4
125 2
127 5
128 4
129 5
132 5
134 5
137 4
139 3
141 3
143 4
144 5
145 1
147 4
150 5
151 5
152 4
153 5
155 3
156 5
158 3
159 3
160 4
161 5
164 4
167 3
168 5
170 5
171 4
172 5
173 5
174 5
176 5
179 5
181 5
182 5
183 5
184 5
185 5
186 4
187 5
191 5
194 5
195 4
198 4
200 4
201 5
202 5
203 5
204 4
208 5
209 5
210 4
215 5
216 5
218 4
219 5
221 5
222 3
223 4
226 4
227 3
228 4
229 3
230 3
231 4
232 4
233 4
234 5
235 4
236 4
237 5
238 4
239 3
240 3
241 4
245 3
246 5
248 2
249 4
250 4
251 4
252 3
255 4
257 4
258 4
259 3
260 3
262 5
264 3
268 5
269 5
270 4
271 2
273 3
276 4
277 3
281 3
282 3
283 3
284 4
286 5
287 4
288 4
289 2
290 4
291 3
293 4
294 4
298 4
300 1
302 4
318 5
319 5
321 3
323 1
324 3
325 1
326 2
327 1
328 3
330 3
333 4
334 3
340 5
357 5
358 2
363 1
364 2
366 3
367 4
368 1
369 1
373 2
375 2
376 2
379 4
381 4
382 3
384 3
385 4
386 4
387 5
388 2
390 3
391 1
393 4
395 2
396 4
397 1
398 1
401 3
402 4
403 5
404 4
405 4
408 4
410 4
411 4
412 3
413 2
416 3
418 4
419 4
420 4
421 4
423 4
425 4
426 3
427 4
430 4
432 3
433 4
435 5
436 4
443 4
449 4
450 3
451 5
452 2
455 3
458 3
460 4
461 4
462 3
470 4
473 4
474 5
475 4
476 3
477 3
479 5
480 4
482 5
483 5
484 5
491 4
501 4
502 4
506 4
507 5
508 4
514 5
517 5
518 4
525 5
531 4
535 1
540 1
541 3
542 2
544 4
545 2
546 2
549 3
550 3
551 2
552 2
554 2
558 4
559 4
562 4
564 1
568 4
569 3
574 1
575 4
576 3
577 3
578 2
582 4
583 1
586 2
588 5
591 4
595 2
596 4
597 1
603 5
615 4
616 4
619 3
627 3
631 4
634 3
636 3
650 5
651 5
653 4
654 5
655 5
658 5
665 4
670 2
673 4
678 1
679 2
685 1
687 1
692 4
693 4
697 3
700 3
705 5
709 5
715 4
716 2
720 2
721 4
722 2
725 1
729 3
734 1
735 4
738 2
739 5
741 4
742 4
744 3
746 4
748 2
755 2
759 1
762 4
763 4
765 3
773 4
778 4
779 1
780 5
783 2
785 3
790 4
792 5
800 3
801 1
805 4
808 2
809 2
813 4
815 3
820 3
824 3
825 3
829 2
831 4
833 2
840 2
842 2
844 3
845 4
847 4
849 3
866 2
867 3
869 2
871 1
872 3
873 3
875 4
919 4
926 2
928 3
939 3
940 2
943 2
948 2
952 3
953 3
956 4
960 4
979 4
993 2
997 2
998 3
1007 5
1011 2
1012 4
1013 1
1014 3
1016 3
1021 4
1023 2
1034 1
1037 3
1039 5
1040 1
1041 2
1044 3
1046 3
1047 2
1048 4
1052 2
1071 2
1073 4
1086 1
1088 2
1089 1
1090 1
1092 1
1095 2
1097 3
1098 4
1109 4
1110 1
1118 3
1135 2
1142 4
1145 2
1153 3
1157 2
1160 2
1178 2
1182 2
1187 4
1188 4
1199 3
1209 2
1210 1
1215 1
1217 1
1218 4
1220 2
1222 3
1224 2
1226 4
1228 2
1230 1
1232 3
1239 1
1258 2
1267 3
1270 1
1273 2
1286 4
1303 3
1315 3
1335 3
1337 1
1407 1
1411 2
1426 2
1508 1
1509 1
1510 3
1511 3
