1 5
2 2
7 4
11 1
12 5
13 3
14 4
15 1
16 3
33 3
42 4
45 5
48 5
49 3
50 5
52 2
56 1
59 3
60 3
61 4
64 5
66 3
69 3
70 4
71 3
76 1
79 3
81 3
83 3
86 4
87 1
88 2
89 3
91 2
96 3
97 4
98 4
100 3
117 2
121 3
127 5
129 3
131 3
134 5
135 3
143 3
144 2
151 4
153 3
154 4
156 4
160 4
163 3
165 4
166 4
168 4
169 5
170 4
171 5
172 4
173 3
174 3
175 4
176 4
178 4
179 1
180 4
181 4
183 4
184 3
186 4
187 4
188 2
189 5
190 3
191 3
192 2
195 3
196 4
197 2
198 4
199 4
200 3
201 3
202 3
203 4
204 2
207 5
209 5
210 3
212 3
214 2
215 2
216 5
222 2
223 4
228 2
237 2
238 3
239 3
242 5
245 1
246 3
249 3
251 5
257 2
258 4
268 3
269 4
272 3
275 2
282 3
285 5
286 4
287 3
289 4
298 4
300 3
302 4
305 3
311 5
315 5
317 4
318 3
326 2
327 3
338 3
347 3
357 5
382 5
385 1
403 2
405 3
408 5
423 4
425 4
427 5
428 3
431 4
433 2
451 3
462 5
464 3
469 2
471 4
474 5
475 4
478 3
479 3
480 5
482 2
483 5
484 3
485 2
486 5
505 3
511 4
512 4
527 5
528 4
529 5
530 5
550 3
557 4
566 3
582 4
597 2
602 3
610 3
628 4
631 3
638 5
650 4
654 4
655 4
660 4
663 3
664 2
679 3
684 3
686 3
690 4
708 3
709 5
713 4
729 3
733 3
735 4
748 3
749 2
751 3
770 3
778 4
792 4
793 5
806 3
845 3
856 5
863 4
865 3
904 4
921 5
923 5
941 2
943 2
947 4
960 1
961 3
963 4
971 4
1015 1
1018 5
1073 1
1074 2
1101 4
1104 4
1286 5
1411 3
1456 4
1485 3
1512 3
1513 2
