1 4
8 3
15 2
22 3
23 4
25 2
28 3
29 2
31 4
44 3
47 3
50 5
56 2
58 3
63 4
64 4
65 2
66 1
67 1
69 5
71 4
73 5
77 3
79 5
82 3
88 2
89 5
94 3
95 3
96 5
97 4
98 4
99 4
100 5
102 3
114 4
117 4
118 4
121 4
125 3
127 5
131 4
132 5
133 5
134 5
135 5
136 5
139 3
141 4
142 3
143 3
144 4
147 4
148 2
151 1
152 3
153 3
154 2
155 2
156 3
157 3
161 4
162 3
163 2
164 3
167 3
168 3
172 4
174 4
175 4
176 4
177 4
178 5
180 5
181 4
182 4
183 5
185 5
186 3
187 4
191 5
192 3
193 4
194 4
195 5
197 5
199 4
200 3
202 5
203 5
204 4
205 5
208 3
210 4
211 5
215 4
216 4
218 2
222 3
225 4
226 4
228 3
229 3
230 3
231 2
232 3
234 4
235 3
237 2
238 4
239 3
245 3
258 3
265 4
300 4
309 4
318 4
322 3
326 4
328 4
331 3
333 4
357 5
385 4
391 3
393 4
402 3
403 3
404 4
405 3
409 2
414 3
415 2
417 2
418 3
419 3
420 5
423 4
427 5
428 3
430 5
432 5
435 5
436 4
441 3
443 5
448 3
449 3
452 3
461 3
465 3
471 4
473 3
474 5
478 3
479 5
480 5
481 4
482 5
483 5
484 5
485 3
486 3
487 3
488 5
489 4
490 4
493 3
494 3
495 2
496 5
497 4
498 5
499 3
501 5
502 3
503 5
504 5
505 5
511 4
514 4
515 5
516 4
519 5
520 5
521 4
523 5
525 5
526 4
527 4
531 3
538 2
542 3
546 4
550 4
559 3
565 1
566 4
568 4
576 3
578 3
582 2
586 2
588 4
603 5
604 4
608 4
609 3
615 4
616 5
624 4
625 4
628 4
629 3
631 2
632 4
633 5
636 4
649 3
650 4
651 3
654 5
655 4
657 4
659 4
661 4
662 3
663 5
665 4
670 3
673 4
674 2
683 3
684 4
696 3
720 2
735 3
739 3
740 2
742 3
744 3
745 3
748 3
768 3
770 4
778 2
820 2
823 3
831 3
837 4
840 2
843 3
845 3
849 3
892 4
946 3
969 4
1050 4
1066 2
1091 2
1210 4
1470 1
