1 5
5 4
7 4
8 4
9 4
11 5
12 4
15 5
22 4
24 1
25 3
28 5
29 5
36 2
38 5
41 5
42 5
53 1
54 4
56 1
64 5
65 4
66 5
67 4
68 4
69 5
70 1
71 5
72 2
73 4
78 4
88 5
90 2
93 1
94 4
95 5
99 4
105 4
106 2
111 4
117 4
120 3
121 4
122 1
125 5
126 2
132 4
138 5
143 5
144 3
147 4
150 4
151 4
155 5
158 3
161 5
173 1
196 3
202 5
204 5
215 4
216 3
218 4
220 4
237 5
246 5
255 5
257 5
268 5
274 3
276 1
278 5
280 3
282 5
283 4
284 3
288 5
294 5
318 5
322 4
327 4
328 4
332 5
365 3
366 4
367 4
377 3
378 5
379 3
393 4
395 2
399 3
401 3
402 4
405 4
406 3
409 4
410 5
411 4
412 3
417 4
418 5
419 4
423 4
433 3
468 4
470 3
476 5
477 3
496 4
501 4
508 3
535 4
540 3
542 4
546 4
562 4
568 5
578 4
585 2
588 5
591 5
595 3
597 4
609 4
620 3
623 5
627 4
628 5
655 4
672 5
682 5
685 4
692 5
693 3
697 3
699 5
710 3
717 3
721 5
722 1
724 2
731 4
735 5
739 5
742 4
743 1
747 1
756 3
761 4
762 4
763 5
764 3
765 3
768 5
772 1
775 3
780 4
781 3
783 3
785 3
787 2
790 4
791 4
794 4
795 4
796 2
801 3
806 4
808 4
812 4
815 5
819 4
820 5
827 4
833 4
845 5
846 3
866 4
869 4
873 4
924 5
929 3
932 4
934 4
938 3
939 4
941 3
942 3
946 5
948 3
949 4
959 3
983 4
993 5
996 4
997 1
1012 4
1014 3
1016 4
1028 3
1029 2
1032 4
1041 4
1047 4
1048 4
1053 5
1054 1
1057 2
1063 5
1074 3
1085 1
1089 1
1094 1
1095 3
1136 5
1139 5
1145 4
1150 4
1152 4
1165 2
1178 2
1210 4
1217 2
1218 4
1220 5
1221 3
1225 3
1229 2
1253 4
1263 2
1267 3
1276 4
1289 2
1291 1
1297 4
1311 5
1469 4
1471 4
1473 4
1503 3
1517 4
1518 4
1519 4
1520 3
