1 3
2 4
3 4
4 3
7 4
11 4
17 5
22 5
24 3
27 3
33 4
38 4
42 4
50 4
51 5
54 4
56 5
62 4
66 4
68 5
71 3
77 3
79 4
82 3
89 4
90 4
92 5
95 3
96 5
97 5
99 4
100 4
117 4
118 1
121 5
122 3
123 4
129 4
145 4
147 4
148 4
156 5
159 4
161 4
164 4
172 4
173 5
174 4
176 4
177 5
183 4
184 5
185 4
188 4
195 5
202 4
204 5
210 5
226 4
231 2
232 4
233 4
235 3
238 4
240 3
241 4
248 5
250 4
252 2
257 4
274 4
276 2
278 3
284 4
288 4
291 4
292 3
294 4
300 4
340 2
358 4
368 3
369 4
385 4
399 3
403 4
405 4
410 4
411 3
413 3
421 4
431 5
433 4
452 3
453 3
456 3
458 4
470 5
472 3
501 3
546 4
550 5
552 4
554 4
566 3
568 4
570 4
572 3
576 3
586 3
588 3
597 3
625 4
627 4
678 3
679 4
685 4
692 4
716 1
732 3
739 4
742 4
751 4
760 3
763 4
769 3
771 3
774 4
800 4
808 4
825 4
827 4
833 1
849 4
869 4
892 3
895 4
946 5
974 3
976 2
1011 3
1041 3
1047 4
1052 2
1059 4
1081 4
1090 3
1091 4
1157 4
1188 4
1210 4
1215 1
1291 3
1522 3
