7 4
8 4
9 4
14 3
19 4
20 3
30 4
32 3
45 4
48 4
50 4
52 3
56 4
59 4
60 4
61 5
64 3
83 4
86 4
87 3
89 3
100 4
116 3
124 3
127 3
131 4
132 5
133 5
134 3
135 4
143 3
153 4
170 4
173 4
174 3
175 3
180 4
182 3
186 4
190 4
191 3
193 3
194 3
197 5
198 4
199 4
205 5
207 3
211 4
212 3
213 4
215 3
216 4
221 5
224 3
275 4
276 3
283 3
286 4
287 3
357 4
382 3
419 4
428 4
430 3
432 5
435 5
462 4
463 3
474 4
478 4
479 4
480 4
483 5
484 5
485 4
491 3
493 4
494 4
496 4
497 5
498 5
499 3
507 3
510 5
511 4
513 4
514 4
515 5
519 4
521 2
523 3
526 3
527 3
529 4
530 4
531 4
603 5
604 5
607 4
611 4
614 3
615 5
631 4
633 5
647 3
651 3
654 4
657 4
659 4
663 2
704 3
705 3
709 4
730 3
736 4
855 3
863 3
942 3
1028 2
1050 3
1101 3
1126 3
1194 5
1331 4
