7 2
9 4
11 5
15 3
22 5
23 5
50 5
56 5
64 5
79 4
93 4
98 4
100 4
117 3
121 3
127 5
144 4
150 4
151 4
156 5
172 5
179 4
180 5
181 5
186 4
199 4
203 5
204 3
210 4
215 5
222 3
223 4
238 4
243 1
245 2
246 4
248 3
249 3
255 4
257 2
258 4
268 4
273 4
282 3
286 3
288 3
289 2
292 4
293 4
294 3
295 3
298 4
300 2
319 2
322 2
327 4
328 3
332 3
333 4
334 3
467 5
475 3
479 4
508 4
535 3
544 4
546 2
619 3
651 5
678 2
713 4
741 3
744 5
762 4
763 4
764 3
772 3
847 3
873 3
875 3
876 2
886 3
933 3
993 4
1012 4
1017 3
1048 3
1050 5
1073 4
