1 4
2 2
4 4
7 3
8 4
9 5
10 4
11 4
12 3
13 2
14 4
22 4
23 4
24 2
25 2
26 3
28 3
31 2
32 4
33 3
42 3
44 3
47 4
48 4
50 3
55 4
56 2
64 2
65 2
66 3
69 2
70 4
72 2
79 3
81 4
82 2
83 2
85 2
86 4
87 3
88 2
89 4
90 3
92 4
93 4
95 3
96 2
98 4
99 4
100 4
108 3
111 4
117 3
121 2
127 4
129 4
131 4
132 5
133 4
143 4
144 4
147 2
150 4
151 4
152 3
153 4
154 4
156 4
160 4
161 3
164 3
168 4
169 2
172 4
173 4
174 4
175 2
176 4
178 4
179 2
180 4
181 4
182 4
183 3
184 3
186 2
188 5
190 4
191 4
192 5
195 4
196 4
197 4
198 4
200 4
201 5
202 4
203 3
204 4
209 4
210 3
211 3
215 4
216 3
217 3
218 3
219 4
222 2
226 3
228 4
230 4
232 4
233 3
234 5
237 4
238 4
239 3
245 1
246 4
249 2
250 2
255 3
257 2
258 1
260 1
264 2
265 2
268 4
269 3
271 3
273 2
274 2
275 4
281 3
285 4
286 2
288 4
293 3
294 3
298 3
300 2
301 3
302 3
305 5
311 3
313 4
318 5
321 3
324 3
327 3
328 2
333 2
336 2
338 1
340 4
344 4
357 4
367 4
381 4
382 3
393 3
396 3
403 3
405 2
408 2
410 2
411 3
418 3
419 4
421 2
423 3
425 3
428 4
431 3
433 4
435 4
447 4
451 4
455 2
461 3
464 4
466 3
469 4
474 3
475 4
476 2
478 4
482 4
484 3
494 4
497 4
498 4
502 3
506 3
507 4
508 2
514 4
517 2
523 4
527 4
529 3
533 4
537 4
546 2
550 2
558 4
559 2
568 2
582 4
583 2
588 4
589 3
603 4
628 2
631 3
634 5
644 3
645 4
650 4
651 4
652 4
655 4
658 2
659 4
663 4
672 2
676 3
678 3
682 3
684 4
686 4
702 2
708 4
709 4
710 4
715 4
718 4
732 1
735 2
746 3
749 3
753 4
772 3
778 3
792 4
805 4
806 4
811 4
845 3
849 2
856 4
865 5
874 3
875 4
886 2
895 3
896 5
919 5
921 4
949 4
952 2
959 5
960 5
962 3
1007 4
1012 2
1017 2
1019 3
1056 2
1067 4
1069 4
1070 4
1073 2
1075 4
1097 4
1098 4
1100 4
1101 4
1103 4
1129 2
1131 4
1141 3
1170 4
1218 4
