4 3
7 4
8 3
9 4
10 4
11 3
12 5
22 5
23 3
28 5
29 3
31 4
38 3
43 3
44 3
46 2
50 4
51 3
54 3
55 4
56 4
58 4
62 3
64 4
65 4
68 3
69 4
70 4
71 4
72 3
73 4
76 3
77 4
79 4
82 4
85 1
89 5
96 4
97 3
98 4
100 5
117 4
118 3
121 4
127 5
132 5
133 5
135 3
144 4
148 3
149 2
153 2
155 4
157 5
159 3
161 4
162 4
164 3
167 3
172 4
176 5
177 3
180 4
181 4
182 2
183 5
185 4
186 4
187 4
188 5
192 4
194 3
195 3
198 3
199 4
200 4
203 5
204 3
205 4
211 4
215 3
216 3
218 4
222 3
223 4
226 3
227 3
228 3
229 3
230 3
231 2
232 3
234 4
235 3
237 4
241 5
245 4
258 5
260 2
265 5
270 2
271 3
272 5
273 3
275 4
281 4
282 3
284 3
286 5
289 4
291 4
294 3
299 2
300 5
301 2
302 4
313 4
315 4
316 5
317 4
318 5
322 3
323 3
326 4
327 3
328 4
331 4
332 3
333 3
343 3
344 4
347 5
349 2
350 3
356 3
357 4
370 3
371 4
380 3
383 3
385 3
399 2
402 3
403 3
405 4
423 4
427 3
431 2
432 1
433 2
435 4
443 4
447 2
448 3
449 3
451 4
470 4
471 3
474 4
480 3
481 3
482 3
483 5
498 5
503 3
504 3
510 5
511 4
515 5
518 2
519 5
520 5
521 4
523 5
528 5
531 4
540 3
546 3
549 4
550 3
553 3
554 3
556 3
559 3
561 3
566 5
568 3
569 4
570 3
572 3
578 2
579 3
582 5
586 1
589 4
591 3
595 3
597 3
601 4
606 3
610 3
614 4
620 3
623 3
627 3
628 3
636 3
637 3
639 2
645 4
646 3
649 3
651 5
655 4
657 4
661 5
662 3
665 2
679 2
684 5
685 4
688 1
689 5
690 3
692 4
693 2
696 3
699 4
708 2
715 2
720 3
723 3
726 4
729 4
736 3
739 3
742 4
744 4
748 3
750 4
751 3
752 2
754 4
755 3
778 3
798 2
809 4
810 3
823 3
849 3
879 3
903 3
905 3
911 3
912 3
915 3
916 2
939 4
956 4
983 3
984 3
1015 3
1021 3
1041 3
1042 3
1106 2
1107 3
1109 3
1112 4
1126 3
1135 1
1136 4
1139 1
1217 3
1248 3
1263 3
1277 3
1313 4
1401 2
1439 3
1478 3
1483 4
1518 3
