1 5
8 5
11 4
15 5
21 5
22 5
25 5
28 5
31 5
38 4
44 5
47 5
50 5
51 5
58 5
63 3
64 5
66 5
67 4
69 5
70 4
71 5
72 5
73 5
77 4
80 2
82 4
88 5
91 4
94 4
95 5
97 5
98 5
99 4
100 4
102 4
105 4
117 5
118 5
121 4
126 5
132 5
133 5
135 3
136 5
143 5
148 4
151 4
153 5
161 4
168 3
172 5
174 5
177 4
181 5
185 4
193 5
195 3
197 5
200 5
202 5
204 5
205 3
208 5
209 3
210 5
213 5
215 5
216 5
225 4
228 5
231 5
235 5
237 4
238 5
252 4
255 4
257 5
275 5
277 4
283 5
284 5
286 5
293 3
318 5
357 4
370 4
376 4
384 2
385 5
393 4
403 5
405 5
418 5
419 5
422 4
423 5
427 5
432 4
443 4
447 4
451 5
465 5
468 5
470 5
473 4
479 5
485 5
496 5
501 5
527 3
549 5
554 3
559 3
568 5
570 4
575 4
584 3
588 5
596 5
603 5
627 5
651 5
660 5
692 5
694 5
699 5
708 3
729 5
732 5
739 5
747 3
763 5
823 3
845 5
864 4
866 5
963 5
966 5
969 5
989 5
993 4
1016 3
1028 4
1035 4
1044 5
1084 5
