1 3
3 1
4 4
13 3
15 4
25 3
26 5
33 3
41 3
42 5
49 4
50 4
56 4
63 2
66 3
67 4
70 5
72 3
85 3
88 2
90 5
94 3
100 3
105 4
108 3
111 3
117 3
121 4
122 5
124 1
125 3
151 1
153 5
154 5
158 3
168 5
173 5
186 4
202 1
204 5
208 2
210 5
216 5
232 3
237 5
238 3
239 3
257 4
273 5
275 4
276 4
282 3
284 4
288 3
290 3
294 4
367 3
368 1
383 1
388 1
393 3
395 2
399 3
401 1
405 3
407 1
410 3
451 2
475 4
546 3
571 1
575 3
577 1
579 3
585 3
591 5
619 3
628 3
655 3
692 3
710 4
716 2
722 3
732 3
734 1
738 1
742 3
746 3
762 5
763 3
765 4
780 3
781 3
785 1
790 2
796 3
824 3
845 1
859 2
864 1
871 2
926 1
949 4
959 3
998 1
999 2
1011 2
1012 5
1017 5
1037 1
1041 2
1047 4
1048 4
1051 2
1054 1
1057 4
1059 3
1074 5
1079 1
1094 1
1098 3
1118 4
1183 1
1188 3
1218 3
1230 2
1249 3
1437 2
1446 1
1496 1
