1 5
4 4
5 3
7 4
9 5
11 4
12 5
22 5
23 5
25 4
28 4
29 3
30 3
32 5
42 4
45 5
47 4
50 4
53 4
55 3
56 5
58 3
64 5
65 4
67 3
69 4
73 3
74 4
76 3
79 4
80 3
81 5
82 4
86 4
88 4
89 5
91 5
92 4
94 2
97 4
98 4
99 4
100 5
101 3
117 3
121 3
124 4
126 4
127 5
130 4
131 5
132 5
133 4
134 5
135 5
136 5
139 3
143 5
144 3
145 3
150 4
151 4
153 4
154 4
156 5
157 4
159 3
160 5
161 3
163 4
167 4
168 4
170 5
173 5
174 4
175 5
176 4
178 5
179 5
180 5
181 4
182 5
183 4
185 4
186 4
187 5
188 4
190 4
191 5
192 5
194 4
195 3
196 4
197 5
198 5
199 5
200 5
203 4
204 3
205 5
208 4
209 5
211 5
212 4
213 4
214 3
216 3
217 3
218 3
222 4
226 2
227 2
228 4
229 3
231 2
233 1
234 4
235 3
238 5
240 4
241 4
248 4
250 5
257 4
258 3
265 3
269 5
270 2
276 4
286 5
288 3
293 5
298 2
302 4
317 4
327 4
343 3
346 5
347 4
357 5
380 3
383 1
396 4
402 3
403 3
404 4
410 2
411 2
415 3
423 3
427 5
428 5
431 4
433 4
434 4
435 4
436 4
447 4
449 3
451 3
461 5
469 5
474 4
475 5
478 5
479 5
480 5
483 5
484 5
485 5
488 5
496 5
498 4
503 4
504 5
506 4
508 4
509 4
511 5
514 3
515 5
516 4
518 5
521 4
522 5
523 5
525 5
527 4
528 5
530 5
546 4
549 4
550 2
566 3
568 3
573 3
582 4
589 5
603 5
607 5
614 3
631 5
632 4
636 4
637 4
639 4
640 5
642 5
644 5
649 5
650 4
654 5
655 4
657 4
660 4
661 5
663 5
673 5
675 4
678 2
693 5
702 4
709 5
719 3
735 4
736 3
737 3
739 3
770 4
772 4
790 2
806 4
823 3
845 4
856 5
939 4
942 4
961 3
1017 5
1030 1
1039 4
1110 4
1113 4
1135 2
1139 3
1153 4
1240 5
1244 4
1248 3
1258 3
1267 3
1301 3
1404 5
1526 4
