3 2
4 4
7 4
8 4
9 5
11 5
12 5
13 3
14 5
15 3
23 5
25 2
26 2
28 2
32 5
42 3
47 5
56 5
57 3
58 5
68 3
88 1
89 3
92 4
93 4
95 4
98 3
100 5
108 4
111 3
114 5
122 4
123 5
124 4
125 2
129 5
131 5
132 5
133 4
134 4
135 3
137 2
143 5
144 5
149 5
150 3
152 4
153 4
156 4
160 3
165 3
169 5
174 2
175 5
179 5
182 5
188 3
189 5
191 5
192 4
193 5
194 3
196 3
197 4
204 4
208 4
209 5
212 5
216 5
220 1
223 4
236 3
237 4
238 4
240 3
246 4
248 3
249 3
251 5
255 4
257 2
262 2
274 2
276 3
282 1
286 4
287 3
288 5
289 2
293 4
294 3
297 3
298 3
301 5
319 4
320 5
324 1
326 1
327 4
357 3
367 5
378 4
381 5
382 3
408 5
410 3
412 3
421 3
423 4
427 4
428 5
433 5
461 3
475 5
476 4
478 3
482 5
483 4
486 5
487 5
488 5
496 4
499 5
507 4
508 3
514 5
517 5
518 3
523 4
531 3
535 3
544 1
547 5
558 5
574 1
581 3
584 4
591 3
606 5
607 3
654 4
655 4
656 5
657 5
663 4
692 1
699 4
716 2
723 3
724 1
727 3
732 3
746 4
756 3
762 2
763 3
764 1
772 1
789 3
792 3
813 5
815 4
818 4
833 3
844 3
846 2
866 1
873 3
875 1
928 3
950 2
952 3
965 4
974 2
975 2
1007 4
1008 3
1009 1
1010 1
1011 3
1012 4
1014 1
1016 1
1047 2
1048 1
1057 2
1070 3
1071 4
1073 1
1094 3
1103 3
1128 5
1160 3
1163 3
1166 1
1167 1
1170 3
1300 1
1315 1
1368 5
1528 3
