1 3
4 4
5 3
7 4
8 5
9 5
11 3
12 5
13 3
14 5
19 4
22 3
25 4
26 3
39 3
45 5
50 5
58 3
64 5
69 2
70 3
71 3
73 3
79 4
83 4
86 4
87 4
88 3
89 5
95 4
96 4
97 3
98 4
100 5
106 2
111 4
117 3
118 3
119 5
121 3
122 1
124 5
125 3
127 5
129 4
132 4
137 5
148 2
151 5
169 5
172 4
173 5
174 5
175 5
176 5
181 3
183 5
190 5
191 5
195 5
196 4
198 5
202 4
203 4
204 4
208 5
210 4
213 4
215 3
216 4
222 4
228 4
235 3
237 3
244 3
245 3
246 4
248 4
251 5
255 4
258 3
268 3
269 4
272 5
273 4
274 2
275 4
276 4
278 3
280 3
281 3
283 4
284 3
285 5
286 3
288 4
290 2
291 3
295 3
297 4
298 4
301 4
302 5
303 4
304 3
306 5
311 4
313 3
315 5
316 4
319 1
322 2
357 5
367 5
372 4
385 2
405 2
408 5
421 2
431 3
433 4
451 4
459 4
462 2
463 4
471 3
472 3
473 4
476 3
477 3
478 4
479 4
486 4
487 5
494 4
496 4
508 4
509 4
511 4
516 5
529 5
530 4
535 3
537 4
546 3
559 3
562 2
568 5
588 5
597 2
619 4
628 4
647 4
660 3
663 5
678 2
684 3
694 5
696 3
707 4
708 4
709 5
713 3
715 4
716 3
742 3
751 4
756 2
762 3
764 1
815 2
844 1
845 3
864 3
896 4
926 2
928 2
955 4
972 4
1007 4
1014 4
1020 5
1048 3
1050 3
1082 2
1137 3
1142 5
1165 1
1172 4
1283 2
