12 4
14 4
23 5
26 3
28 3
47 4
49 3
50 5
53 2
55 2
56 4
59 4
60 4
66 4
70 4
79 4
83 3
86 4
88 4
90 2
97 4
98 5
100 5
111 3
121 2
129 4
148 1
150 2
155 3
156 4
165 5
166 4
168 4
170 5
173 5
176 4
178 5
179 4
183 4
185 5
186 3
190 5
194 4
197 5
202 3
203 5
204 4
207 4
212 5
213 5
216 5
218 3
222 2
226 3
228 4
234 4
237 4
238 4
258 3
269 4
273 3
274 3
275 4
276 4
283 4
285 4
286 5
319 5
333 2
340 3
367 3
387 3
402 3
421 3
430 5
435 5
443 3
451 3
466 4
475 4
498 4
502 4
504 4
513 5
514 5
517 5
524 4
525 4
527 4
531 5
603 5
611 4
639 4
652 4
654 4
655 3
657 5
659 5
673 4
684 4
692 4
694 4
705 5
707 4
709 5
727 3
737 4
739 4
742 1
762 2
770 3
781 2
794 3
813 4
934 3
949 4
1041 2
1074 3
1103 4
1119 3
1152 2
