2 4
4 4
12 5
15 4
20 2
22 5
24 4
25 4
28 3
31 3
48 5
50 5
58 4
64 4
66 4
68 5
69 4
70 4
71 5
79 4
80 3
81 2
82 1
83 5
88 4
89 5
90 4
94 2
95 5
96 4
97 3
99 5
100 3
102 5
105 3
110 3
114 5
117 4
125 4
127 2
131 4
132 3
135 1
136 4
139 3
142 3
143 3
144 3
150 4
151 4
153 5
154 5
155 4
156 2
161 4
162 3
163 4
165 5
166 5
168 5
169 5
170 5
172 5
173 5
174 4
175 3
177 3
178 4
179 3
180 3
181 5
184 4
186 5
187 2
189 5
190 5
191 4
194 4
195 4
196 5
197 3
202 3
204 5
206 4
208 4
209 4
210 5
211 4
213 4
214 4
215 4
216 4
217 3
225 4
226 3
228 4
229 4
230 4
231 3
232 3
233 3
238 4
239 3
241 5
259 5
265 4
269 5
275 5
278 5
281 3
286 3
290 5
317 4
318 5
328 4
357 4
366 4
367 3
378 5
380 4
382 4
385 3
386 3
389 3
390 3
392 4
393 4
399 3
401 4
402 4
403 3
404 4
409 2
414 3
417 3
418 5
420 4
421 4
423 2
427 4
431 5
432 5
433 3
435 4
451 5
459 4
465 4
471 3
472 3
474 3
480 3
485 4
487 4
488 3
494 4
496 5
497 3
499 4
506 4
510 3
514 4
520 4
527 4
528 3
529 4
550 3
553 4
559 3
566 4
568 4
571 1
577 1
588 3
596 3
598 3
603 4
625 4
627 4
632 3
633 4
645 5
648 4
649 4
651 4
655 5
658 4
660 4
679 2
684 4
694 5
699 4
704 2
705 4
707 4
709 5
715 2
724 5
727 4
729 4
732 3
734 3
735 5
739 3
746 4
747 4
748 4
756 3
778 5
828 3
842 3
843 3
849 3
856 3
941 4
946 5
949 4
1006 2
1039 4
1066 4
1078 3
1079 4
1087 1
1110 4
1113 1
1119 5
1133 3
1135 3
1147 4
1188 3
1228 2
1230 3
1444 3
1530 2
