1 4
2 4
4 2
5 4
7 1
9 1
11 4
12 4
15 3
17 2
23 3
24 3
25 5
27 4
28 5
29 3
31 5
38 4
39 4
48 5
50 3
54 4
55 2
56 5
64 5
66 3
68 1
69 5
70 4
71 5
77 5
79 4
82 4
87 5
88 3
89 2
95 4
96 4
97 5
98 5
100 5
106 3
111 2
116 1
117 5
118 5
120 3
121 4
122 2
123 2
124 3
125 5
126 3
127 4
129 5
135 4
137 2
143 2
144 5
147 3
148 4
150 4
151 3
153 5
156 2
159 4
161 5
162 2
164 4
168 1
172 3
173 3
174 5
176 4
179 1
181 3
182 5
183 4
184 2
185 5
186 5
192 5
193 4
195 3
196 1
197 5
200 5
202 3
203 3
204 4
210 4
216 5
218 4
220 2
222 4
223 5
225 3
226 5
227 4
228 5
229 5
230 5
231 2
233 3
234 4
235 3
237 5
239 4
240 1
241 5
247 1
248 1
252 3
254 3
257 3
265 5
273 2
274 4
276 4
278 2
279 4
280 3
281 3
282 5
284 1
288 4
289 1
291 3
292 4
294 2
310 5
318 2
322 4
323 3
356 3
363 3
369 1
385 4
393 4
403 2
405 4
406 3
411 3
412 4
423 3
424 1
427 3
443 5
449 4
450 4
454 4
457 1
458 5
463 1
465 5
466 5
467 4
468 4
471 4
472 2
475 1
476 2
477 1
483 3
504 4
521 4
526 4
527 4
540 3
544 1
546 5
550 5
552 4
554 2
558 1
566 3
568 5
572 2
576 3
581 4
591 4
595 3
597 4
619 3
620 3
628 3
637 4
642 1
651 4
654 3
665 4
684 5
685 4
692 5
693 5
696 3
713 1
717 3
732 4
735 5
741 3
742 5
743 1
756 3
758 1
761 3
762 5
763 3
770 5
779 3
789 4
806 3
815 4
818 3
819 3
820 4
823 1
824 4
825 3
829 2
832 1
844 4
845 2
846 2
872 5
880 5
924 5
925 3
928 1
930 2
931 3
932 1
934 3
948 2
952 2
963 5
974 4
975 4
977 1
978 2
979 3
983 2
986 3
1001 1
1010 5
1011 4
1013 2
1014 1
1028 1
1033 4
1042 5
1046 5
1047 3
1048 3
1049 1
1051 4
1059 2
1093 2
1094 4
1101 4
1134 4
1150 1
1194 4
1197 4
1206 2
1210 4
1215 1
1217 2
1218 2
1248 3
1277 3
1322 3
1407 2
1513 2
