1 4
2 3
4 5
7 5
8 5
9 4
12 5
23 4
28 4
47 5
50 4
52 4
54 2
56 5
62 2
63 2
64 5
69 4
79 5
82 4
83 4
88 4
89 4
90 2
93 3
94 5
96 5
97 3
98 5
100 5
116 4
124 5
127 5
131 5
133 4
135 4
137 5
141 4
143 4
144 5
151 4
152 5
153 4
157 4
158 1
161 2
163 4
164 4
168 4
172 4
173 5
174 5
175 5
176 5
177 4
178 5
179 5
181 4
183 4
185 5
186 5
187 5
188 4
191 5
192 4
193 4
194 5
195 3
196 4
197 5
199 4
200 4
202 5
203 4
204 5
205 5
208 4
210 4
211 5
216 4
219 3
227 4
230 4
233 3
234 5
238 5
239 4
251 5
257 4
265 4
270 3
271 3
284 4
285 5
286 4
294 3
300 3
306 3
310 4
317 5
331 4
339 3
345 3
357 5
372 4
381 5
383 2
385 2
391 4
393 4
395 2
398 1
401 3
402 3
403 4
405 3
414 5
417 5
419 4
427 5
428 4
433 4
434 3
435 5
436 3
443 4
447 4
448 4
451 4
452 3
461 4
474 5
480 5
496 5
502 5
504 5
511 4
514 3
516 4
517 4
520 5
522 5
523 4
524 4
526 4
527 3
528 5
529 4
530 5
554 4
559 3
563 2
566 4
568 5
575 2
576 4
577 4
603 5
616 2
621 4
622 5
631 5
636 3
637 2
644 5
649 4
651 4
654 5
655 5
659 5
663 3
674 3
684 4
686 4
701 4
704 3
705 4
707 5
709 5
710 4
712 3
729 4
732 5
735 4
736 4
746 3
842 4
843 4
855 4
1022 3
1032 2
1035 3
1075 3
1113 4
1206 2
1219 2
