1 4
7 3
9 3
12 5
22 4
28 4
31 1
38 2
50 4
58 2
59 4
60 4
61 4
62 1
64 3
69 4
71 4
79 4
81 3
86 4
89 5
95 4
97 3
98 4
100 4
109 2
114 3
118 2
121 3
132 4
134 3
135 3
139 1
151 4
152 2
154 3
161 2
163 2
168 4
170 4
172 3
174 4
176 3
177 3
179 3
180 2
181 3
182 3
183 4
185 4
186 3
190 5
194 4
196 4
197 3
199 3
200 4
204 2
208 2
211 3
213 2
215 3
217 2
222 3
228 3
229 3
234 2
238 3
241 2
258 4
265 3
270 3
272 4
286 5
300 3
302 5
306 4
313 4
315 4
318 4
340 3
356 2
357 4
382 3
414 2
416 2
419 3
423 3
425 4
427 4
428 3
433 3
435 3
443 4
449 3
462 4
463 4
465 4
474 4
479 4
480 4
483 4
496 4
498 4
502 1
506 3
512 3
514 2
515 4
518 3
521 2
527 4
529 3
530 5
549 3
554 2
561 2
566 3
570 3
573 1
582 4
587 4
610 2
614 3
629 2
630 2
631 4
651 3
652 3
654 4
663 4
664 3
665 2
670 1
684 3
699 3
708 3
709 4
712 2
729 3
732 4
736 4
744 3
750 4
751 3
753 4
770 3
845 4
856 3
923 3
956 4
959 2
1039 3
1045 3
1065 4
1101 4
1113 4
1116 4
1168 3
1404 2
1444 1
1449 4
