1 4
2 4
4 3
7 5
8 4
10 4
11 3
12 5
13 4
20 4
22 5
23 2
24 5
25 2
27 1
28 5
29 1
31 3
32 5
33 3
39 3
42 4
46 3
47 4
48 4
50 5
52 5
53 4
55 3
56 5
58 4
61 3
62 2
64 3
68 4
69 3
71 2
76 3
79 4
81 3
82 4
83 4
89 5
91 4
92 4
93 5
95 2
96 4
97 2
98 4
99 5
100 5
101 4
102 3
107 3
109 4
113 4
114 5
116 3
117 3
121 2
123 3
127 4
129 5
133 2
135 5
136 3
144 3
147 2
151 3
152 1
153 4
156 5
161 1
168 5
169 5
172 4
173 4
174 5
175 5
176 3
178 3
179 5
180 4
181 4
182 5
183 4
184 3
186 2
187 4
188 5
189 5
190 5
191 4
192 5
193 5
194 3
195 4
196 2
197 2
198 4
199 4
200 5
201 5
202 3
203 4
204 2
205 5
206 4
208 3
209 5
210 4
211 4
214 5
215 2
217 3
218 3
219 2
222 4
223 5
224 5
226 3
227 4
228 5
229 2
230 3
231 3
232 2
233 3
238 5
239 1
241 1
243 1
246 3
248 4
250 4
258 4
265 4
268 3
273 4
277 4
286 2
288 3
289 1
293 4
294 2
295 3
298 3
317 4
318 3
319 1
320 4
321 3
324 4
325 2
333 3
357 5
367 3
380 2
381 4
385 3
393 2
399 3
403 3
408 4
410 3
414 4
418 3
423 3
428 4
429 3
430 3
431 3
432 4
434 5
435 3
436 4
441 1
444 4
446 2
447 4
448 3
455 4
458 1
461 5
463 4
470 3
473 4
474 5
475 3
477 1
488 3
496 3
501 4
508 4
511 3
513 5
514 3
515 5
516 3
518 4
520 4
521 3
526 4
528 4
530 4
531 3
532 3
547 4
549 5
550 2
551 2
558 4
559 3
561 3
563 2
564 1
566 3
567 2
568 2
569 2
578 2
580 5
581 4
582 3
583 4
588 3
593 3
603 4
619 1
625 2
641 5
642 4
650 2
651 2
655 3
659 4
663 4
665 2
672 2
674 2
676 1
678 3
679 5
684 3
692 1
693 5
697 1
715 5
718 4
727 5
731 1
732 1
735 2
737 3
742 2
744 3
746 1
768 1
769 1
772 4
773 4
774 3
789 4
790 1
806 1
844 5
845 4
847 3
854 5
856 5
919 5
942 4
943 4
952 5
953 2
969 3
972 2
984 1
1007 5
1008 4
1011 3
1012 4
1014 3
1018 3
1019 4
1069 2
1078 1
1091 1
1097 3
1110 2
1115 3
1118 3
1128 4
1129 4
1134 1
1143 5
1166 3
1187 4
1198 3
1199 5
1240 5
1537 4
1538 3
