1 4
4 4
8 4
15 2
23 4
25 3
28 4
29 2
38 2
40 3
42 4
47 4
50 5
53 2
56 5
58 4
59 5
64 4
65 4
66 3
67 2
69 5
71 4
72 3
77 2
79 4
80 3
81 3
82 4
87 5
88 3
90 3
94 2
95 3
98 4
99 5
100 5
105 3
109 3
111 3
118 2
124 4
127 5
131 3
132 5
133 5
134 5
135 2
136 4
142 3
143 3
151 4
152 4
153 3
154 3
155 2
159 2
160 4
161 2
167 3
168 5
172 5
173 3
174 4
176 4
178 4
179 4
181 4
182 5
185 5
186 2
187 5
191 5
194 4
196 3
197 5
199 5
202 5
204 4
205 4
208 5
209 4
210 2
211 4
216 2
217 3
234 4
238 5
239 3
240 3
249 3
257 3
274 4
275 5
283 5
285 5
286 2
300 3
301 4
302 5
346 4
347 4
367 4
371 4
378 5
383 2
384 2
386 3
393 2
395 2
396 3
401 3
402 3
404 5
407 1
410 3
411 4
412 3
414 4
416 4
418 4
419 3
420 3
423 5
427 5
428 3
429 4
430 5
435 4
451 2
454 2
467 3
471 4
474 5
475 5
477 4
478 5
479 4
480 5
481 5
482 5
483 5
484 5
485 5
486 4
487 5
488 5
489 4
490 3
491 5
492 5
493 5
494 5
496 4
497 4
498 5
499 4
501 5
502 4
503 3
504 4
506 4
507 5
509 4
510 3
514 5
517 4
518 4
519 4
520 3
521 3
524 5
525 4
526 3
527 3
531 4
550 3
553 2
558 4
559 3
568 3
579 1
583 2
584 4
588 5
591 3
602 4
603 5
604 4
605 5
607 3
608 3
610 5
612 4
613 5
615 4
616 4
618 4
629 2
630 3
631 5
642 4
649 4
654 5
656 5
657 5
661 4
662 3
663 4
664 4
671 5
674 2
675 3
684 4
686 3
693 4
699 5
700 2
705 5
709 4
712 3
715 3
722 2
728 3
731 3
732 4
736 5
739 2
756 2
763 1
778 4
780 3
785 3
792 4
820 3
824 3
835 5
836 4
845 4
847 4
923 5
926 3
942 3
945 4
946 3
954 4
955 4
965 5
969 4
997 3
1007 4
1036 2
1041 3
1050 4
1052 2
1074 2
1098 4
1114 2
1119 3
1121 4
1147 4
1168 3
1197 3
1203 5
1204 4
1286 5
1298 5
1444 3
1451 5
1518 2
1530 2
