8 5
11 4
23 5
50 5
58 4
59 4
98 5
99 5
114 4
127 5
129 4
134 5
165 5
166 5
169 4
170 5
172 5
173 4
174 5
178 5
179 5
180 5
181 5
189 4
191 5
197 5
199 5
200 3
209 5
244 3
246 5
248 4
249 1
250 3
255 3
257 5
258 2
260 1
268 5
269 5
270 4
271 1
272 5
276 4
285 3
286 2
288 4
289 5
293 4
294 4
297 4
298 1
300 2
302 5
303 4
304 4
310 4
312 4
313 5
316 5
319 5
321 5
323 3
324 1
325 4
326 2
328 3
333 4
340 5
344 4
345 4
346 4
347 4
463 3
482 5
488 4
491 5
492 4
493 4
495 3
510 4
511 5
513 5
515 5
517 5
528 5
534 4
538 2
589 4
604 5
615 5
632 5
650 5
657 5
663 4
705 5
813 3
837 5
847 4
872 4
873 3
875 3
880 4
1007 5
1012 4
1014 3
1142 5
1143 4
1160 2
1226 4
1258 1
