1 3
2 4
3 3
4 4
5 3
7 4
8 3
9 4
11 3
12 5
15 3
17 1
21 3
22 4
24 3
25 2
26 3
27 4
28 4
29 4
31 4
33 3
36 3
38 4
40 1
41 4
42 4
48 2
49 4
50 5
51 4
54 4
55 4
56 2
58 3
62 4
64 4
65 2
66 3
67 3
68 4
69 4
70 3
71 3
72 4
73 4
77 3
78 2
79 4
80 3
81 2
82 4
83 4
84 3
85 3
86 2
87 4
88 3
89 3
90 2
94 4
95 4
96 4
97 4
99 3
100 1
105 3
108 2
109 3
110 2
111 3
117 4
118 4
121 4
122 1
123 4
125 4
126 4
128 3
132 2
134 2
135 1
136 5
138 3
139 4
141 2
142 4
143 5
144 3
145 3
147 5
148 4
153 3
154 2
161 4
168 4
169 3
172 5
173 5
181 4
184 4
186 3
189 4
191 3
194 4
195 3
196 4
202 3
203 4
204 4
206 3
210 4
215 4
222 4
223 4
227 4
228 3
233 3
237 4
239 4
240 2
241 4
243 4
245 3
248 4
249 3
250 4
252 3
255 4
257 4
258 4
259 4
265 4
270 5
271 3
272 4
273 3
274 4
275 4
278 4
280 4
281 4
282 4
283 3
288 3
290 3
291 4
294 4
298 4
302 4
303 4
304 4
310 4
313 4
315 5
316 5
317 4
318 3
321 3
322 4
323 2
328 5
332 4
333 4
338 2
342 5
344 3
347 4
349 3
354 4
355 3
356 3
357 2
362 3
363 3
364 2
365 3
366 4
367 3
369 3
373 4
374 3
376 4
377 3
378 4
380 2
384 3
385 4
386 4
391 3
392 4
393 3
394 5
395 3
396 1
398 4
399 4
402 3
403 3
404 3
405 4
409 4
410 4
411 2
412 3
415 4
417 3
418 3
419 4
420 3
421 2
423 3
431 2
443 3
449 2
451 3
456 3
459 4
463 4
465 4
470 4
471 4
472 3
473 3
476 3
477 3
479 4
480 4
483 4
485 2
494 4
496 5
497 4
500 4
501 3
507 2
527 3
538 3
539 3
540 3
541 3
544 3
546 2
550 3
552 2
553 3
554 4
559 3
560 3
561 3
566 3
568 4
569 4
571 3
572 4
575 2
576 3
577 4
578 4
585 2
586 3
588 4
591 5
596 4
597 3
613 4
620 4
622 4
623 3
625 4
627 4
628 4
630 4
633 2
636 3
644 3
651 4
652 3
655 3
659 4
672 3
681 3
683 4
684 4
685 3
686 4
687 3
689 3
690 4
692 3
693 3
696 4
705 4
710 4
715 1
717 3
720 3
721 2
722 2
724 3
725 2
727 3
728 3
729 4
731 3
732 4
737 2
739 3
742 4
747 4
748 3
751 2
755 3
756 4
761 4
763 5
769 4
771 3
774 4
775 4
778 3
779 3
780 4
781 4
783 3
785 3
787 5
789 1
790 4
792 1
794 4
797 3
802 3
805 2
808 4
810 4
812 3
815 4
819 3
820 3
821 3
823 3
824 3
825 4
826 3
831 1
833 4
836 4
840 4
841 3
842 4
843 3
845 4
864 3
866 3
870 3
871 3
876 3
879 3
890 1
892 3
893 3
905 3
922 4
924 4
926 4
929 3
930 3
932 3
934 3
939 4
940 2
941 4
944 4
949 3
951 3
953 4
964 2
977 4
982 3
996 3
997 1
999 4
1000 3
1001 4
1014 3
1016 5
1028 3
1032 3
1034 2
1035 3
1039 3
1040 3
1043 3
1044 4
1047 3
1048 3
1049 4
1051 3
1053 3
1055 4
1058 4
1063 4
1074 3
1076 3
1091 2
1092 3
1095 2
1120 3
1139 3
1165 3
1168 3
1169 5
1178 3
1179 4
1180 4
1181 3
1182 3
1183 3
1185 3
1197 3
1206 3
1210 3
1215 3
1219 4
1221 3
1224 3
1225 3
1228 3
1239 3
1244 3
1249 4
1258 3
1270 3
1285 3
1314 3
1337 3
1407 3
1409 4
1419 3
1435 3
1440 3
1441 3
1446 5
1468 4
1469 3
1531 4
1539 2
