7 5
8 4
12 4
14 3
22 4
23 5
50 5
56 5
58 5
65 2
95 4
100 5
108 4
109 4
117 3
127 5
134 5
135 5
156 5
171 5
172 5
174 5
177 5
178 5
181 4
182 5
183 4
186 5
192 5
194 3
195 3
197 5
199 5
210 4
221 4
223 4
243 1
261 1
268 4
273 4
286 4
288 4
289 3
298 4
302 5
313 4
318 4
322 1
324 2
325 3
327 2
332 2
334 3
338 4
340 2
343 2
345 4
346 4
357 5
358 2
390 3
423 5
435 4
457 1
474 5
475 4
479 4
480 5
483 5
484 5
492 4
498 4
504 5
513 5
522 5
529 4
588 4
591 4
611 5
615 5
641 5
652 3
657 5
665 3
680 1
688 1
693 4
705 5
748 2
751 3
853 4
855 4
878 1
894 1
896 4
988 1
989 1
991 1
1001 1
1018 4
1019 3
1298 3
