1 5
2 3
4 2
8 3
12 3
13 3
15 5
25 4
28 5
31 3
47 3
49 3
50 5
56 4
58 4
63 2
64 4
65 3
66 4
69 5
70 4
71 5
72 3
73 3
79 4
82 5
85 4
86 3
87 4
88 4
94 2
95 5
96 4
97 4
100 3
111 3
117 4
124 5
125 3
126 4
127 4
132 5
133 3
134 3
135 3
144 5
152 4
153 4
154 2
158 3
159 3
162 5
163 3
167 3
168 3
172 5
173 4
174 5
176 4
178 5
181 4
182 4
183 4
185 5
186 4
191 4
194 5
196 4
197 5
199 4
202 3
203 4
204 4
205 5
208 5
211 4
216 5
227 2
228 5
229 3
230 3
231 2
234 4
235 2
237 3
239 3
274 3
276 4
283 3
284 2
357 4
367 3
385 3
393 5
399 4
403 4
414 3
417 3
423 5
427 4
429 4
430 4
432 3
435 5
447 2
474 4
476 3
478 5
479 4
480 5
481 3
482 5
483 5
484 4
485 5
491 5
493 5
494 3
495 4
496 5
497 3
498 5
501 3
502 3
504 3
510 4
514 4
519 4
520 5
521 5
523 4
525 3
582 2
588 4
589 3
591 3
602 4
603 4
604 5
607 3
610 4
633 4
648 5
654 4
655 4
659 3
661 3
662 2
663 2
684 4
692 4
700 2
705 5
708 3
710 2
712 2
715 2
732 4
735 4
737 2
756 3
796 3
837 4
953 3
969 4
991 2
993 3
1020 3
1041 3
1119 4
1126 4
1450 5
