1 2
9 3
11 2
13 2
14 3
25 4
26 3
44 4
50 1
64 3
65 4
69 3
70 4
71 2
83 4
88 4
97 4
99 4
100 4
111 4
117 3
121 3
125 3
127 1
133 4
135 1
137 3
143 4
144 5
147 2
151 1
153 2
154 1
157 3
161 2
162 5
168 1
172 3
173 3
174 4
181 3
185 4
188 1
191 4
194 4
196 5
197 4
198 4
199 3
202 4
203 4
204 5
210 4
211 4
216 4
225 1
235 1
237 3
243 3
248 3
257 2
272 3
273 2
275 4
276 4
278 4
280 2
282 3
284 3
286 2
294 1
302 3
312 3
315 4
316 5
318 4
321 2
322 2
328 4
342 1
356 4
357 4
365 4
371 3
385 3
404 2
405 2
428 4
429 3
430 2
435 5
451 2
462 4
471 4
473 1
477 1
478 2
481 3
482 4
483 4
484 3
485 4
486 4
490 3
493 4
499 3
501 2
507 4
508 3
509 4
511 2
515 4
519 4
520 3
527 4
528 5
535 2
537 4
553 5
566 5
582 4
584 3
588 2
591 3
603 4
604 4
609 3
610 4
630 4
632 4
634 1
638 4
651 4
654 3
655 3
659 3
661 3
663 1
678 3
684 4
707 2
724 4
735 5
748 3
751 1
762 2
815 3
866 3
892 1
1009 4
1011 3
1016 3
1289 2
