1 4
3 3
4 2
5 4
7 4
8 4
9 5
10 3
11 4
12 4
13 2
14 4
15 4
20 3
22 3
23 4
24 3
25 1
26 3
28 3
30 4
32 5
39 4
40 3
42 5
47 4
48 5
50 5
52 5
53 4
56 5
57 4
58 4
63 3
64 4
69 4
70 3
71 3
72 3
73 2
79 3
85 2
86 4
87 3
88 2
89 4
92 4
93 4
95 4
96 5
97 5
98 4
99 5
100 4
101 3
115 4
117 4
121 5
122 3
123 4
124 4
125 3
127 4
129 5
130 3
131 2
132 5
133 5
134 5
135 5
136 4
143 1
144 1
148 3
150 4
151 2
152 2
153 3
154 5
156 5
157 3
158 2
163 3
164 5
168 3
170 3
172 5
173 2
174 4
175 5
176 5
179 5
180 5
181 5
182 4
183 5
184 2
185 5
186 3
187 2
188 4
190 5
191 5
193 4
194 5
195 5
196 2
197 4
198 2
199 5
202 3
203 4
204 5
205 2
206 1
207 2
208 2
209 1
210 5
211 5
212 2
213 2
215 3
216 3
217 4
218 3
219 3
220 3
222 3
228 3
234 4
235 4
237 1
238 2
239 3
240 4
274 3
275 3
276 4
277 3
281 3
282 3
284 1
285 5
286 3
289 3
294 3
317 4
318 5
357 4
367 4
368 2
372 4
381 3
382 5
393 4
396 3
404 5
405 3
410 4
411 4
414 2
418 5
419 1
420 4
421 4
425 3
427 4
428 5
429 4
430 4
431 3
432 5
433 3
434 5
435 5
436 4
443 4
444 3
447 4
451 2
452 2
453 2
461 3
462 5
463 5
466 4
468 1
469 4
472 3
474 5
476 4
478 4
479 4
480 4
481 3
482 5
483 4
485 3
487 3
488 4
490 3
491 4
492 4
496 4
498 5
499 5
501 5
502 1
503 3
504 4
505 4
506 4
507 4
508 4
509 3
511 5
513 5
514 1
515 2
517 2
519 4
520 4
521 3
523 3
524 4
526 5
527 4
528 4
529 2
531 3
543 4
558 3
559 3
561 3
563 1
565 3
569 3
573 3
575 1
582 4
588 4
589 5
591 3
596 3
601 3
602 3
604 3
605 5
606 3
607 4
608 4
610 1
611 3
612 5
624 5
629 3
631 5
632 4
633 5
634 4
638 4
639 4
640 3
641 5
642 3
645 5
647 5
651 3
652 2
654 4
655 3
657 5
660 3
661 5
662 3
663 5
664 2
665 3
670 3
671 5
672 2
674 4
675 4
692 3
693 3
699 4
701 5
702 3
705 4
709 5
712 3
713 4
715 4
724 3
727 3
732 4
735 3
737 3
745 4
746 3
747 2
756 3
769 1
772 4
787 3
806 4
813 4
823 3
825 4
826 3
831 2
845 3
919 2
921 4
923 3
924 4
942 4
945 3
960 2
962 4
971 3
1008 4
1010 4
1021 5
1047 3
1065 2
1073 3
1079 2
1101 4
1109 4
1118 3
1126 3
1147 4
1153 2
1170 4
1194 4
1197 3
1202 3
1203 2
1220 3
1267 3
