1 4
2 4
4 4
7 4
8 5
25 3
28 4
29 3
40 1
45 4
50 4
56 5
62 3
67 1
68 4
69 4
70 4
71 3
72 4
73 4
82 3
85 4
88 3
89 4
91 4
94 4
95 3
96 3
97 4
98 5
99 4
100 5
101 3
117 3
118 3
121 4
123 3
127 3
131 3
132 4
134 5
135 3
143 4
144 3
147 4
151 4
152 4
153 4
154 5
157 2
158 2
159 3
161 2
162 4
163 3
168 5
169 5
172 4
173 5
174 5
175 4
176 4
177 4
179 3
180 4
181 3
182 4
183 4
184 4
185 5
186 4
188 3
189 4
191 5
193 3
194 4
195 4
196 4
197 4
200 4
201 4
202 4
203 4
204 3
205 4
208 4
209 5
210 4
211 4
214 4
215 3
216 4
217 4
218 4
219 4
222 4
223 4
226 3
227 2
228 4
229 3
230 4
231 3
232 3
234 3
235 4
238 5
239 4
244 3
248 4
249 2
250 4
255 4
257 4
258 4
265 3
269 3
274 3
286 4
288 4
289 3
290 3
291 4
313 4
315 4
316 4
345 4
357 4
371 2
382 3
385 4
388 2
393 2
395 1
399 3
400 1
402 2
403 4
405 3
408 4
416 3
418 4
423 4
427 4
428 3
432 4
433 4
436 3
443 3
447 3
448 4
449 2
455 3
466 3
474 3
476 2
478 4
479 4
483 4
484 4
491 4
493 3
496 5
498 4
502 2
504 3
508 4
510 4
514 4
519 4
521 3
525 4
559 3
561 4
565 3
568 2
569 3
588 4
603 4
616 3
629 3
635 3
642 2
648 3
650 2
655 4
656 4
657 4
659 5
660 3
675 3
684 3
705 4
708 3
710 4
712 2
715 4
729 4
732 4
737 4
739 3
746 4
747 3
755 3
756 2
785 3
796 2
844 2
859 3
869 3
879 3
930 2
949 3
969 4
972 3
993 4
1012 3
1028 3
1041 3
1044 3
1090 2
1118 4
1160 1
1188 2
1230 2
1263 2
