6 4
8 3
9 4
12 4
14 5
22 2
23 4
28 2
30 4
45 4
48 2
50 5
58 4
59 5
60 5
61 4
65 4
79 4
83 3
87 3
89 5
97 5
98 5
99 3
100 5
115 2
116 4
127 4
133 4
134 5
135 5
136 4
153 4
154 5
156 2
162 4
165 4
166 4
168 5
170 4
171 4
172 5
173 3
174 4
175 4
178 5
179 5
180 5
181 4
186 5
187 3
191 5
192 4
195 4
197 3
199 4
200 2
201 1
202 3
203 5
204 5
205 3
206 4
207 3
209 5
210 4
211 4
213 4
214 4
216 4
223 4
264 1
266 1
270 2
275 4
276 4
283 4
285 4
286 5
288 1
289 1
300 3
303 4
318 4
321 2
322 2
325 4
326 3
327 2
338 3
339 2
343 3
357 5
367 3
381 2
382 4
404 2
427 5
428 4
429 5
430 4
433 4
435 3
461 3
466 4
474 5
475 4
478 4
479 5
480 5
481 3
482 4
483 4
484 4
485 2
486 3
489 5
491 2
493 4
496 5
497 3
498 4
499 3
504 2
505 5
511 5
514 5
516 4
518 1
520 2
523 4
526 3
527 4
528 4
529 5
530 4
538 3
603 5
604 4
606 4
607 5
608 4
609 3
615 5
618 4
631 3
632 3
633 4
647 5
654 3
657 3
659 5
661 5
663 4
664 4
676 2
680 1
684 4
705 2
708 4
709 4
714 3
733 4
749 3
854 4
855 4
876 2
877 2
879 1
890 1
923 5
937 2
945 3
965 2
995 4
1020 5
1021 4
1050 4
1065 2
1070 4
1073 4
1093 2
1097 2
1099 4
1159 2
1176 4
1194 5
1242 2
1295 1
1328 2
1346 3
1360 2
1369 4
1379 3
1392 1
1393 1
1449 5
1512 5
1524 4
1537 4
1541 4
1558 5
1593 4
