1 2
2 2
4 4
5 1
7 3
11 3
12 5
17 4
22 3
24 2
27 3
32 3
33 4
38 3
39 4
50 5
53 4
55 4
56 5
62 4
64 4
68 4
70 3
79 4
82 3
83 2
89 4
92 5
96 4
97 2
98 4
100 4
117 3
118 1
121 4
124 2
127 4
144 4
145 3
147 3
156 5
157 2
161 3
168 5
171 3
172 5
174 3
176 3
177 3
178 3
180 4
181 4
183 3
184 4
185 2
187 3
188 3
190 3
191 3
195 4
198 4
200 4
201 3
204 4
207 2
209 2
210 3
217 1
218 3
219 2
222 5
227 4
228 4
229 3
230 4
231 3
232 3
233 2
234 3
241 2
244 1
250 4
252 2
257 3
258 2
259 1
265 3
269 4
271 5
272 4
273 4
281 2
286 1
288 5
289 1
293 4
294 2
298 4
300 2
301 4
302 5
305 3
307 4
310 3
313 1
316 4
318 2
319 1
322 3
323 2
324 3
325 3
326 1
327 4
333 3
334 4
338 1
340 4
343 3
346 5
347 4
355 3
357 5
358 4
362 3
363 1
379 2
385 2
398 1
403 4
405 2
424 2
429 4
435 3
443 2
445 3
447 3
448 2
452 2
455 2
474 4
475 5
491 2
515 3
520 3
522 3
529 4
538 2
540 2
546 3
550 4
562 1
566 2
568 3
573 3
576 3
583 3
590 3
597 1
636 4
669 3
670 3
672 2
675 3
678 1
679 3
684 2
686 3
689 2
690 1
743 4
748 3
750 2
751 2
759 2
823 3
825 2
827 1
831 3
841 1
853 4
854 4
877 3
879 2
895 4
898 3
912 2
943 4
976 1
1013 1
1016 3
1089 2
1110 1
1129 3
1188 3
1222 2
1314 3
1416 3
1419 3
1434 4
1464 2
1595 2
1596 2
1597 3
