23 4
50 4
98 4
99 4
100 4
132 4
133 5
134 4
135 3
136 4
143 3
168 3
174 3
178 4
182 2
185 5
191 4
194 4
196 4
197 4
199 5
200 2
204 3
205 4
208 4
211 4
289 2
318 5
332 4
404 3
418 3
427 5
428 2
429 5
430 3
432 3
435 3
474 4
478 4
480 5
481 5
482 5
483 5
484 5
486 3
488 5
489 5
490 4
491 4
492 5
493 4
494 3
496 3
504 4
505 4
510 4
511 4
519 4
524 4
525 4
526 4
527 3
601 3
603 5
605 4
606 5
607 4
608 4
609 3
610 4
613 3
614 4
616 4
617 3
631 3
633 4
641 4
646 3
648 3
651 4
653 4
654 5
655 4
657 5
659 4
661 4
663 4
671 4
673 4
705 5
754 1
835 3
836 3
848 4
968 3
1020 4
1064 4
1079 3
1116 4
1204 4
1451 4
