1 3
2 3
3 2
4 4
7 2
8 3
11 4
12 5
15 5
21 2
22 5
23 4
24 3
25 4
26 3
28 3
31 3
32 4
39 3
42 5
44 3
45 3
47 4
48 3
50 5
52 4
53 1
55 4
56 4
58 4
62 3
63 2
64 4
65 3
66 2
68 3
69 5
70 4
71 3
72 2
73 3
77 3
79 4
80 3
81 3
82 4
83 4
85 4
86 5
87 3
88 3
89 4
90 4
91 3
92 4
93 4
95 3
96 4
97 4
98 4
99 3
100 5
101 4
109 3
111 2
114 5
117 4
118 3
121 3
123 4
124 4
127 4
128 3
129 4
132 3
133 3
134 5
136 4
137 5
140 1
141 3
143 3
144 4
147 2
150 5
151 5
153 4
154 3
155 2
156 4
157 4
159 3
161 3
162 4
163 4
164 4
165 5
166 5
167 3
168 5
170 5
172 5
173 4
174 4
176 3
177 4
178 4
179 3
180 5
181 5
182 4
183 4
184 4
185 4
186 4
188 4
190 5
191 5
192 3
193 4
194 4
195 4
196 4
197 4
199 5
200 3
201 3
202 4
203 5
204 4
207 4
208 4
209 4
210 4
211 5
214 3
216 4
217 3
218 3
219 4
222 4
223 4
225 2
226 3
227 2
228 2
229 2
230 2
231 2
232 4
233 3
234 4
235 3
237 3
238 5
241 3
248 5
249 4
250 2
257 4
258 4
264 3
265 4
273 4
274 3
275 4
276 5
277 4
280 2
281 3
282 3
283 3
284 3
288 3
290 3
291 4
293 4
298 5
300 3
301 3
307 3
318 5
319 3
321 3
338 3
340 5
356 3
357 5
358 3
365 2
366 3
367 3
371 2
378 3
380 3
381 3
382 3
385 3
387 4
392 3
393 3
403 4
404 4
405 3
409 2
410 4
411 3
412 4
415 3
418 3
419 4
423 4
425 3
427 5
428 4
430 4
431 5
432 4
433 3
435 4
436 4
440 1
441 3
443 4
448 3
455 3
457 1
462 4
464 3
466 2
467 4
468 3
469 4
470 5
472 3
473 3
475 4
479 4
480 4
481 3
482 3
483 5
484 5
485 3
491 3
493 4
495 3
496 4
498 5
499 4
500 1
502 3
504 3
505 4
506 4
507 5
508 4
510 4
511 5
514 3
520 3
527 5
528 4
529 4
530 4
531 5
535 2
537 4
540 3
546 3
549 4
550 3
559 3
562 2
566 3
568 3
569 2
570 4
578 3
581 2
582 3
583 3
584 4
587 3
591 3
596 3
602 5
603 4
607 3
611 4
616 3
625 3
627 2
628 3
629 3
631 4
633 3
635 3
636 3
637 3
640 3
642 4
651 4
652 4
654 4
655 3
658 3
662 3
663 4
665 2
671 3
672 2
673 3
679 4
684 4
685 3
686 2
692 3
693 4
697 3
700 3
702 5
705 4
708 3
709 4
710 4
726 2
729 2
732 4
735 4
737 4
739 3
742 4
744 4
746 3
747 3
755 3
756 2
761 2
762 4
763 4
768 3
772 3
778 3
780 3
786 2
789 4
794 3
796 3
804 3
805 3
806 2
808 3
816 2
820 3
826 3
833 3
843 1
845 4
847 3
921 2
928 2
936 4
939 4
941 3
944 3
961 3
967 4
972 4
999 2
1010 3
1011 4
1012 3
1014 3
1016 4
1017 3
1018 3
1020 4
1028 3
1033 1
1035 3
1039 5
1048 2
1071 2
1074 3
1076 2
1079 2
1089 2
1101 5
1109 2
1110 2
1112 3
1113 3
1118 4
1119 3
1133 2
1136 4
1139 2
1203 4
1209 3
1217 2
1218 3
1220 3
1222 3
1224 2
1228 3
1285 3
1296 2
1301 4
1418 3
1425 3
1438 1
1443 2
1545 2
