5 2
8 4
11 1
12 5
13 4
14 5
15 4
23 4
26 2
28 3
30 4
42 3
47 4
50 5
51 1
52 3
56 4
58 4
65 4
66 3
69 2
70 3
71 3
77 4
79 4
82 3
83 4
86 4
87 3
88 3
89 2
90 3
91 3
94 4
95 4
97 3
98 5
99 4
100 4
101 3
111 3
116 3
117 1
118 2
121 3
124 5
129 1
131 5
132 5
133 5
134 5
135 4
137 5
139 3
143 5
144 2
145 1
151 5
152 4
153 5
154 4
155 3
156 2
161 2
162 4
165 4
166 4
168 3
170 5
172 4
173 4
174 5
176 2
179 4
180 4
181 4
182 2
183 3
185 5
186 3
189 2
190 3
191 4
195 2
196 4
197 5
200 4
202 5
203 1
204 5
207 4
208 5
210 3
211 4
212 3
213 4
214 4
215 3
216 5
217 3
218 2
219 3
221 5
226 1
229 3
234 4
237 4
238 5
239 4
244 3
248 2
249 5
253 1
254 3
265 3
275 5
276 5
281 1
283 1
286 2
287 2
288 2
292 5
301 3
318 4
319 5
378 4
381 5
387 2
393 3
401 5
402 2
404 5
412 3
415 4
417 5
418 3
419 5
420 3
421 4
423 5
425 4
428 5
432 3
433 3
435 3
436 4
443 4
447 4
450 3
451 5
462 5
463 5
466 2
473 5
475 3
476 4
478 5
479 5
480 4
482 5
483 5
484 4
485 4
496 4
497 5
499 5
501 4
507 5
511 5
512 4
514 4
517 4
518 2
521 4
523 3
558 3
559 3
566 3
581 1
582 5
583 1
584 3
588 3
602 3
603 5
606 4
607 5
614 5
629 3
640 1
642 1
651 4
652 4
654 5
655 4
657 5
658 4
660 4
663 5
665 2
672 1
674 3
683 2
684 3
692 4
696 3
697 4
698 2
699 4
702 1
705 4
707 3
708 4
709 5
710 4
716 5
721 2
727 3
730 3
732 4
736 5
737 1
739 3
746 4
747 4
748 4
753 4
755 3
770 3
778 3
781 4
794 4
812 3
842 4
843 4
946 3
955 4
961 5
969 4
1006 3
1007 5
1036 5
1039 2
1063 5
1075 4
1090 1
1091 3
1098 3
1113 4
1121 5
1134 4
1142 4
1148 4
1153 5
1161 4
1206 4
1211 4
1227 3
1262 3
1267 4
1404 2
1599 5
