2 3
7 4
11 4
12 4
14 1
17 4
22 2
26 3
27 2
29 3
31 3
33 3
38 3
39 3
41 4
42 4
44 2
53 3
54 3
55 3
56 5
62 2
64 5
67 3
68 3
69 3
77 3
79 3
82 3
89 4
90 3
92 5
96 4
98 4
100 2
117 3
121 2
129 4
144 4
150 4
153 3
154 4
156 4
159 4
161 3
164 2
168 4
172 5
174 4
176 5
177 4
181 4
182 4
184 2
186 4
188 3
195 4
203 3
204 3
209 4
210 3
217 3
218 3
219 3
222 3
226 3
227 3
228 5
229 3
230 3
231 3
234 4
239 3
240 2
268 4
273 4
276 4
281 3
286 2
288 4
294 2
313 3
318 4
342 2
350 2
367 2
385 3
401 2
403 4
405 3
410 4
433 4
436 3
441 3
447 3
449 2
450 3
452 3
470 4
482 3
508 3
546 3
550 2
554 2
559 2
569 2
572 3
576 2
578 2
591 3
628 4
635 4
636 5
665 2
672 3
684 3
685 2
695 5
710 5
738 3
742 3
746 3
769 1
780 3
800 3
810 2
834 2
859 3
871 1
873 2
928 3
943 4
975 3
979 3
986 1
988 1
1067 3
1074 3
1098 4
1170 4
1183 3
1188 3
1218 2
