1 3
5 3
7 5
9 2
11 4
12 5
13 5
15 1
17 3
22 4
24 3
25 4
27 3
28 4
31 4
50 5
55 4
56 5
65 3
68 5
69 4
70 3
79 3
83 5
85 4
89 5
91 4
96 5
98 4
100 5
111 3
117 4
118 4
121 5
123 3
132 4
133 4
135 5
144 5
147 4
148 4
150 4
151 3
153 4
156 5
157 4
158 3
174 5
175 3
176 4
180 5
181 5
183 5
200 3
201 2
202 3
204 4
206 4
209 4
211 4
218 4
222 3
223 5
227 2
228 4
231 2
233 4
234 4
235 2
237 4
248 5
252 3
257 3
258 5
260 2
265 4
274 1
276 4
278 3
281 3
282 4
284 4
286 2
288 4
290 4
293 4
294 4
298 4
300 4
367 3
405 2
410 2
411 2
435 4
447 3
469 4
470 4
471 4
474 3
483 5
484 5
498 4
508 3
535 4
544 4
546 2
559 3
582 4
591 4
597 3
629 3
642 4
678 3
716 2
737 4
742 3
748 1
760 4
762 3
770 3
815 3
823 3
845 3
866 2
879 3
926 3
952 4
963 5
981 2
1009 4
1016 3
1028 3
1034 2
1046 3
1048 2
1132 3
1142 5
1315 4
1326 4
