1 4
2 4
3 4
4 3
7 4
10 4
11 5
12 4
13 3
15 3
22 5
23 5
25 3
26 5
28 4
29 3
33 5
35 2
38 4
39 4
43 4
44 3
47 3
49 5
50 5
51 4
54 4
56 4
58 3
59 4
60 3
61 4
63 4
64 4
65 3
66 4
67 3
69 4
70 4
71 3
73 3
76 3
77 4
78 2
79 4
80 3
81 4
82 3
83 4
86 4
87 5
88 5
89 5
90 4
91 4
92 4
94 4
95 3
96 4
97 4
98 4
99 4
100 4
101 5
102 4
110 4
111 4
112 2
114 5
117 4
118 3
121 3
123 2
125 4
126 5
127 5
131 4
132 5
133 5
134 3
135 3
136 5
139 5
140 3
141 3
142 5
143 5
144 5
145 3
151 5
152 5
153 5
154 3
155 4
157 3
158 3
161 5
162 5
163 4
164 4
166 5
167 5
168 5
169 5
170 5
172 4
173 5
174 5
176 4
177 4
178 4
179 5
180 4
181 4
182 5
183 4
185 5
186 3
187 5
188 3
190 4
191 5
192 4
193 5
194 5
195 4
196 5
197 5
199 5
200 3
202 4
203 4
204 4
205 4
207 4
208 5
210 3
211 5
213 4
214 1
215 5
216 5
218 4
220 4
221 4
222 3
223 3
225 4
226 4
227 3
228 4
229 4
230 4
231 3
232 4
233 3
234 3
235 3
237 5
238 5
239 5
241 4
245 4
252 3
254 3
258 4
259 3
260 2
264 3
265 5
269 5
270 4
272 5
273 3
274 4
275 4
277 3
278 5
280 4
281 4
282 5
283 3
284 4
286 4
287 4
288 3
290 4
292 5
294 4
299 2
300 4
301 4
302 5
304 4
305 4
307 5
310 4
311 4
312 4
313 5
315 4
316 4
318 5
322 4
328 4
332 4
336 3
340 4
345 2
347 4
354 4
356 4
357 5
366 3
367 3
371 3
372 4
373 3
378 5
380 5
381 2
382 3
383 2
384 3
385 4
386 4
387 5
388 3
389 4
392 4
393 4
395 3
396 2
399 4
400 3
401 3
402 4
403 4
405 4
414 3
415 3
416 5
417 4
418 4
419 5
421 4
422 3
423 5
427 5
428 4
430 4
431 5
432 4
433 3
434 3
435 4
443 4
448 4
451 4
455 4
457 2
462 4
465 4
467 4
468 4
469 4
470 5
471 4
472 4
474 5
476 4
477 4
478 5
479 4
480 4
481 5
482 5
483 3
484 3
485 5
487 4
488 4
489 4
490 5
491 3
492 5
493 4
494 3
495 4
496 5
497 5
498 3
499 5
500 4
501 4
502 5
503 4
504 5
505 5
506 5
507 5
509 4
510 4
511 5
514 5
516 5
518 4
519 4
520 5
521 4
523 5
525 3
526 4
527 5
528 5
530 3
535 3
546 4
549 3
550 4
553 2
557 5
558 3
559 3
561 4
566 4
568 4
570 4
571 2
582 4
583 4
584 5
588 4
589 3
591 4
597 4
601 3
602 4
603 5
604 4
606 5
607 5
608 4
609 5
610 4
611 5
612 4
613 4
614 4
616 4
618 4
619 3
620 4
622 5
627 3
628 4
629 4
630 3
631 4
632 5
633 5
637 4
642 4
647 4
648 5
650 4
651 5
654 4
655 4
657 4
659 5
660 4
661 3
662 4
663 4
671 3
673 3
679 1
685 4
686 4
689 3
692 4
693 3
696 4
699 4
700 1
702 4
704 3
705 4
707 5
708 4
709 3
710 3
712 3
713 3
714 4
715 3
716 4
717 4
722 5
723 3
724 5
725 3
727 4
728 3
729 4
731 3
732 3
734 2
735 4
736 5
739 4
741 3
742 4
747 4
748 4
749 4
750 3
751 5
756 3
761 4
762 3
765 3
771 3
774 4
775 4
776 4
778 3
781 4
783 3
785 3
790 2
792 4
794 5
795 3
801 4
807 4
812 4
815 3
821 2
823 3
832 2
837 4
842 4
845 4
846 3
847 4
865 4
866 4
869 4
873 3
878 2
900 5
902 4
904 5
905 5
908 1
921 4
923 5
926 4
928 3
934 3
936 5
939 4
940 2
942 5
951 4
956 4
965 4
966 4
967 5
968 4
969 4
1020 4
1028 4
1030 1
1033 3
1036 2
1037 2
1039 5
1041 4
1044 4
1047 4
1048 3
1050 4
1053 3
1054 2
1061 4
1091 4
1092 3
1107 4
1112 3
1115 4
1116 3
1119 4
1126 4
1135 4
1140 2
1147 4
1152 5
1153 5
1160 5
1163 3
1172 5
1184 1
1192 5
1197 3
1203 3
1208 3
1212 4
1220 5
1221 5
1222 3
1226 4
1248 4
1249 3
1261 4
1263 4
1269 4
1271 2
1282 3
1284 3
1286 3
1297 4
1303 4
1311 4
1401 4
1402 2
1421 4
1425 4
1435 4
1441 3
1444 4
1446 4
1479 3
1480 3
1490 3
1518 4
1521 3
1603 3
