1 3
8 5
11 1
12 3
15 2
22 4
28 4
48 4
50 4
51 2
55 2
56 3
58 4
64 4
66 4
69 4
70 4
71 3
73 3
76 1
77 4
79 4
81 1
82 4
86 2
87 4
88 4
89 1
95 2
96 4
97 4
98 1
99 3
100 4
107 3
111 1
114 3
117 3
118 4
121 4
124 4
131 3
132 2
133 4
134 3
135 2
136 3
140 3
143 4
144 4
147 3
153 3
161 4
162 3
164 3
169 4
172 2
173 2
174 4
181 3
182 3
185 2
191 4
193 2
194 3
195 4
196 2
197 4
199 3
202 3
203 2
204 4
210 4
211 2
215 4
222 3
228 3
234 3
237 4
238 3
245 3
248 3
250 4
252 2
255 4
257 4
258 4
259 4
260 1
270 4
272 5
275 2
277 2
279 4
283 3
285 2
286 3
289 3
293 4
300 4
302 4
310 4
312 3
313 5
315 4
316 4
317 4
318 5
322 2
323 2
326 4
327 3
356 1
357 3
367 4
371 3
378 3
385 3
387 2
392 2
402 3
404 3
414 2
418 3
419 4
423 4
427 4
431 3
434 3
435 2
451 4
454 3
463 2
465 3
468 3
471 3
472 3
474 4
478 2
479 4
480 4
482 3
483 3
484 3
485 4
486 3
487 4
490 2
492 3
493 2
496 4
497 3
498 3
504 2
507 3
509 2
511 3
519 2
520 4
526 4
527 4
528 4
530 2
531 2
566 4
568 4
588 3
589 2
602 2
603 4
604 3
605 2
606 2
607 2
610 3
611 2
612 3
614 3
627 2
631 2
632 3
633 2
642 2
649 2
651 4
654 2
655 3
657 3
659 2
660 3
661 4
678 2
685 3
686 2
687 3
692 5
693 2
694 2
705 3
707 3
724 3
732 4
735 2
736 3
740 2
742 3
746 2
748 4
751 4
836 2
837 2
842 2
873 2
875 1
879 4
939 2
942 2
945 3
956 2
961 1
968 2
972 2
984 3
988 2
1003 2
1035 3
1063 4
1089 2
1105 3
1107 4
1126 2
1190 3
1203 2
1269 3
1299 2
1454 2
