1 4
2 4
4 3
7 4
8 4
9 4
11 3
12 3
14 3
15 2
17 3
20 3
22 4
24 3
25 3
28 4
31 4
39 2
40 3
42 2
44 3
47 2
50 5
52 3
53 1
56 5
57 4
58 3
64 4
65 3
69 4
70 3
71 3
77 4
79 4
82 5
87 3
89 3
95 4
96 4
97 5
98 4
100 4
117 3
118 4
121 4
123 3
124 4
125 3
126 5
127 5
135 5
144 3
147 4
148 3
159 3
161 4
164 4
170 3
172 4
173 4
174 4
176 3
181 4
183 4
191 5
193 4
196 4
197 5
200 5
204 4
213 4
214 3
217 4
222 3
223 4
228 4
230 3
234 4
237 3
239 3
241 4
245 3
250 3
252 3
255 2
257 4
258 5
259 2
265 4
269 4
270 4
275 4
276 4
277 4
279 3
281 3
282 3
286 5
288 2
289 3
291 3
292 3
293 4
298 4
300 4
301 2
304 3
307 4
313 4
317 3
318 3
321 2
323 3
334 3
343 4
372 4
380 3
382 3
385 3
393 3
402 4
405 3
423 5
428 4
435 4
447 4
449 4
455 3
462 3
463 4
465 3
471 4
475 4
504 4
508 4
511 5
515 4
518 4
523 4
529 3
531 3
546 3
549 4
550 4
553 3
568 4
581 3
582 2
584 4
591 4
597 3
620 3
627 3
628 4
629 3
647 4
660 4
662 4
678 3
692 3
694 4
709 3
716 3
724 3
727 3
736 3
738 3
744 3
747 4
755 3
770 3
778 4
898 3
924 3
934 3
939 4
942 4
1028 2
1034 2
1086 3
1136 3
1137 3
1160 4
1167 4
1171 3
1174 3
1197 4
1265 3
