1 4
4 4
7 4
8 5
9 5
11 4
12 5
13 3
14 4
15 4
20 5
22 5
25 4
27 4
28 5
31 4
38 3
44 4
45 5
47 4
48 5
50 5
51 5
52 4
53 4
54 4
56 4
57 4
58 4
59 5
62 3
64 5
65 5
66 4
69 5
70 4
77 4
79 5
82 5
83 5
86 3
88 4
89 5
91 4
94 3
96 5
97 5
98 5
100 5
105 3
111 3
114 5
117 4
118 4
120 2
121 4
122 2
125 4
127 5
132 5
133 4
134 5
135 5
137 5
143 5
144 5
145 3
147 5
148 4
151 5
154 5
155 4
156 5
157 5
160 4
161 4
162 5
164 4
168 5
169 5
172 5
173 5
174 5
175 5
176 5
179 4
180 5
181 4
182 4
183 5
185 5
186 5
190 5
191 5
192 5
193 5
194 5
195 5
196 5
197 5
200 5
202 4
203 4
204 5
208 4
209 5
210 5
214 5
215 4
216 5
218 4
219 4
222 5
223 5
225 4
226 3
227 4
228 5
229 4
230 4
231 4
232 4
234 5
235 3
237 4
238 5
239 5
240 3
241 3
243 2
248 4
252 4
257 3
258 5
265 5
275 5
276 4
282 4
284 3
285 5
287 4
288 4
294 2
304 4
318 5
356 4
357 5
366 4
367 4
368 1
370 3
371 4
372 4
373 2
378 4
380 4
385 4
386 3
388 2
393 3
395 2
401 3
402 4
403 4
405 5
410 4
411 3
412 2
417 4
423 5
425 4
428 5
433 5
436 4
443 4
448 4
450 4
451 4
452 3
453 2
455 4
456 2
458 3
462 5
469 4
470 5
471 4
472 4
473 4
474 5
476 2
483 5
485 4
500 5
507 4
509 4
527 5
528 5
529 4
531 5
540 3
546 2
549 4
553 5
554 4
559 4
566 4
568 4
569 3
582 5
584 4
588 5
597 3
623 3
628 4
629 4
631 4
632 5
636 4
640 4
651 5
655 5
658 4
660 5
664 4
673 4
676 3
679 4
692 4
695 3
699 4
704 4
708 4
709 5
717 3
720 3
722 4
727 4
729 4
732 4
739 4
742 4
744 3
747 4
755 4
756 2
758 2
769 2
770 4
775 3
783 3
792 4
819 2
825 5
831 2
841 4
845 4
871 1
931 2
934 3
948 1
949 3
956 4
959 4
980 4
1012 4
1028 3
1029 3
1030 2
1037 2
1039 5
1047 2
1119 4
1140 2
1168 5
1210 4
1221 4
