1 1
3 2
7 4
10 1
13 3
14 1
15 4
16 4
19 5
20 5
21 1
24 3
25 3
50 4
93 4
100 4
103 1
107 3
111 2
112 1
116 5
117 3
121 3
124 5
125 4
126 4
127 5
129 2
137 2
147 3
149 2
150 2
151 4
221 5
224 3
225 3
235 2
237 4
242 2
243 1
244 4
246 4
248 3
249 2
250 4
253 5
257 4
258 5
268 4
269 5
270 3
271 1
274 3
275 5
276 3
282 3
283 5
284 3
285 4
286 4
288 1
301 5
302 5
304 3
306 4
310 3
311 4
313 4
319 1
347 1
362 1
410 1
455 3
472 3
473 4
475 3
476 3
477 2
508 4
539 1
544 4
591 4
593 1
596 3
597 2
689 2
690 4
740 4
741 1
744 3
749 3
751 4
764 2
813 4
819 1
845 3
864 3
866 3
870 2
880 4
887 5
892 2
926 1
930 1
936 2
950 3
952 1
985 1
988 2
993 2
1007 3
1009 3
1012 2
1014 2
1017 2
1028 2
1033 2
1060 2
1067 2
1115 4
1117 1
1132 1
1163 4
1164 1
1197 4
1199 1
1216 3
1244 1
1284 4
1377 4
1383 2
1605 2
1606 2
