1 5
2 5
3 5
4 3
7 5
11 5
12 5
21 3
22 5
24 5
27 4
28 5
29 5
33 5
38 4
41 4
43 4
49 5
50 5
51 5
56 5
62 5
63 4
64 5
66 5
67 4
68 5
69 5
71 2
72 5
73 4
78 1
79 5
80 3
82 5
88 2
90 5
91 5
94 5
95 3
96 5
97 3
99 3
100 5
101 5
105 3
109 4
117 3
118 4
120 5
121 5
122 3
123 4
125 5
132 5
135 4
140 3
141 4
143 4
150 3
151 3
161 5
168 5
172 5
173 5
174 5
175 5
176 5
177 4
181 5
183 5
185 5
186 5
191 5
193 5
195 5
196 4
200 4
202 5
204 5
208 5
210 5
214 4
215 4
216 4
217 5
218 4
222 5
226 5
227 5
228 5
229 5
230 5
231 5
232 4
233 4
234 4
235 5
239 5
240 4
250 5
252 4
254 4
255 5
257 4
258 5
260 4
264 3
265 4
271 5
288 5
294 4
313 5
318 5
323 4
338 4
343 5
355 3
356 3
358 5
362 5
365 4
366 4
367 5
368 3
370 4
373 4
374 2
375 5
378 4
380 5
384 3
385 5
386 5
391 2
392 4
393 3
395 3
400 5
401 4
402 5
403 5
404 3
405 5
411 4
416 3
417 4
418 3
419 4
420 3
421 5
423 5
426 4
431 5
432 5
443 4
449 5
455 4
465 3
472 5
473 4
475 5
477 5
485 3
496 4
501 3
540 3
541 5
546 4
548 1
549 5
550 5
552 5
554 5
559 5
561 5
562 5
566 4
567 4
568 5
569 4
576 5
577 3
578 5
581 4
584 1
588 3
597 5
603 5
609 5
625 4
633 4
651 4
655 5
658 5
660 5
665 4
672 4
678 4
682 4
685 3
689 4
715 4
720 5
739 5
742 5
743 4
746 5
747 5
748 5
751 5
755 4
756 4
758 1
760 5
763 4
768 5
771 4
780 4
790 3
796 4
810 5
825 5
826 3
831 5
834 3
866 5
877 3
890 4
895 4
916 5
924 2
928 4
930 5
931 2
940 4
946 2
951 1
977 3
1002 4
1011 4
1014 4
1029 4
1034 3
1035 4
1036 4
1047 4
1053 4
1058 4
1074 5
1079 4
1090 5
1091 4
1095 4
1110 5
1119 5
1139 5
1210 3
1215 4
1228 4
1239 5
1248 4
1469 4
