1 5
8 5
15 3
22 4
24 3
28 4
31 4
32 3
50 4
54 3
55 4
58 4
62 3
66 3
70 4
71 1
79 4
82 4
88 4
89 4
95 4
96 4
97 3
100 3
101 4
108 4
111 4
117 3
118 3
121 4
122 1
127 5
131 3
133 2
135 4
136 4
137 4
143 1
144 4
147 3
148 2
151 4
153 4
154 3
157 5
161 3
164 4
168 5
169 5
172 4
173 5
174 5
175 4
176 4
177 4
179 1
180 4
181 5
182 4
183 5
185 4
187 4
188 2
189 2
190 4
193 3
195 4
196 4
197 4
198 5
199 5
200 5
201 4
202 4
203 3
204 4
205 3
209 4
210 4
211 4
213 4
215 3
216 3
222 4
226 3
228 4
230 4
234 5
235 3
238 4
241 3
248 4
249 2
250 4
252 2
255 2
257 4
258 5
261 1
264 3
265 4
266 3
270 4
271 3
272 4
273 4
274 4
281 3
282 5
283 4
286 1
288 3
294 3
295 1
298 3
300 2
304 4
318 5
324 1
325 1
328 4
335 3
338 1
340 1
356 3
357 4
358 1
380 3
385 2
398 1
403 3
405 4
408 5
421 4
422 3
423 2
431 4
436 4
455 4
463 4
470 5
471 4
472 1
474 5
475 1
479 4
480 5
483 4
485 3
489 5
490 4
496 3
498 5
500 4
509 4
510 4
511 5
523 4
526 4
528 4
535 3
546 2
566 3
584 3
588 1
602 4
604 3
609 5
616 4
629 3
632 5
640 4
647 5
651 5
655 4
670 3
680 3
688 1
692 3
727 5
732 4
739 1
748 3
751 4
752 3
756 1
831 2
840 1
879 4
915 4
931 2
945 5
986 1
1007 4
1013 1
1016 3
1028 1
1039 4
1142 5
1244 3
1444 1
1608 2
