1 5
2 4
4 4
7 4
9 1
14 4
15 5
22 5
24 1
25 3
28 5
29 3
38 4
50 5
51 4
53 1
56 5
69 5
70 5
71 2
73 4
79 5
82 4
87 5
88 4
89 4
94 4
95 4
96 5
97 5
98 4
111 4
117 4
121 4
122 2
125 4
135 4
136 5
141 4
143 4
144 4
150 4
151 4
153 5
161 4
168 4
172 5
173 5
174 5
176 4
181 5
183 4
186 4
195 5
197 4
202 5
204 5
210 5
211 4
216 4
222 5
226 4
227 5
228 5
229 5
230 5
231 2
233 5
234 4
235 2
237 3
239 4
241 3
248 4
250 4
252 3
255 3
257 5
258 5
265 5
274 4
275 3
293 5
294 4
300 4
313 5
315 3
318 5
343 2
385 4
392 4
393 1
399 4
405 4
415 3
419 4
422 3
423 5
427 5
431 4
449 4
451 4
463 4
468 5
471 4
472 4
510 4
550 4
554 4
560 4
562 3
566 4
568 3
578 3
588 5
597 3
625 4
651 5
655 5
665 4
679 2
684 5
692 5
699 4
720 4
732 5
742 3
746 4
755 4
778 5
823 4
829 2
849 3
879 4
924 5
926 4
930 3
951 1
1016 4
