1 4
3 2
6 4
7 5
9 5
10 4
13 4
14 5
15 3
16 3
20 3
21 3
25 4
50 5
93 4
100 5
106 1
108 4
109 3
111 4
117 3
121 3
123 3
124 5
125 3
127 5
129 4
137 4
146 2
147 2
148 2
150 3
151 2
181 4
220 3
221 4
222 3
235 2
236 3
237 4
242 4
244 3
245 3
246 3
248 4
250 1
251 5
252 3
255 3
257 3
258 5
262 1
264 3
268 3
269 4
270 2
273 3
275 4
276 4
277 3
279 4
280 2
281 3
282 2
284 2
285 5
286 2
287 4
288 4
289 3
292 4
293 3
294 2
295 3
297 4
298 3
299 1
300 4
301 4
302 5
303 4
304 3
305 3
306 1
307 3
319 3
321 3
322 2
324 4
325 2
327 3
328 2
331 2
332 3
333 2
336 2
405 4
408 3
458 3
459 2
460 4
471 5
473 3
475 4
476 3
508 4
515 5
532 4
544 4
546 2
547 3
591 4
595 2
597 3
620 2
628 3
678 1
685 3
689 2
690 2
696 3
713 3
717 2
718 3
741 3
742 2
748 2
762 4
766 4
813 5
818 3
823 4
825 2
831 3
845 4
846 2
864 3
872 5
874 3
879 3
880 5
882 2
883 3
886 3
887 5
889 4
919 3
924 3
926 2
935 4
936 3
950 4
975 3
994 3
995 4
1011 4
1014 3
1016 2
1017 3
1047 2
1079 2
1082 2
1086 3
1093 4
1094 2
1120 3
1129 4
1134 3
1137 5
1142 5
1143 3
1171 3
1176 3
1197 4
1202 4
1226 4
1272 3
1302 3
1322 3
1369 3
1375 3
1379 3
1405 5
1514 4
1589 3
1598 5
1609 3
1610 2
1611 3
