1 3
7 3
11 3
12 3
22 5
24 4
25 4
48 4
50 5
56 4
59 5
60 2
61 4
65 4
69 5
71 5
79 5
82 5
89 4
91 3
95 5
96 4
98 4
100 5
109 4
115 4
117 5
118 4
121 5
124 3
127 3
134 3
150 5
151 3
154 4
156 1
168 5
170 3
171 5
172 5
173 4
174 3
175 4
176 5
180 4
181 5
182 5
183 5
186 5
188 5
191 4
192 3
195 3
196 4
201 5
204 5
208 4
209 5
210 5
222 3
234 5
235 2
238 3
239 5
249 4
250 4
252 4
257 5
258 5
260 1
262 3
264 3
265 5
271 1
273 4
274 5
275 1
284 4
288 4
298 3
300 4
317 3
318 5
323 4
327 5
328 4
333 4
338 4
343 3
357 5
358 4
369 2
404 4
405 2
410 4
411 1
423 2
431 5
435 5
455 5
462 2
475 3
483 5
527 5
528 5
546 5
550 4
597 4
647 4
652 5
678 3
684 4
687 1
693 4
742 3
746 4
751 5
754 3
762 4
763 4
806 3
833 2
876 1
879 4
881 1
886 2
890 3
925 3
959 2
974 3
1013 1
1016 4
1088 2
1126 2
1278 5
