7 4
10 5
11 4
17 3
22 4
28 2
33 4
38 2
39 5
42 5
50 5
53 3
56 5
64 3
68 4
77 2
87 5
88 1
89 5
94 1
96 4
97 1
98 4
99 3
109 3
132 3
133 5
135 2
136 1
141 3
142 2
143 3
147 3
150 2
151 3
154 2
155 1
156 3
158 2
164 3
168 3
172 5
173 5
174 4
181 5
183 2
186 4
190 5
191 5
195 4
196 3
204 3
206 4
217 5
222 3
227 1
228 1
229 2
246 4
252 2
268 4
277 5
288 2
318 4
333 3
356 2
378 1
380 2
393 1
416 1
417 1
418 3
419 2
420 3
421 3
426 3
432 4
433 4
443 2
469 3
480 3
483 4
484 3
485 3
495 3
496 1
506 3
509 3
526 3
528 4
532 5
554 2
559 5
561 5
607 3
625 4
633 3
651 2
652 5
659 3
660 3
661 3
699 3
705 2
721 5
727 5
743 2
746 3
771 2
774 5
825 3
842 2
921 5
961 2
1041 1
1060 1
1063 3
1074 2
1091 1
1133 3
1139 2
1157 1
1229 1
1286 2
1401 3
1444 1
1459 4
1473 3
1614 3
