1 4
2 1
3 4
4 3
7 3
11 3
12 4
13 2
19 4
22 5
24 4
25 4
28 3
29 4
31 3
33 4
38 3
39 3
42 4
49 3
50 5
53 3
54 3
55 3
56 4
62 4
63 3
66 3
67 3
68 4
70 4
71 4
72 3
73 3
77 3
79 4
80 3
82 4
83 2
87 3
89 4
90 4
91 2
94 3
95 4
96 4
97 4
98 4
99 3
100 4
101 4
105 2
108 3
109 4
111 4
114 4
118 4
121 4
122 1
123 3
127 5
128 4
139 3
141 3
144 4
145 4
151 3
152 2
153 4
155 3
156 5
161 5
163 2
164 4
167 2
168 5
169 4
172 5
173 5
174 4
175 4
176 4
177 4
181 5
182 4
183 4
184 3
185 3
186 4
187 5
188 3
189 4
194 3
195 4
197 3
200 3
202 4
204 3
208 3
210 4
216 3
217 4
222 3
225 3
226 3
227 2
228 3
229 2
230 2
231 3
232 3
233 2
234 2
237 3
239 4
240 4
242 1
248 4
249 5
250 3
252 3
257 4
258 4
260 4
265 4
268 4
273 4
274 3
288 2
291 3
294 4
298 3
300 3
325 2
358 4
363 2
364 3
367 4
372 4
373 4
381 3
382 4
384 2
385 3
386 2
388 4
391 3
393 4
394 3
395 4
399 4
402 4
403 3
405 3
407 2
408 4
412 1
413 3
416 2
417 2
418 3
420 3
423 3
431 4
432 3
433 3
440 1
441 2
449 2
450 2
451 2
452 2
455 4
465 3
472 3
475 4
501 2
508 3
510 3
526 3
540 2
541 4
545 3
549 4
550 4
552 3
553 2
559 4
562 2
566 3
568 3
569 2
570 3
575 3
577 2
578 4
584 4
588 4
590 2
597 3
603 3
622 2
625 3
627 3
629 2
642 3
645 3
651 4
652 5
655 4
657 3
665 2
679 3
684 3
692 3
716 4
719 3
720 2
721 3
722 3
724 5
725 3
731 3
739 4
741 4
743 3
746 5
748 4
758 2
763 3
765 3
769 3
771 4
774 4
780 2
781 3
783 3
790 2
792 3
795 1
797 3
802 2
805 3
808 2
809 3
810 3
826 3
840 3
849 2
864 3
926 2
928 3
940 2
943 4
944 3
946 4
951 2
1000 2
1016 4
1030 1
1041 3
1042 3
1046 3
1047 3
1052 2
1077 4
1092 3
1157 2
1177 1
1185 1
1210 4
1228 2
1240 5
1303 2
1407 3
1415 2
1419 2
1555 2
1615 3
