7 3
9 2
10 5
11 3
12 4
14 4
23 4
32 4
50 4
53 4
54 2
56 3
59 4
61 4
64 4
77 2
79 3
83 3
89 5
98 4
100 3
109 3
121 2
124 3
127 4
134 3
135 5
136 3
137 3
144 1
150 3
151 4
156 5
160 5
164 3
168 4
171 3
172 3
174 3
175 5
176 2
179 4
180 4
181 2
182 4
183 4
185 4
186 4
187 4
190 4
191 4
192 5
197 5
202 3
203 5
204 2
210 2
212 3
218 3
222 3
228 2
229 2
234 4
237 2
238 4
251 3
258 2
262 2
265 2
268 2
269 4
271 2
275 3
288 3
293 4
302 3
317 3
337 4
340 2
381 3
410 3
423 3
425 2
430 4
435 3
443 3
447 3
448 4
449 3
462 3
464 4
474 4
475 3
479 3
480 5
483 3
484 4
486 2
489 3
496 3
509 3
512 5
514 4
515 4
517 4
522 3
525 4
527 3
531 3
538 1
548 2
554 3
558 4
591 4
594 2
603 4
607 3
628 4
631 3
649 3
652 5
656 3
657 3
663 4
664 5
673 3
675 4
693 3
754 2
772 1
806 3
887 3
919 4
922 5
933 3
985 1
1007 3
1070 3
1073 3
1083 3
1103 4
1131 3
1142 4
1161 3
1286 3
1404 3
1422 3
1426 3
1495 3
