1 4
3 4
7 5
8 4
9 4
10 3
13 5
15 2
16 4
25 3
28 3
30 4
31 4
39 4
42 5
43 3
44 1
45 4
49 4
50 3
56 5
58 3
59 4
60 5
61 4
62 3
69 4
70 4
72 4
77 3
82 4
83 4
88 4
89 4
93 4
94 2
97 4
98 4
100 4
111 4
116 4
117 4
118 3
120 3
121 3
122 3
125 3
129 4
133 3
134 5
135 5
143 3
147 3
151 3
159 2
161 2
164 4
168 4
170 5
172 2
174 2
175 5
179 4
181 3
182 2
183 4
196 4
202 4
204 3
208 4
210 3
211 3
215 1
216 4
217 4
223 4
234 3
235 5
237 3
238 4
242 3
244 3
245 2
246 5
249 3
250 4
252 2
255 3
257 3
258 4
268 5
274 3
275 1
276 5
281 3
282 4
283 2
284 3
285 3
286 1
287 3
289 4
294 3
295 4
298 4
300 4
301 2
304 2
313 3
316 3
319 4
325 3
328 3
358 4
367 3
370 3
371 4
381 4
383 3
386 3
387 2
393 3
396 3
402 3
405 4
407 3
409 4
411 2
412 1
421 4
423 3
425 4
443 4
448 3
462 4
464 4
469 4
471 4
472 3
475 5
476 2
479 5
483 4
498 4
509 4
514 5
517 4
522 4
529 4
531 3
532 4
535 3
546 4
552 1
553 2
554 3
557 3
559 4
568 1
569 4
582 4
584 1
611 5
619 3
639 4
640 4
660 2
662 2
665 3
699 3
708 5
709 4
714 2
721 1
727 2
729 4
735 4
739 2
740 3
742 3
755 3
762 4
763 3
768 2
775 1
780 3
781 3
815 3
821 2
827 2
831 3
836 5
845 4
846 3
919 3
930 3
964 4
971 5
988 3
996 1
1008 4
1009 4
1010 4
1012 4
1014 2
1018 3
1047 3
1048 3
1057 3
1069 4
1111 4
1135 3
1160 5
1163 1
1166 4
1195 4
1226 4
1311 1
1315 4
1324 2
1326 4
1385 4
1441 2
1469 1
1616 4
