1 5
8 5
10 5
12 3
13 3
14 3
19 5
20 5
25 4
26 2
38 3
44 5
45 5
47 5
50 5
54 2
58 4
66 3
69 4
70 4
79 5
83 5
86 5
88 4
97 4
98 5
100 5
116 5
121 3
124 5
125 3
127 5
130 5
132 5
133 5
134 5
137 5
153 2
156 1
164 3
166 5
168 5
172 5
173 5
174 5
176 5
181 5
182 3
183 5
185 5
186 5
187 5
190 5
194 4
197 5
199 4
204 3
205 4
210 5
211 5
213 5
216 5
221 5
223 5
224 3
226 5
233 5
234 5
237 4
241 5
246 5
248 4
268 5
269 5
275 5
277 4
280 1
281 3
283 5
285 4
286 3
293 4
297 5
303 5
306 5
313 5
318 5
319 3
321 2
347 5
356 4
381 5
382 4
385 1
387 4
402 3
405 3
416 2
423 5
427 5
430 5
432 5
435 3
443 5
451 4
452 1
463 1
475 2
479 4
482 5
484 4
485 4
488 5
489 4
496 5
498 5
503 3
504 4
509 5
514 3
526 3
529 2
546 4
558 5
561 5
580 3
582 5
603 3
607 5
615 5
633 5
640 1
654 5
659 5
662 3
684 4
692 3
694 5
702 2
707 5
714 4
729 3
732 3
736 4
739 1
740 5
744 2
747 3
753 1
778 5
823 2
840 1
900 5
949 3
963 5
1009 2
1194 5
1316 1
1317 4
1475 5
