1 5
13 4
23 4
47 3
50 5
52 4
69 3
70 4
73 3
79 2
82 3
88 3
91 4
96 2
98 3
101 5
109 3
115 3
121 2
132 5
144 3
150 5
151 5
153 3
154 5
163 3
168 4
172 5
173 4
174 4
175 4
176 4
179 4
180 5
181 3
183 5
185 5
186 3
188 4
191 5
195 3
196 3
200 4
204 3
208 5
209 5
210 4
211 3
214 3
215 3
216 5
218 2
219 1
222 3
223 4
228 5
229 2
230 2
232 3
234 4
238 4
239 2
269 4
317 4
318 4
357 5
378 5
423 5
436 4
443 4
451 3
474 5
502 4
506 5
511 4
514 5
524 5
527 5
528 5
568 4
629 4
655 4
710 4
735 4
1067 4
1135 3
1153 4
