1 5
4 4
7 5
10 4
11 4
12 5
13 3
14 3
15 4
19 4
22 4
24 3
25 4
26 3
28 5
31 4
42 5
45 4
47 4
48 4
49 2
50 5
58 4
64 4
65 3
68 4
69 4
70 5
73 4
79 4
81 4
83 5
87 5
88 4
89 4
95 4
96 5
97 5
98 5
100 4
109 3
111 5
114 5
116 4
118 2
132 4
134 3
135 4
136 4
137 3
144 3
150 3
152 4
153 4
154 4
156 4
157 4
168 4
169 5
170 3
172 4
173 5
174 5
175 4
176 4
177 3
178 4
179 4
180 3
181 4
183 3
185 3
186 4
188 5
189 5
190 5
191 5
194 4
195 5
196 5
197 4
199 3
200 2
202 4
204 5
208 4
209 3
210 5
211 3
214 5
215 4
216 5
222 4
228 5
229 3
234 3
237 4
239 5
243 2
257 4
258 4
259 4
265 4
268 4
269 4
272 4
274 4
275 5
283 4
293 3
294 3
301 4
302 5
306 4
307 4
313 5
318 4
328 3
336 1
342 1
344 3
357 4
367 5
380 4
384 3
385 3
392 4
393 3
402 4
403 3
405 2
408 5
419 4
421 4
423 5
425 5
429 4
430 4
431 4
432 4
433 5
435 3
462 4
470 3
473 3
474 5
483 4
486 3
510 3
511 3
527 4
531 3
558 4
568 4
582 4
587 4
609 4
631 4
647 3
648 3
651 4
652 4
655 4
658 4
659 3
680 1
682 4
709 3
710 5
713 3
715 4
729 4
732 5
735 4
746 5
747 4
748 2
750 4
778 4
792 4
796 4
890 1
898 2
949 3
988 2
1014 2
1035 3
1039 5
1047 3
1074 4
1101 4
1115 4
1160 4
1600 4
