1 5
3 4
8 5
9 4
14 5
25 4
42 3
50 5
56 3
66 4
67 4
70 5
72 4
83 5
95 4
97 4
114 5
116 5
153 4
154 4
155 4
163 5
166 4
167 4
168 4
169 5
179 3
181 5
186 3
189 5
194 5
197 5
202 4
204 5
208 5
210 5
211 4
213 5
242 5
255 5
257 5
258 5
269 5
285 5
289 4
301 4
306 5
382 5
384 3
393 5
407 4
408 5
412 3
430 4
432 5
435 5
451 5
476 3
477 3
508 3
509 4
514 4
516 5
523 3
531 5
533 4
549 4
575 4
582 4
629 5
634 5
638 4
652 2
662 4
663 5
694 5
707 5
722 3
727 4
732 4
792 4
794 4
863 4
866 5
874 4
934 4
935 5
944 4
949 5
954 5
1009 5
1014 5
1022 4
1036 4
1041 4
1047 5
1069 5
1121 5
1195 5
1472 5
