1 4
4 3
8 3
9 4
10 2
12 4
13 3
14 3
15 4
19 3
20 5
21 3
22 4
23 3
25 4
26 3
28 4
31 3
38 2
43 4
44 4
47 1
48 4
50 5
53 1
54 4
56 3
58 4
64 5
65 4
66 4
69 4
70 4
71 4
72 2
77 4
82 4
83 2
87 4
88 4
91 2
94 4
96 4
97 2
98 4
100 5
103 3
107 3
109 2
111 4
117 5
118 4
120 1
121 4
122 1
125 5
126 4
127 5
132 5
133 5
134 4
135 3
143 4
147 1
148 3
150 3
151 3
161 4
168 4
169 4
172 4
174 4
176 1
177 4
180 3
181 5
182 3
186 3
187 4
190 2
191 4
192 3
193 4
194 4
195 4
196 4
197 5
202 4
203 4
204 4
205 5
208 4
210 5
211 4
215 4
216 4
218 2
221 3
222 5
226 4
227 4
228 4
229 4
230 4
234 2
236 4
237 2
239 3
240 1
242 4
243 3
245 3
252 4
255 2
257 4
258 4
265 3
274 4
275 4
276 1
281 4
282 4
283 3
284 1
286 4
288 2
289 2
291 3
292 4
293 3
294 4
295 4
297 4
298 4
300 4
303 4
313 5
318 5
319 3
322 4
328 4
333 4
345 3
356 4
357 3
367 2
371 3
378 4
380 4
382 1
385 4
393 4
402 4
403 3
405 3
408 4
411 2
412 1
423 5
427 4
430 5
435 4
443 3
449 4
450 5
451 2
462 2
471 4
474 3
475 1
476 2
477 4
479 4
480 4
483 4
484 3
489 4
496 5
498 4
504 4
508 4
511 4
514 3
521 3
525 3
526 2
527 4
528 4
546 3
549 4
550 4
554 1
566 4
568 5
580 3
582 3
591 4
595 2
596 2
597 3
603 4
609 4
627 2
651 4
654 3
659 4
660 5
663 5
673 3
676 5
684 4
685 4
687 2
692 4
696 3
708 2
713 2
724 4
739 5
740 4
742 4
744 2
747 5
748 3
755 3
756 4
778 4
792 3
820 2
823 4
824 1
845 4
846 2
847 3
866 2
871 2
879 3
919 2
921 2
931 2
934 3
936 4
949 4
988 2
1001 1
1016 3
1028 2
1033 4
1041 2
1047 3
1048 3
1086 3
1142 4
1147 3
1161 3
1173 4
1174 3
1177 1
1282 3
1291 1
