1 5
2 4
8 5
10 4
21 3
22 5
28 5
31 3
49 3
50 5
52 3
54 2
56 3
62 4
63 4
69 5
70 2
71 5
73 4
79 4
80 2
82 4
83 5
84 4
86 3
87 3
88 4
94 4
95 5
96 4
97 3
98 4
117 4
121 4
132 4
133 4
135 5
136 4
139 4
141 4
143 5
144 4
148 4
151 3
153 4
163 5
164 4
167 3
168 5
169 5
172 5
174 5
176 3
179 2
180 4
181 5
183 3
188 3
189 5
190 5
191 4
195 4
197 3
199 3
204 4
205 5
209 2
210 5
213 5
214 2
215 4
217 3
222 4
227 5
228 5
229 4
230 5
234 4
265 5
271 3
274 4
275 5
283 3
304 3
318 5
378 5
380 4
385 4
386 4
387 3
389 5
402 4
403 3
404 4
405 2
408 5
416 4
419 3
423 4
427 5
431 5
432 4
435 3
436 3
441 2
443 3
449 4
450 2
470 5
472 3
474 5
480 5
483 4
486 4
487 4
489 4
493 4
496 5
498 5
500 4
501 3
510 4
511 5
542 1
546 2
549 3
561 3
566 5
568 4
570 3
582 2
584 5
588 3
596 3
603 4
614 4
631 2
640 4
648 3
662 5
679 4
694 5
699 3
707 5
708 3
713 4
720 4
724 4
727 3
736 5
740 4
746 5
755 4
778 4
862 3
993 3
1030 3
1039 5
1050 5
1063 5
1115 5
1118 2
1140 1
