1 2
3 2
4 2
6 2
7 4
10 4
11 3
12 3
13 4
14 4
15 3
19 4
20 3
22 2
23 4
24 1
25 2
26 3
28 3
30 3
32 3
39 2
42 3
44 3
45 3
46 3
47 4
48 4
50 4
52 3
53 2
56 5
58 4
59 3
60 3
61 4
64 3
65 3
69 2
70 4
72 1
76 3
79 3
81 3
82 2
83 4
85 2
86 4
87 3
88 2
89 4
90 1
91 2
92 3
93 3
95 1
96 3
97 2
98 3
99 2
100 4
101 2
102 1
107 3
109 1
111 3
116 3
117 2
121 1
123 2
124 4
127 5
129 3
131 4
132 3
133 4
134 5
135 5
136 4
137 4
140 2
141 3
143 1
147 2
149 3
150 3
151 2
168 4
170 3
171 3
172 3
173 4
174 3
175 4
176 2
177 3
178 4
179 4
180 4
181 2
182 4
183 3
184 3
185 4
186 4
187 4
188 4
190 4
191 4
192 4
193 4
194 3
195 3
196 3
197 4
198 2
199 4
200 3
201 3
202 3
203 4
204 3
205 5
206 1
207 4
208 4
209 4
210 3
211 4
212 3
213 4
215 3
216 3
221 3
222 2
224 3
226 2
228 3
230 2
231 3
234 3
235 1
236 3
237 3
238 4
239 2
241 3
242 3
243 1
258 4
259 1
262 5
265 3
268 4
269 3
270 3
271 2
272 4
273 3
274 2
275 4
276 4
277 2
279 2
281 1
283 4
284 3
285 4
286 3
288 2
289 1
290 2
291 2
292 2
294 1
299 2
300 1
301 2
302 4
303 4
305 4
306 3
307 3
310 3
311 3
312 3
313 4
314 1
315 4
317 3
318 4
319 4
321 3
322 1
323 1
325 1
327 2
328 2
330 2
333 2
337 3
338 1
340 4
343 2
345 4
346 3
347 4
349 1
352 1
357 4
371 3
378 2
380 2
381 3
382 3
385 2
387 4
392 2
399 2
402 1
404 3
405 2
414 4
417 2
419 2
421 2
423 2
425 3
426 1
427 4
428 4
429 3
430 3
431 4
433 4
434 3
435 3
443 3
445 3
447 3
448 3
455 1
457 1
458 3
459 3
460 2
461 3
462 3
463 3
464 4
466 4
467 3
468 2
469 3
470 2
471 3
472 2
474 5
475 4
478 4
479 4
480 4
482 4
483 4
484 4
485 3
486 3
488 4
489 3
490 4
491 4
492 3
493 4
494 4
495 2
496 4
497 4
498 3
499 3
501 3
504 3
506 3
507 4
508 4
509 4
510 3
511 5
512 3
513 4
514 4
515 4
516 3
517 4
518 4
519 3
521 2
523 3
525 3
526 3
527 4
528 3
529 3
530 4
539 1
543 5
547 1
549 2
550 2
553 2
557 3
558 4
566 2
568 2
569 2
570 2
573 2
581 3
582 3
584 2
588 1
591 3
602 3
603 4
604 3
606 3
607 4
609 3
610 4
613 3
614 3
615 3
616 2
625 3
628 2
633 3
638 3
639 2
640 3
641 4
642 4
644 5
646 2
647 4
648 4
649 3
651 3
652 3
653 4
654 3
655 3
657 3
660 3
661 4
663 3
664 3
670 2
673 3
675 3
676 4
678 1
681 1
682 1
684 3
687 1
688 1
689 1
690 2
693 4
694 4
697 2
698 3
699 4
702 3
703 3
705 3
707 4
708 3
709 4
713 3
714 3
715 4
718 4
721 2
723 2
724 3
727 2
730 3
732 3
733 3
735 3
736 3
739 1
741 2
744 3
745 2
746 3
749 2
750 3
753 2
762 3
770 3
772 3
778 3
782 3
789 2
792 3
806 3
837 3
844 4
845 2
848 3
855 3
873 2
874 3
875 1
882 4
890 1
894 1
896 3
901 1
919 4
921 3
922 3
923 3
924 3
928 1
937 3
942 3
948 1
950 3
953 3
955 4
956 4
958 2
959 3
960 3
963 3
964 3
965 2
966 2
970 3
971 4
972 3
975 3
978 2
979 2
980 3
988 1
990 2
1005 3
1006 2
1008 2
1009 2
1010 2
1011 3
1019 1
1025 1
1045 3
1048 2
1050 2
1065 1
1068 3
1069 2
1070 3
1073 3
1084 3
1085 4
1101 3
1103 4
1105 1
1111 3
1113 3
1129 1
1134 3
1139 2
1147 3
1154 1
1163 1
1166 2
1194 3
1197 3
1245 3
1267 3
1335 3
1400 2
1404 2
1420 1
1445 3
1451 3
1475 2
