1 4
3 1
7 5
9 1
12 5
13 1
14 1
15 2
17 3
23 5
25 2
31 5
39 5
50 5
55 5
56 5
79 5
98 5
100 5
117 4
118 5
121 5
127 5
147 5
151 1
156 5
164 5
176 4
181 4
183 5
185 5
203 5
218 4
222 5
226 5
229 5
233 5
234 4
235 3
237 4
245 4
248 4
250 5
252 3
254 1
255 4
257 5
258 4
264 4
270 5
271 3
272 2
273 5
275 3
276 3
277 3
281 4
282 4
283 3
284 3
286 1
288 3
291 5
292 4
293 4
294 3
295 5
298 4
300 5
302 4
305 1
307 4
310 3
311 3
313 5
315 3
316 4
322 4
323 4
326 4
327 3
328 4
331 4
333 4
340 1
343 4
344 1
345 1
346 4
347 2
358 2
370 3
405 4
413 3
431 5
443 4
458 3
460 4
466 5
471 5
472 2
475 4
477 1
504 5
515 5
525 5
532 4
539 2
546 4
581 4
591 3
595 4
597 4
603 5
619 3
628 2
636 4
642 4
649 4
654 5
657 5
659 4
678 4
683 4
690 3
696 4
717 4
742 5
748 3
750 4
751 4
760 3
762 4
882 4
887 4
898 1
905 4
924 3
925 2
928 3
950 4
978 2
991 1
1011 2
1013 3
1014 4
1016 4
1025 4
1047 4
1051 4
1073 4
1089 2
1244 4
1278 4
1405 3
