1 4
7 3
11 4
12 5
13 3
22 2
24 2
25 3
50 5
58 3
89 5
93 3
100 5
108 1
109 3
111 3
118 3
121 3
122 3
123 2
127 5
132 3
134 5
136 3
137 4
151 3
168 4
181 4
183 5
197 4
201 3
203 4
211 4
222 4
235 2
240 3
246 5
249 5
250 4
255 4
257 3
258 5
260 1
264 3
268 4
270 4
271 4
275 4
277 3
278 1
281 3
284 3
288 4
301 3
302 5
318 4
319 4
321 3
358 3
405 4
411 3
423 4
429 3
458 3
472 2
476 2
478 4
480 3
483 5
489 3
496 3
498 4
508 3
515 3
546 2
597 2
606 4
617 3
653 4
654 5
756 2
813 4
845 3
847 4
864 3
928 3
975 3
1008 3
1014 4
1016 3
1019 4
1021 4
1073 3
1134 3
1160 3
1163 3
1171 3
1215 2
1265 3
1333 3
1405 4
