2 5
7 4
8 4
11 3
12 4
15 3
20 4
22 3
23 4
25 2
31 3
33 2
49 2
50 2
54 3
56 4
64 5
69 4
70 4
71 2
77 4
78 1
80 3
82 4
83 4
86 4
88 3
89 4
94 2
95 2
96 3
97 3
98 4
100 5
108 2
110 1
117 4
121 3
122 2
127 5
133 4
134 5
135 5
136 4
137 5
143 3
144 3
153 2
154 3
155 2
156 4
157 5
161 4
163 5
165 5
166 4
168 4
170 5
172 3
173 3
177 4
181 2
182 4
186 3
191 4
192 5
196 4
202 4
203 4
204 3
207 5
210 4
213 5
215 3
218 4
219 1
228 2
230 2
231 1
234 3
235 3
240 3
242 5
260 2
265 4
273 5
288 3
289 1
318 4
327 3
378 4
384 3
385 3
386 1
387 4
388 3
392 4
393 2
395 1
403 3
405 5
411 4
419 2
423 2
443 4
461 4
462 4
465 2
467 3
479 4
480 4
483 4
485 3
496 5
508 4
511 4
512 4
521 4
523 4
529 4
575 1
576 2
582 5
631 4
651 4
660 4
673 4
684 4
685 3
693 5
705 4
707 4
727 4
736 4
742 3
755 2
763 4
772 4
790 3
856 5
879 2
959 4
1005 5
1028 2
1044 3
1065 5
1193 5
1232 2
1437 2
