1 5
4 4
5 4
7 2
8 4
11 2
12 4
15 3
22 5
25 4
28 5
29 3
31 4
38 2
40 4
44 3
48 5
49 4
50 4
54 4
55 3
56 3
58 4
62 3
63 4
64 5
65 5
68 4
69 4
71 5
77 3
79 4
82 4
85 3
87 5
88 3
95 5
96 4
97 5
98 4
99 3
100 4
102 4
110 4
111 4
117 4
118 3
121 5
125 4
132 4
133 4
140 4
143 3
147 4
151 4
161 5
168 5
172 4
173 5
174 5
176 5
179 2
181 5
183 5
186 4
188 3
191 4
194 4
196 5
200 3
202 4
203 3
204 4
208 4
210 3
215 5
216 4
217 5
218 3
225 4
226 4
228 3
229 4
230 3
234 3
237 4
240 3
241 5
265 5
281 3
284 4
294 4
298 4
307 3
313 4
317 5
318 5
338 3
356 4
365 5
380 3
385 5
393 4
399 4
402 4
403 4
405 3
407 4
409 5
410 3
423 4
425 2
427 4
436 4
443 4
447 3
452 3
465 4
468 3
470 5
471 3
472 4
496 5
531 4
545 3
546 3
549 5
550 3
559 3
560 3
561 4
566 4
568 3
579 4
582 4
588 4
595 4
623 5
627 5
651 5
655 4
660 3
662 4
663 5
665 4
673 3
684 4
693 1
708 3
720 4
727 5
728 3
732 4
735 5
739 3
742 4
763 3
768 3
770 4
795 3
808 3
819 3
823 3
826 4
829 3
845 4
866 5
932 3
939 5
941 4
949 2
996 3
1028 4
1032 3
1033 4
1035 3
1042 4
1044 4
1046 4
1054 3
1147 4
1209 4
1219 3
1271 3
1291 3
1336 1
1517 3
1531 4
