243 3
245 1
258 4
259 4
260 4
261 3
262 4
264 4
266 1
268 4
269 3
270 4
271 4
272 5
286 4
288 4
289 3
292 3
294 3
300 4
301 3
302 3
303 4
304 4
305 4
307 4
308 3
310 3
312 2
313 5
315 4
316 4
319 3
321 2
322 3
323 4
325 5
326 3
327 3
328 1
330 3
331 3
332 4
333 4
334 3
338 4
339 3
340 5
342 1
343 4
347 3
349 3
350 3
351 2
353 2
355 3
358 3
539 3
678 2
680 1
681 2
682 3
687 1
688 3
689 1
690 3
691 4
748 1
749 2
750 3
873 3
875 1
876 2
877 2
878 2
879 1
880 3
881 2
886 2
887 2
888 3
890 1
892 3
895 4
902 2
905 3
914 4
916 3
918 3
937 4
938 2
988 2
989 2
995 3
1265 4
1483 4
1624 2
1625 4
