1 4
3 4
4 4
7 5
8 5
9 5
11 5
12 5
13 5
14 5
15 5
20 4
22 5
23 5
24 4
28 4
32 5
42 5
47 5
48 5
50 5
55 4
56 5
58 5
59 4
60 4
61 4
64 5
69 5
70 4
71 4
79 4
81 4
87 4
89 4
92 5
93 4
95 4
96 5
97 4
98 5
99 5
100 5
109 4
116 4
117 5
118 3
121 4
122 4
123 4
124 5
125 2
127 5
129 5
132 5
134 5
135 5
137 5
140 3
144 5
147 4
148 2
149 4
150 5
151 4
157 5
168 5
169 5
170 5
172 5
173 5
174 5
176 5
178 5
179 5
180 5
181 3
182 5
183 5
184 5
185 5
187 5
188 5
189 5
191 5
192 5
193 5
194 4
195 4
196 5
197 5
198 5
201 5
202 5
203 5
204 5
215 5
216 4
221 5
222 1
223 5
224 5
234 5
235 3
236 3
237 4
238 5
242 5
243 1
245 1
246 5
248 4
249 4
250 4
251 5
252 3
253 1
255 4
257 4
258 5
259 2
260 4
261 1
262 5
263 1
264 2
265 4
266 1
268 5
269 4
271 4
272 5
273 5
276 5
281 4
282 4
283 4
285 5
286 5
287 3
288 5
289 4
291 3
292 1
293 5
294 3
295 4
297 5
298 5
299 1
301 1
302 5
303 5
305 4
306 5
307 4
312 2
313 5
315 5
318 5
319 4
320 5
322 1
323 1
324 4
325 2
326 4
327 4
328 1
330 3
331 3
332 3
333 5
334 3
336 1
338 2
339 3
340 5
342 2
343 3
344 4
345 4
346 4
347 4
350 4
354 4
357 4
358 1
367 4
382 4
405 4
408 5
409 1
410 5
411 2
418 4
421 5
423 5
425 5
427 5
431 2
432 1
433 5
443 5
455 4
457 1
458 3
460 3
461 4
463 4
466 5
467 5
469 4
471 4
472 1
475 5
479 4
480 4
482 4
483 5
484 4
501 4
508 5
512 5
514 5
518 5
521 5
522 5
526 5
527 5
531 5
533 4
534 5
544 4
546 4
547 4
558 5
568 5
589 5
591 4
597 2
603 5
619 1
628 3
631 3
652 4
654 5
655 5
657 4
678 2
680 1
681 1
682 4
683 1
685 2
686 5
688 1
689 2
702 4
705 5
730 4
735 5
742 4
744 3
747 4
748 2
750 5
751 3
752 4
754 3
762 5
763 5
782 2
789 4
806 4
813 4
815 3
820 3
823 1
825 1
833 4
844 4
845 4
847 5
853 5
854 5
875 4
876 1
877 2
881 1
885 2
886 3
887 5
890 1
892 1
893 1
895 3
898 2
900 4
919 5
922 3
925 3
931 1
936 4
939 3
952 4
963 5
969 4
971 4
975 4
984 1
985 4
988 1
1008 4
1009 3
1010 5
1011 4
1012 5
1014 4
1016 4
1017 4
1022 5
1023 1
1025 1
1039 4
1047 1
1048 3
1059 3
1060 2
1067 5
1070 5
1071 4
1073 5
1079 1
1082 3
1085 3
1097 4
1129 5
1134 5
1142 5
1143 5
1166 3
1184 5
1187 4
1199 5
1226 4
1258 1
1264 4
1265 1
1275 3
1276 1
1281 3
1315 2
1319 1
1356 4
1377 3
1514 5
1609 1
1620 1
1623 4
