1 3
4 4
5 4
8 3
9 3
11 4
15 4
25 3
26 4
40 1
49 3
50 4
51 3
56 5
58 4
65 3
66 5
69 5
70 5
71 4
73 2
77 4
79 4
83 5
88 4
97 4
98 5
100 5
106 2
111 5
117 4
118 4
121 4
122 1
125 4
126 5
131 4
133 4
140 4
143 4
144 4
153 5
155 5
157 3
158 3
159 4
161 5
162 5
163 4
164 4
172 4
173 5
174 4
179 5
181 4
182 2
183 4
193 4
196 5
200 5
204 4
210 2
211 4
216 5
220 3
223 5
233 2
234 2
237 4
238 4
241 5
245 3
255 5
272 5
274 3
275 3
276 1
278 3
280 3
282 5
283 4
284 4
285 2
286 5
288 4
293 1
301 4
313 4
318 5
322 2
357 5
366 4
371 3
385 4
392 3
393 4
402 4
405 3
417 5
423 4
451 3
468 3
470 2
471 3
476 2
478 5
496 5
501 2
535 3
546 3
553 2
568 4
580 1
584 3
591 4
597 2
609 3
619 3
631 3
633 5
655 3
659 5
660 5
661 2
685 3
692 3
699 4
723 4
724 3
732 3
735 4
739 5
742 4
744 3
747 4
761 2
762 4
763 3
775 3
781 3
807 4
815 3
845 3
846 2
866 5
949 2
966 5
974 2
977 3
1012 3
1014 1
1016 4
1028 3
1035 3
1119 5
1221 3
