8 3
9 4
12 3
15 1
21 3
22 4
39 1
47 3
50 5
56 3
58 1
64 4
65 4
69 3
71 1
82 1
87 4
91 5
96 2
98 3
99 3
100 4
107 4
109 4
118 1
121 2
123 1
125 1
127 4
131 4
132 5
133 4
135 4
140 1
141 4
143 3
148 3
151 3
153 4
154 5
156 4
157 3
163 4
164 4
168 5
172 4
173 5
174 4
176 2
178 4
179 5
181 5
183 4
184 3
185 4
186 4
191 4
195 3
196 3
198 4
201 5
204 2
208 4
210 4
222 4
225 1
228 5
230 4
234 1
238 2
239 3
241 4
250 4
257 2
258 5
259 1
260 4
276 4
284 4
287 1
288 1
290 3
294 1
318 4
324 4
325 4
357 4
365 3
378 2
382 4
387 3
389 2
405 1
406 2
410 4
411 2
416 3
418 2
419 4
421 1
427 4
429 5
431 4
436 4
443 4
455 4
472 1
473 3
475 4
476 1
479 4
482 4
483 4
496 4
504 4
508 4
584 4
588 3
591 3
623 1
660 3
671 4
673 1
699 3
740 4
743 1
763 5
820 1
834 1
840 2
842 1
864 1
921 5
928 1
934 1
949 2
1028 2
1039 4
1047 1
1063 3
1073 2
1079 3
1084 5
1116 4
1135 2
1296 1
1540 2
1615 4
