1 4
9 4
12 4
14 5
15 5
22 4
64 5
69 5
70 3
79 5
98 5
100 5
111 3
117 2
118 3
121 1
124 3
126 5
127 5
132 5
133 5
135 5
137 5
143 1
153 4
174 3
176 4
180 4
187 5
191 5
210 3
215 3
223 5
237 3
238 1
245 3
252 4
255 2
260 4
269 4
274 3
275 4
276 4
282 4
284 2
286 4
288 5
293 3
294 4
295 4
300 2
301 3
302 4
318 5
325 2
333 4
338 2
340 4
357 5
371 5
405 3
408 5
462 5
471 3
475 3
483 5
496 5
508 5
521 5
523 5
526 5
527 4
528 5
531 4
546 2
582 4
597 3
601 5
619 4
678 1
754 3
827 3
831 1
873 3
879 3
930 2
934 4
949 5
1040 2
1226 4
