1 5
3 5
7 4
8 2
11 5
12 2
15 5
22 5
24 5
25 5
28 4
31 4
33 4
38 4
42 3
48 4
50 5
55 4
56 5
58 3
63 3
64 5
68 5
69 4
71 5
79 3
81 3
82 5
83 5
87 4
88 4
89 5
91 5
93 4
95 4
96 5
97 5
98 5
99 4
100 5
103 3
108 1
111 4
117 4
118 4
121 4
123 3
124 3
125 4
127 4
129 3
132 5
135 5
138 3
144 4
147 5
148 3
150 4
151 5
153 3
154 3
156 4
157 4
161 4
168 5
172 5
173 5
174 5
175 4
176 5
178 5
179 5
180 4
181 5
183 5
184 5
185 3
186 5
187 4
188 4
191 5
194 4
195 5
196 4
197 3
198 4
200 5
201 4
202 4
203 5
204 4
206 4
208 3
209 4
210 3
211 5
214 4
215 4
216 5
222 3
225 1
228 5
230 2
234 4
235 3
236 3
237 4
238 4
239 4
241 3
248 5
249 3
250 4
255 5
257 5
258 4
260 3
265 4
273 4
281 4
282 4
284 4
287 4
288 4
293 5
294 2
298 4
307 4
313 5
323 4
326 4
333 5
385 4
393 4
404 4
405 4
410 3
418 5
419 4
421 4
423 5
427 4
428 3
432 5
435 4
441 4
451 3
455 2
468 4
471 4
472 4
473 4
475 4
477 4
483 5
491 4
498 4
501 4
507 4
508 4
516 4
527 4
530 4
531 5
537 2
546 4
549 4
562 4
568 4
576 3
585 4
588 5
591 3
596 4
619 4
620 4
628 4
637 3
647 3
651 4
652 3
655 4
660 5
662 4
678 3
684 3
685 3
692 5
709 5
713 4
717 3
729 4
735 5
746 5
747 4
748 3
749 4
756 3
760 3
763 5
806 5
816 2
825 5
827 3
833 5
841 3
844 4
845 4
919 2
924 5
925 4
926 3
928 4
939 4
942 4
951 2
959 5
963 5
966 5
969 5
993 5
1010 3
1011 3
1016 3
1039 4
1047 2
1055 4
1065 5
1110 2
1149 4
1151 3
1190 3
1199 3
1277 3
1280 2
1518 4
