4 3
8 2
9 4
11 5
16 2
22 4
23 5
25 4
28 4
42 5
44 4
50 1
56 5
58 2
59 5
61 5
64 4
65 5
69 4
70 4
76 4
79 5
83 5
86 5
92 3
93 4
97 3
98 5
100 4
111 1
126 1
127 5
131 4
132 2
133 4
134 3
136 3
144 4
150 3
157 1
162 3
163 1
166 3
168 1
172 1
174 3
182 4
185 5
187 4
190 4
193 4
195 1
196 5
197 5
199 1
204 4
207 5
213 4
215 3
216 5
218 4
234 5
238 5
262 3
265 3
268 4
269 3
275 5
276 2
283 4
286 4
287 3
288 5
294 3
300 1
301 1
303 4
305 3
306 4
310 1
317 5
318 4
319 4
321 2
327 2
328 4
332 4
333 4
337 4
340 4
357 5
418 1
419 4
421 5
423 4
427 4
443 5
448 5
461 4
462 4
469 3
475 3
478 3
479 5
480 3
483 4
487 4
489 5
490 4
499 4
505 5
506 4
507 3
508 4
509 1
514 5
517 4
549 4
568 5
603 5
606 5
607 5
609 5
611 3
655 5
658 3
660 5
661 3
673 4
690 4
693 3
694 3
695 5
699 5
702 1
729 4
735 4
736 4
742 4
753 5
789 3
848 4
865 4
886 1
939 4
956 3
961 4
969 5
1009 4
1039 5
1063 5
1101 4
1113 3
1115 4
1119 5
1124 4
1153 3
1172 5
1183 1
1204 2
1221 2
1262 5
1281 4
