7 3
17 1
53 1
56 1
74 5
89 4
98 2
100 4
132 1
134 3
136 3
145 1
164 1
170 1
174 1
175 4
179 4
183 4
184 1
185 5
192 5
200 5
201 1
217 1
218 2
219 4
234 3
238 3
242 3
269 1
288 1
294 1
302 4
313 1
320 5
345 1
357 4
396 1
413 1
423 1
424 1
427 4
429 3
436 3
440 4
441 3
443 4
444 4
446 2
447 4
448 3
452 1
453 1
475 1
480 4
488 4
496 1
497 3
498 3
515 3
519 3
531 2
547 1
558 3
559 1
563 1
565 4
567 2
569 1
573 4
582 4
590 1
604 2
606 3
607 4
611 4
615 3
631 2
635 4
637 3
644 4
646 4
647 3
648 3
653 4
656 4
667 2
668 4
669 1
670 1
671 4
672 3
674 3
675 4
767 3
774 1
816 1
854 1
855 3
859 3
860 1
868 4
1019 4
1021 4
1073 3
1187 3
1316 1
1612 1
