11 2
17 1
22 5
27 4
29 1
33 3
39 2
50 4
53 2
55 1
56 3
62 1
68 3
79 5
82 5
96 5
117 5
118 5
121 5
127 4
144 5
161 4
174 4
176 5
181 4
182 4
183 5
187 5
188 4
195 5
226 5
231 4
233 4
241 5
245 4
252 3
257 3
258 5
273 4
281 4
288 3
293 3
294 1
295 4
298 5
300 5
302 4
307 2
313 5
323 3
326 2
327 3
328 1
331 4
332 4
333 2
346 3
350 3
363 2
385 5
391 3
403 5
405 3
406 2
515 1
546 2
550 5
554 3
562 3
566 4
568 5
576 4
578 4
597 4
651 5
665 5
684 4
685 3
720 4
750 3
808 3
809 1
825 2
827 3
849 2
879 4
1016 4
1231 2
1314 3
