1 5
7 4
8 3
15 5
28 4
35 3
50 4
63 5
71 5
78 4
82 5
91 2
94 5
95 4
98 4
99 3
100 1
101 2
112 4
118 4
121 5
123 3
125 2
138 5
140 4
145 5
147 3
148 3
151 4
164 5
172 4
173 5
174 5
181 4
225 3
234 3
237 4
240 5
243 3
246 4
260 5
268 4
281 5
288 4
294 5
300 3
313 5
323 5
354 5
379 4
393 5
404 4
406 4
409 4
416 4
418 3
419 2
420 3
422 1
423 5
432 4
444 3
452 3
465 4
501 4
560 4
563 5
565 4
588 5
595 5
596 2
623 4
625 3
627 5
674 3
676 3
678 3
682 2
683 3
699 5
706 3
740 5
742 5
755 5
758 2
760 3
768 5
769 4
795 4
820 4
834 2
859 4
895 3
924 3
928 5
930 2
931 3
946 4
951 3
969 4
975 3
993 5
1035 4
1036 4
1043 4
1066 5
1091 4
1219 3
1480 3
1503 4
