1 3
2 3
3 5
4 4
7 4
8 5
17 4
24 4
25 4
28 4
33 4
38 3
40 3
41 4
50 5
53 4
55 5
62 4
63 1
65 3
67 4
68 4
71 3
72 2
73 5
79 5
80 4
82 5
87 5
88 2
91 3
94 2
95 4
96 5
100 5
107 4
108 3
109 4
117 5
118 3
121 3
122 2
123 4
125 4
128 4
135 5
142 3
143 2
147 3
148 4
151 5
154 5
161 3
172 5
173 4
174 3
176 3
180 4
181 5
183 4
184 3
197 4
200 4
208 4
222 4
231 4
233 3
235 3
240 4
241 4
249 5
250 4
257 5
263 1
268 4
270 4
271 5
273 4
276 4
293 3
298 4
299 1
300 3
301 4
313 5
333 4
364 3
367 3
383 2
384 3
385 5
386 3
391 3
393 3
395 4
398 2
401 1
404 3
405 5
410 4
417 3
418 3
419 4
420 4
423 4
432 4
451 1
455 4
472 3
501 3
539 1
540 3
541 4
542 2
546 3
554 4
559 5
561 4
567 3
568 5
576 2
577 3
578 5
584 5
585 4
588 3
624 5
625 4
676 3
686 5
692 4
721 4
722 4
735 4
746 4
748 4
751 4
755 3
763 4
769 3
779 3
780 4
783 3
790 4
795 1
804 4
809 4
810 3
825 3
833 3
871 3
876 2
879 4
881 2
890 1
894 1
926 3
940 3
944 5
1012 5
1013 2
1016 4
1028 4
1029 2
1035 4
1036 1
1047 3
1093 4
1118 3
1185 3
1228 3
