1 3
2 4
3 1
4 4
7 5
8 4
9 4
11 4
12 5
15 4
22 4
24 4
28 3
29 4
30 4
31 3
41 3
46 4
47 3
49 3
50 5
56 5
62 4
64 5
66 3
67 1
69 4
70 3
72 3
79 5
80 3
82 3
83 5
86 4
88 3
89 5
90 4
94 2
95 4
96 5
98 5
99 4
100 5
101 5
105 3
106 2
109 5
111 4
117 4
118 1
120 1
121 1
125 3
127 5
132 4
135 4
142 3
143 4
144 5
153 4
154 4
156 5
157 4
159 3
161 3
162 3
165 5
166 5
168 4
169 5
172 5
173 5
174 4
175 4
176 4
178 4
181 5
183 4
184 5
185 3
190 4
194 4
195 5
196 3
198 4
199 5
202 4
204 3
206 1
207 5
209 5
210 3
212 3
213 5
214 4
215 3
217 4
218 3
222 5
226 4
227 3
228 5
229 2
230 3
231 4
233 4
240 3
248 4
249 5
250 4
252 1
253 3
257 3
276 4
277 4
280 3
283 4
284 1
294 3
298 4
363 4
364 1
367 4
373 1
375 2
380 4
385 5
386 3
391 2
395 2
396 1
402 3
403 4
404 3
405 4
408 5
418 3
419 4
423 3
427 4
431 5
432 5
433 4
434 4
449 2
450 1
451 4
472 3
474 3
479 4
480 4
482 3
484 3
496 4
501 3
506 3
511 4
519 3
521 5
532 3
541 2
542 2
550 4
552 2
553 3
558 2
568 4
577 2
578 4
581 4
586 3
588 4
597 5
625 3
665 2
674 2
679 3
685 2
693 4
705 3
719 2
721 4
722 3
725 3
730 4
737 5
739 2
742 3
755 4
756 3
763 4
769 1
780 4
781 3
795 2
797 2
808 3
809 2
833 4
845 3
855 3
866 2
934 2
949 3
977 2
978 2
993 4
1016 3
1039 5
1060 3
1074 2
1078 3
1079 2
1149 3
1181 4
1203 3
1207 2
1216 4
1228 1
1230 1
1231 2
1303 2
1406 3
1407 1
1408 1
1411 4
1419 2
1552 2
