4 3
7 2
9 4
11 2
12 5
15 5
22 5
23 5
39 2
42 2
50 5
55 4
56 5
58 4
64 5
69 5
81 3
86 5
87 5
92 4
98 5
100 5
111 5
117 5
127 5
132 5
135 5
137 5
144 5
147 5
153 5
160 4
162 5
172 5
173 5
174 5
182 5
187 5
191 3
193 5
194 5
195 4
196 4
197 5
199 5
200 4
202 4
204 5
207 4
210 5
223 5
234 4
238 5
241 5
245 3
258 4
265 4
268 5
269 3
270 3
271 4
273 2
275 5
276 5
277 5
284 4
286 4
288 4
292 4
294 3
300 4
301 3
307 5
309 3
317 4
319 4
322 3
324 2
326 3
327 3
328 3
331 3
332 4
333 4
340 2
357 4
381 4
392 4
416 4
423 5
425 3
435 4
463 4
467 5
475 4
504 4
509 5
523 3
528 5
566 5
632 3
651 5
655 5
658 4
660 5
684 5
690 2
693 5
699 3
709 3
729 4
732 5
876 3
880 4
881 3
886 3
984 3
991 1
1038 3
1109 4
1119 5
