1 4
7 1
9 1
13 1
15 4
24 2
25 4
50 4
93 3
100 4
111 3
117 2
118 1
121 4
124 3
125 3
127 2
147 1
148 3
149 2
150 1
151 5
181 4
225 3
235 1
237 2
244 1
245 3
246 2
255 3
257 2
268 2
273 3
274 5
275 3
280 2
282 3
283 2
285 3
286 5
289 2
291 4
293 3
294 3
300 3
301 1
322 3
323 1
325 1
328 4
332 4
333 3
338 4
363 2
405 1
408 5
410 2
411 1
460 2
471 2
475 1
508 2
515 4
535 2
544 3
546 1
591 3
595 3
596 2
619 2
676 3
685 3
690 5
717 3
740 2
741 1
742 4
744 4
815 2
829 2
831 1
833 1
847 3
866 3
873 1
922 1
926 2
931 1
934 1
936 4
985 2
1011 1
1028 3
1033 3
1051 2
1060 2
1102 3
1226 2
1233 5
1244 1
1258 1
1284 1
1344 4
1374 1
