1 3
2 3
4 3
7 4
15 3
21 2
22 3
23 3
25 3
27 3
29 2
38 3
50 5
54 2
55 4
56 3
62 3
63 2
66 3
68 3
69 2
71 3
72 2
73 3
77 3
79 3
80 2
82 3
88 3
89 4
91 4
95 3
96 4
97 3
98 4
99 4
100 4
109 3
117 4
118 4
121 3
127 2
131 3
132 4
133 4
134 5
135 4
136 4
137 3
140 2
141 4
143 5
144 3
145 3
151 3
152 3
153 4
154 3
155 2
157 3
158 2
159 3
160 3
161 3
162 3
163 3
164 4
168 4
172 4
173 5
174 4
175 4
176 4
177 2
179 2
180 3
181 4
182 3
183 4
185 3
186 4
187 2
188 3
191 4
193 3
194 4
195 4
196 4
197 4
198 4
199 4
200 4
202 3
203 3
204 4
205 4
206 4
208 5
209 3
210 3
211 4
212 3
214 3
215 2
216 4
217 3
218 3
219 3
222 4
223 3
226 3
227 2
228 4
229 2
230 4
231 2
232 3
233 2
234 4
235 3
238 4
239 3
243 2
257 3
258 3
265 4
269 4
270 4
271 3
272 4
281 2
286 3
288 3
290 2
294 3
301 2
309 3
313 4
315 3
316 3
323 3
355 2
357 4
363 2
367 2
371 2
373 1
378 3
380 2
385 4
389 3
391 2
393 3
399 3
402 3
403 3
404 3
416 3
417 3
419 4
420 3
423 3
427 4
429 4
430 4
431 3
432 4
434 4
435 4
443 5
444 2
445 4
447 3
449 3
450 1
451 2
452 2
472 3
474 4
476 2
478 4
479 5
480 5
482 3
483 5
484 5
485 3
489 3
491 3
493 4
494 3
495 3
496 4
498 4
499 3
501 3
502 3
504 3
506 3
507 4
509 3
510 3
511 5
514 3
515 4
517 3
519 4
520 4
521 3
523 3
525 3
526 4
527 3
528 3
530 4
546 1
550 3
551 3
552 4
554 2
559 3
561 3
563 3
565 3
566 3
568 3
571 3
576 1
578 3
579 3
581 2
585 1
588 3
597 3
601 3
602 4
603 4
604 3
608 4
612 4
614 3
620 2
622 3
625 3
627 2
628 3
629 3
630 5
631 3
633 4
635 3
636 3
637 3
639 3
642 3
644 3
648 3
650 2
654 3
657 4
658 3
659 3
661 3
662 3
663 4
665 2
670 3
671 3
673 3
674 4
679 3
692 3
705 4
708 3
715 3
719 3
732 3
735 3
737 2
739 2
742 3
747 3
751 2
755 3
780 2
809 3
823 3
843 2
849 2
898 3
926 3
928 2
968 4
969 3
1031 3
1035 2
1039 3
1050 3
1060 3
1065 4
1110 4
1118 3
1119 3
1126 4
1135 2
1149 4
1215 3
1247 1
1419 3
1474 3
1627 3
