1 4
2 1
4 3
7 2
11 2
15 3
22 5
28 4
38 3
42 2
50 5
53 2
54 3
55 3
56 5
62 3
63 2
64 4
69 4
70 2
76 3
77 3
79 4
81 1
82 4
83 5
87 4
88 3
89 5
94 2
96 4
97 3
98 2
100 4
101 3
105 3
111 2
117 4
118 3
121 4
125 2
127 5
128 3
132 3
135 5
136 1
139 2
142 2
143 3
144 3
145 2
151 3
152 2
153 2
154 3
156 4
157 5
160 3
161 4
163 4
164 3
167 2
168 3
172 3
174 5
175 2
176 3
177 3
179 4
180 5
181 4
182 3
183 3
185 2
186 5
187 4
188 5
191 5
193 4
194 3
195 5
196 2
197 3
198 4
199 4
200 4
202 3
204 4
205 1
208 3
210 4
211 1
213 2
214 3
215 2
216 3
219 1
222 3
223 3
225 1
226 3
227 3
228 4
229 3
230 3
232 2
233 3
234 3
237 2
238 1
239 5
245 4
248 3
257 3
258 3
265 4
272 4
282 3
286 4
290 3
291 4
293 3
294 2
300 4
307 4
310 4
313 4
318 4
328 4
333 5
356 1
357 4
366 2
367 3
371 1
378 3
380 3
381 2
385 4
386 1
388 2
393 2
395 1
402 1
403 2
405 3
407 1
409 2
410 1
411 2
416 1
423 2
425 2
428 1
429 3
431 4
436 1
441 3
444 1
447 2
448 4
449 3
451 2
455 3
458 2
471 2
472 1
474 4
476 2
480 4
482 2
492 4
496 2
502 2
506 2
508 3
509 4
510 2
511 4
517 1
518 2
520 3
521 4
523 4
526 3
527 2
531 5
546 2
550 3
563 1
566 5
571 1
572 2
573 1
575 1
576 1
578 1
581 1
585 2
597 4
619 3
620 3
622 3
628 4
631 2
638 1
642 1
654 2
657 4
658 2
659 1
670 1
674 3
679 2
684 5
685 3
686 2
692 2
693 1
696 1
702 3
708 2
712 3
719 3
722 1
728 2
732 2
737 1
739 3
742 3
746 5
748 5
755 2
756 1
763 1
765 1
771 2
779 1
780 2
790 2
797 2
802 2
809 3
819 3
823 2
840 4
862 2
930 4
941 1
944 2
967 2
973 2
984 4
1012 4
1014 2
1016 3
1023 3
1028 2
1035 2
1042 2
1044 1
1046 1
1065 1
1087 2
1101 2
1132 1
1133 2
1135 2
1136 2
1139 3
1140 1
1183 1
1188 1
1206 3
1207 1
1210 2
1228 2
1231 2
1244 3
1267 1
1444 3
1478 2
1620 2
