4 3
7 3
13 4
23 5
43 4
49 3
50 3
56 5
58 4
62 4
64 4
66 4
69 3
70 4
73 4
76 4
77 4
79 4
82 4
86 5
88 2
89 4
90 2
96 4
97 5
98 4
121 4
127 5
131 4
134 4
135 3
136 5
143 5
144 4
153 4
155 3
157 4
159 4
161 3
162 3
164 4
167 3
170 3
172 3
173 4
174 4
175 5
176 4
177 5
178 5
179 1
180 5
181 3
182 4
183 4
185 4
186 3
187 5
188 3
191 5
192 4
195 4
196 4
197 5
199 4
202 4
204 4
210 5
211 3
212 4
214 3
215 4
216 4
218 4
226 4
234 4
241 3
252 4
255 3
257 2
258 4
269 4
272 4
294 4
313 5
315 3
316 4
317 4
319 3
345 4
356 3
357 4
367 3
385 5
387 4
393 3
402 3
419 5
423 4
431 4
443 5
447 3
448 4
451 5
467 3
469 4
474 2
476 3
479 5
481 5
482 4
483 4
486 4
489 4
490 4
492 3
494 4
496 5
498 3
499 4
502 4
505 4
506 3
507 5
512 3
514 5
517 5
519 4
520 3
521 5
524 4
526 5
528 4
559 1
566 3
568 4
569 2
578 3
601 3
602 4
603 5
604 4
606 5
607 5
609 4
610 3
611 4
616 4
629 4
636 3
642 2
646 4
647 3
648 3
649 3
654 4
655 4
657 5
659 3
660 3
661 5
664 4
670 2
673 4
675 4
693 4
699 3
705 5
708 3
712 3
720 3
735 3
739 4
762 3
792 4
794 3
805 5
836 4
837 3
855 2
942 3
1021 5
1044 4
1064 5
1119 4
1138 4
1168 4
1172 4
1203 4
1267 3
1297 2
