1 4
3 4
7 4
9 2
11 5
12 5
13 3
15 4
23 4
25 4
31 4
42 5
47 4
50 5
56 5
64 5
69 4
89 4
96 5
98 5
100 4
108 2
111 3
117 4
121 4
123 3
124 3
125 3
127 5
129 3
134 5
147 3
148 4
150 5
151 3
173 3
174 5
176 5
180 4
181 4
182 5
183 4
187 5
192 4
210 3
235 2
237 4
240 3
243 3
245 4
258 3
259 2
260 2
265 4
268 3
272 5
273 4
274 3
276 3
280 3
281 3
282 3
284 4
286 3
287 5
288 4
289 1
294 3
299 2
300 4
307 4
313 5
315 4
316 4
318 4
319 1
321 5
322 4
323 2
324 2
326 4
328 4
330 4
332 4
333 5
351 2
357 5
363 2
405 3
410 3
411 3
455 2
466 3
471 3
473 3
475 4
508 4
509 4
521 3
544 4
546 3
588 4
591 3
597 3
603 4
619 4
628 4
652 4
655 4
658 4
676 3
678 2
682 3
685 4
693 4
696 3
710 3
741 4
742 4
748 2
749 3
762 4
763 5
815 4
827 2
833 4
844 2
845 3
864 3
872 3
876 3
895 4
919 3
924 3
925 3
928 3
948 4
956 4
975 4
978 4
984 3
985 3
1009 3
1011 3
1017 2
1047 4
1048 4
1051 3
1059 2
1067 3
1073 3
1086 3
1119 3
1161 3
1245 4
1276 3
1324 3
1327 4
