1 4
4 4
7 3
12 5
14 4
22 2
31 4
45 4
47 4
50 5
52 5
53 3
54 3
56 4
57 4
58 4
64 4
69 3
70 3
71 4
73 2
77 3
79 4
81 5
83 4
89 5
92 4
95 4
96 3
97 3
98 4
100 5
118 3
121 3
127 5
132 4
134 5
137 3
149 3
151 4
152 3
153 4
154 5
156 4
157 3
159 3
160 3
162 4
168 4
169 5
172 5
173 4
174 5
175 4
176 4
179 4
180 4
182 4
183 3
186 5
187 5
191 3
192 4
194 4
196 4
197 4
202 4
203 4
209 4
210 4
212 4
215 4
222 3
223 4
227 3
228 4
229 3
230 3
234 3
237 2
268 3
276 5
285 5
286 4
302 4
306 4
317 3
318 5
319 4
321 3
326 2
328 3
356 3
367 3
408 5
414 5
425 3
427 4
431 2
433 3
449 2
450 3
458 3
462 4
466 4
469 3
478 5
479 5
480 5
481 5
482 5
483 4
484 5
494 5
496 5
497 3
504 4
509 4
513 4
514 5
516 5
518 4
522 3
525 4
528 5
529 4
531 2
566 4
582 1
588 3
603 5
611 5
627 1
631 4
636 3
642 4
649 4
654 5
655 3
657 5
659 5
660 3
663 4
664 4
673 3
678 2
684 4
692 3
702 4
705 4
708 4
715 3
717 1
724 3
732 3
735 4
764 4
770 4
778 3
792 4
805 5
845 2
1090 1
1098 3
1101 3
1109 4
