1 4
7 4
9 4
12 4
15 4
24 3
31 3
33 2
50 4
56 5
65 4
69 5
71 4
79 3
88 3
89 4
92 4
96 3
97 2
98 4
100 3
105 2
109 4
111 4
117 4
121 2
125 4
126 4
127 4
133 3
134 4
135 4
143 4
147 4
151 3
154 3
156 5
157 3
172 4
177 3
181 4
183 4
185 4
186 4
188 4
191 3
194 3
195 3
196 4
200 4
202 3
210 4
214 4
215 2
216 4
222 3
234 3
237 3
238 4
239 3
240 5
248 4
249 5
255 4
257 3
265 3
271 2
274 3
282 4
286 4
287 4
293 4
294 2
298 3
301 4
307 3
313 4
315 4
319 4
328 4
343 3
346 2
357 4
369 4
378 3
393 3
405 3
410 3
411 4
417 3
418 4
419 4
421 4
423 4
427 5
432 4
456 4
471 3
472 3
473 4
475 3
476 4
483 4
496 3
508 2
527 3
535 4
538 4
546 2
566 2
588 4
597 3
620 3
631 2
660 4
684 3
685 2
687 2
699 4
721 3
742 4
748 4
756 3
762 4
763 4
815 4
833 3
845 4
866 3
924 4
926 3
931 3
1009 4
1028 4
1040 4
1047 1
1048 4
1061 4
1132 2
1225 2
1283 3
1315 4
