1 4
2 3
3 3
4 3
5 3
7 4
8 3
9 3
11 4
12 5
15 4
17 3
21 4
22 5
23 4
24 4
25 4
26 3
27 3
28 3
29 2
31 3
33 4
38 3
39 4
41 3
42 5
47 1
48 4
49 3
50 5
51 5
53 2
54 4
55 4
56 4
58 3
62 3
64 5
65 3
66 3
67 4
68 5
69 4
70 4
71 5
72 3
73 5
75 4
76 3
77 3
79 4
80 1
81 3
82 4
83 3
85 3
86 2
87 5
88 4
89 4
92 5
94 3
95 5
96 4
97 4
98 4
100 3
108 3
109 3
111 3
117 4
121 4
122 3
124 2
125 4
127 5
128 4
135 4
143 3
144 3
147 1
148 3
150 4
151 5
153 3
154 5
156 5
157 4
158 2
159 3
161 3
163 3
164 3
167 2
168 5
172 5
173 4
174 4
175 3
176 4
179 4
180 3
181 5
182 4
183 3
184 4
185 4
186 4
187 5
188 4
190 4
191 3
192 3
195 4
196 5
201 4
202 4
204 3
205 3
209 3
210 4
211 4
215 4
216 4
217 4
218 3
219 2
222 4
223 1
226 3
228 4
229 4
231 1
232 3
233 2
234 3
235 1
237 3
238 3
239 3
240 4
241 4
243 1
245 3
246 5
248 3
249 3
250 4
252 3
254 2
255 3
257 2
258 3
259 3
263 1
265 3
268 5
271 4
272 5
273 4
274 4
276 3
280 3
281 3
282 4
284 4
288 4
290 1
291 1
293 4
294 3
298 4
299 4
300 2
304 1
317 4
318 4
323 2
325 4
327 3
328 3
332 4
333 4
339 2
346 2
351 4
352 1
356 3
357 3
358 3
362 2
363 2
365 3
366 4
367 3
378 3
379 4
380 4
384 2
385 3
386 2
393 4
395 3
399 4
401 1
403 3
405 2
410 3
412 1
419 3
420 3
423 5
427 4
431 4
433 3
443 3
447 2
451 3
455 4
465 3
467 3
468 5
470 5
471 3
472 3
475 3
476 1
509 2
518 4
520 4
527 3
540 2
541 3
542 2
546 3
549 3
550 2
551 2
552 3
553 3
554 3
556 2
558 1
559 4
562 2
566 3
568 3
570 2
572 4
573 4
576 4
578 3
581 2
582 1
583 2
585 4
586 1
591 3
597 1
619 3
623 3
625 3
627 4
628 4
631 3
651 4
654 4
655 5
657 4
658 4
659 1
660 2
672 2
673 3
678 1
683 2
684 3
685 3
686 4
687 2
692 3
693 3
696 4
697 4
699 3
708 3
710 3
713 3
716 2
717 3
719 2
720 4
721 4
722 4
723 1
724 4
728 3
729 3
732 3
735 4
737 3
738 3
742 3
746 3
748 3
752 4
756 2
761 4
762 3
763 4
765 4
769 2
772 4
774 4
775 1
779 3
780 3
781 2
783 2
790 3
797 2
801 3
802 2
804 3
806 3
808 4
809 2
820 3
823 2
824 1
833 1
834 3
849 2
862 1
866 2
876 3
881 3
890 2
895 4
922 3
924 5
925 3
932 1
940 2
941 4
942 2
943 3
944 3
946 4
948 2
959 4
977 3
991 2
999 2
1011 4
1012 4
1016 2
1019 5
1028 3
1035 3
1039 4
1045 3
1046 3
1047 3
1048 3
1067 3
1074 4
1079 3
1084 2
1089 2
1090 2
1091 3
1093 3
1107 2
1118 3
1132 3
1135 2
1153 3
1178 1
1188 3
1217 3
1220 4
1221 3
1222 3
1225 4
1228 1
1231 2
1232 2
1267 3
1303 2
1305 3
1311 3
1410 3
1428 3
1437 2
1440 2
1478 3
1655 2
