1 4
9 3
10 4
22 1
25 2
28 2
50 5
66 3
83 5
86 2
89 4
95 3
96 4
100 2
121 2
127 4
131 4
132 4
133 2
134 3
135 3
143 3
144 2
153 2
168 3
172 5
173 5
174 3
175 3
176 4
177 1
181 3
183 3
187 2
190 5
191 2
194 4
195 4
198 2
199 2
202 3
204 2
205 4
210 5
211 2
214 1
220 3
222 4
228 3
230 3
255 3
257 3
258 3
275 4
283 2
284 1
294 4
300 4
307 4
330 4
357 4
385 4
404 1
419 3
421 2
423 2
427 1
428 1
431 1
433 4
434 4
435 3
465 3
478 4
479 2
480 2
481 3
482 2
483 3
485 4
486 4
487 2
489 3
490 3
491 2
496 3
497 3
498 4
499 3
505 2
507 4
511 2
512 4
513 2
515 4
516 2
525 1
526 2
529 5
568 2
588 4
603 4
606 2
607 2
613 5
625 3
640 2
648 4
654 1
656 1
659 3
662 2
663 1
705 4
707 2
709 4
751 3
855 2
945 2
968 1
988 1
1020 2
1021 1
1063 2
1115 2
1149 3
1299 2
