1 3
3 3
7 2
9 2
10 4
13 4
14 3
15 1
16 3
19 4
20 4
21 3
23 4
24 3
50 3
70 4
95 3
98 4
100 4
106 3
109 3
111 3
112 3
116 4
117 4
118 4
121 3
124 4
127 3
129 4
137 4
147 2
151 3
181 3
185 4
191 3
202 3
206 3
211 1
220 2
221 4
222 3
224 3
225 3
234 3
235 3
243 2
244 3
246 4
250 4
252 4
258 5
268 4
269 4
270 4
271 3
273 3
275 3
276 3
277 3
283 4
285 4
286 3
288 3
291 3
294 3
298 4
300 3
304 4
307 3
308 4
309 3
319 3
321 3
322 3
323 4
324 4
325 5
328 2
333 3
340 4
370 3
405 3
413 3
455 3
456 1
458 4
471 3
473 3
475 4
477 3
479 3
482 2
495 3
523 2
532 3
544 4
546 3
591 2
596 3
597 3
619 2
678 3
683 3
685 3
717 1
748 2
749 3
760 3
762 3
764 3
820 2
825 3
828 3
831 2
870 3
878 3
880 3
886 3
929 3
930 2
933 3
977 2
978 4
983 3
985 3
989 4
991 3
1009 4
1010 3
1011 4
1013 3
1028 2
1033 4
1057 3
1060 3
1061 3
1068 3
1093 3
1129 3
1143 3
1163 5
1187 4
1284 3
1328 4
1336 3
1375 3
1615 3
1643 3
