1 4
2 4
4 3
5 4
7 3
11 5
17 4
22 5
27 3
28 5
29 3
38 3
50 5
53 3
56 5
62 3
64 5
65 2
68 5
69 5
79 3
82 4
89 3
92 4
96 5
97 5
98 4
117 4
118 5
121 4
125 4
127 5
129 2
144 3
145 3
155 2
161 5
164 3
172 5
173 4
174 5
176 4
181 4
182 4
183 5
187 5
192 4
195 5
200 4
203 4
209 3
210 4
214 1
215 3
217 5
218 4
219 4
226 3
227 2
228 3
229 2
230 2
231 3
232 5
233 3
234 5
250 4
265 4
273 4
282 5
288 5
293 4
294 3
295 3
318 5
363 3
379 3
385 4
402 3
403 3
405 3
413 2
423 3
427 4
431 5
441 4
447 2
451 1
452 3
470 3
472 4
508 4
515 4
540 3
541 3
546 4
550 3
554 4
559 3
561 3
564 1
567 2
568 4
569 3
576 4
578 4
597 4
628 3
633 3
636 3
637 3
651 4
665 3
672 2
693 4
697 5
727 2
728 4
738 1
739 3
747 2
762 3
769 3
781 3
808 4
816 2
823 3
825 2
833 4
841 4
849 4
859 3
860 3
939 4
959 4
1059 5
1188 4
1218 4
