8 5
10 5
16 5
22 4
25 4
40 4
42 3
48 4
49 4
50 4
51 4
52 5
58 4
64 4
65 4
66 4
69 3
70 5
71 3
77 3
79 4
82 3
83 5
86 5
88 5
89 5
91 4
94 2
95 4
97 4
98 5
99 3
111 2
114 5
116 5
120 2
121 1
132 5
133 5
134 5
135 4
137 5
143 5
144 2
151 4
154 4
155 4
157 3
161 4
162 5
167 2
168 4
169 5
170 5
172 5
173 3
180 4
181 4
185 4
186 3
189 5
191 5
193 4
196 5
197 4
200 4
202 4
203 4
204 3
213 5
214 4
215 3
216 4
217 4
218 4
219 2
222 3
228 3
229 3
230 3
232 3
238 4
240 1
241 4
248 5
250 2
254 2
255 4
257 3
258 4
265 2
269 5
272 5
275 5
277 5
281 3
283 4
286 4
288 1
301 4
306 5
312 5
313 4
315 4
316 4
317 4
318 5
340 5
343 3
345 4
354 3
365 3
378 4
380 3
381 5
387 4
393 4
401 3
402 4
403 4
404 3
408 5
416 3
417 4
419 5
420 5
421 4
423 3
425 4
427 5
432 4
433 4
447 4
451 5
463 5
472 1
475 5
476 4
483 5
485 4
488 4
496 5
509 4
542 1
549 4
559 3
566 2
568 3
582 5
588 4
622 4
651 4
652 4
655 4
658 4
660 5
662 3
676 5
684 3
692 3
694 5
699 5
704 4
707 5
710 4
713 3
715 4
716 5
720 3
723 5
724 5
727 4
729 3
731 4
732 4
735 5
736 5
739 3
741 4
744 4
747 4
755 3
762 3
763 1
778 4
829 2
845 4
905 3
909 4
921 5
923 5
941 3
949 4
955 1
958 5
959 5
961 5
966 5
969 5
995 4
1014 4
1024 5
1046 3
1053 4
1074 3
1115 4
1117 4
1118 4
1119 4
1152 1
1160 5
1163 4
1168 4
1170 3
1190 3
1221 4
1285 3
1289 2
1446 2
1466 4
1518 3
