242 1
245 2
258 4
259 2
264 3
266 1
268 4
269 4
271 2
272 5
286 1
288 4
289 1
294 4
299 1
300 3
301 4
302 3
304 4
305 3
307 3
308 1
310 5
311 1
313 5
322 1
323 2
326 4
327 4
328 4
329 4
331 3
332 4
333 4
336 1
338 3
342 3
343 1
344 1
346 1
347 4
349 2
351 1
352 1
358 1
361 1
538 2
678 2
680 1
682 1
683 1
690 1
748 1
749 4
750 2
751 2
872 1
873 3
876 1
877 1
879 1
880 3
882 1
887 3
893 3
895 4
898 1
906 1
908 1
909 1
937 3
938 3
948 1
988 1
989 1
995 1
1062 1
1105 1
1127 3
1176 1
1234 1
1432 1
1434 1
1591 1
1617 1
