1 3
2 4
5 3
7 2
11 3
12 5
17 1
22 4
24 3
25 3
27 4
28 5
29 3
33 3
38 1
39 2
42 5
43 3
50 4
53 1
54 3
55 3
56 3
62 3
63 2
65 2
66 3
67 4
68 4
69 4
70 5
71 3
72 3
73 4
79 4
80 4
82 3
83 5
87 4
88 5
89 5
90 3
91 4
92 2
94 4
95 4
96 4
98 4
100 2
101 2
105 1
108 3
109 2
111 3
114 5
117 3
118 4
121 4
122 2
123 3
125 4
127 4
128 4
131 2
132 2
135 2
144 4
147 3
148 2
153 4
154 3
155 3
156 4
157 3
158 2
159 2
161 4
163 4
164 5
167 2
168 5
169 5
172 5
173 5
174 4
176 4
177 4
178 4
179 3
180 3
181 3
183 3
184 3
186 5
187 5
188 3
191 4
195 4
196 4
197 3
198 4
199 4
201 4
202 4
203 5
204 3
205 5
206 3
207 5
208 4
209 3
210 3
211 4
217 3
219 3
222 3
226 3
227 4
228 4
229 2
230 3
231 3
232 3
233 4
234 2
235 3
238 2
239 4
240 3
246 4
248 5
249 2
250 5
252 2
257 2
258 2
259 4
260 1
265 4
268 4
271 4
274 5
275 3
278 2
282 4
283 2
284 3
291 4
294 4
312 3
328 4
343 3
356 3
358 2
363 3
366 3
367 3
369 2
371 2
378 3
379 2
380 3
384 2
385 3
386 2
392 4
393 3
395 3
397 2
398 2
399 3
401 2
402 3
403 4
405 3
408 4
410 2
411 3
413 2
419 2
421 5
423 3
424 1
431 4
432 2
433 5
434 5
435 3
440 1
441 2
444 2
447 3
451 5
455 3
465 2
470 5
471 3
472 2
474 3
483 4
491 4
507 2
510 4
511 4
520 4
526 4
538 3
539 2
541 4
542 2
544 3
546 2
549 3
550 4
552 2
553 2
556 2
559 2
562 2
566 3
567 2
568 3
569 2
570 2
576 4
578 3
585 2
588 4
596 4
597 3
609 3
616 2
627 3
628 3
635 2
636 3
651 3
658 5
665 3
678 3
679 5
680 3
684 4
685 3
692 4
720 2
722 2
729 2
739 4
746 4
747 2
748 4
751 3
755 2
760 1
765 2
771 3
774 3
775 4
779 2
783 3
790 2
801 2
802 2
808 2
809 4
810 2
815 3
820 2
826 2
827 3
831 3
840 2
841 3
845 3
849 2
866 3
879 4
890 1
926 3
928 3
930 3
933 1
940 2
941 2
949 3
977 2
982 4
993 4
1016 3
1025 2
1028 2
1034 2
1035 2
1042 2
1047 2
1049 1
1076 2
1088 2
1119 3
1139 3
1165 2
1185 1
1188 2
1206 2
1215 2
1217 3
1218 4
1222 1
1224 3
1229 2
1231 3
1244 3
1249 3
1250 1
1273 3
1303 2
1411 2
1437 2
1446 3
1615 1
1657 3
