1 5
3 2
4 4
7 4
8 5
9 5
11 5
12 4
13 3
14 3
15 4
17 4
21 2
22 3
23 5
25 3
26 3
28 4
29 1
30 5
31 4
32 5
39 4
40 2
44 2
47 5
48 5
50 5
56 5
58 3
63 3
64 5
69 5
70 4
71 5
73 4
79 4
82 4
83 4
85 3
86 5
87 5
88 2
91 5
93 4
94 4
95 3
96 5
97 5
98 5
99 5
100 5
108 4
109 5
111 4
116 4
117 2
124 5
127 5
129 5
132 4
133 5
134 5
135 5
136 5
152 3
153 4
154 3
156 3
162 5
163 4
168 4
169 5
172 5
173 3
174 5
175 4
176 4
178 5
179 5
180 5
181 5
182 5
183 5
185 5
187 5
188 5
189 4
190 4
192 5
194 3
195 4
196 2
199 4
202 4
204 5
205 5
208 5
209 3
210 4
211 5
215 5
216 2
222 2
223 5
228 4
231 3
234 5
235 5
238 3
258 2
262 5
265 4
268 5
269 4
274 4
276 5
279 4
282 2
285 5
286 4
287 4
288 4
290 3
292 4
301 1
302 5
303 5
304 4
305 5
313 5
315 4
316 4
318 5
320 5
327 4
333 4
347 5
357 5
367 3
390 4
392 3
393 2
403 5
404 5
408 5
409 1
416 5
418 5
419 5
423 5
427 5
428 3
429 4
430 4
432 5
433 3
443 5
461 5
462 5
463 3
466 3
467 4
473 3
474 5
475 5
476 3
478 4
479 5
480 5
481 5
482 5
483 5
485 5
486 5
488 5
492 4
493 5
494 5
496 5
497 5
498 5
500 4
501 5
502 5
504 5
505 5
507 3
508 5
509 5
510 5
511 5
514 4
517 5
519 5
521 5
524 5
525 5
526 5
529 5
530 5
531 4
555 2
558 4
580 5
582 5
584 5
588 5
591 2
596 5
603 5
604 5
606 5
608 4
615 5
625 3
631 5
634 5
639 5
644 5
648 5
649 3
650 4
651 5
653 5
654 5
655 3
659 4
661 5
663 5
664 2
672 4
675 2
693 5
695 2
705 5
715 5
726 2
732 3
735 4
736 5
739 3
783 1
792 5
811 3
835 3
842 5
844 4
845 2
865 5
875 3
887 5
900 5
923 5
929 3
939 3
945 4
949 5
951 2
952 2
959 5
967 3
985 2
989 3
997 3
1003 1
1015 4
1020 4
1021 5
1028 1
1041 4
1045 4
1050 3
1067 2
1098 4
1134 5
1142 4
1159 2
1170 2
1179 1
1194 5
1203 5
1204 4
1205 3
1225 3
1246 1
1375 4
1427 2
1456 3
1497 4
1631 3
1659 1
1660 2
