1 3
2 4
3 3
7 3
11 1
21 5
25 5
28 5
42 5
50 5
52 2
55 4
56 4
62 4
70 4
79 4
82 4
83 5
85 3
87 5
88 4
89 3
90 3
91 4
94 3
95 5
96 4
98 5
99 4
100 4
101 4
111 3
117 4
118 2
121 4
131 5
142 4
143 5
144 4
153 4
154 3
161 2
168 5
172 5
173 4
174 4
178 5
179 4
181 5
193 5
194 5
196 4
197 3
202 4
204 4
209 4
210 5
213 5
214 4
215 4
216 4
226 3
227 4
237 2
238 3
239 4
248 5
250 3
257 4
269 5
270 4
272 4
274 4
291 3
300 2
301 5
302 4
305 2
310 3
313 2
315 3
316 4
323 1
332 3
347 4
367 4
372 3
380 3
381 1
382 3
385 4
386 3
394 4
399 3
402 3
405 3
417 2
418 5
419 4
428 4
431 4
432 4
433 3
434 4
436 4
472 2
479 2
480 4
481 4
483 5
484 3
485 4
486 3
487 5
490 4
494 4
497 4
537 4
538 4
558 3
559 4
568 3
578 4
588 5
591 1
596 4
597 2
603 4
631 5
652 4
655 3
658 3
659 5
660 4
689 2
704 2
708 4
709 4
710 3
734 1
735 4
736 5
737 4
738 4
739 3
742 3
746 4
748 2
751 4
755 4
756 2
778 3
785 4
809 3
849 2
856 2
865 2
916 1
917 2
945 3
1007 4
1011 4
1035 2
1078 3
1101 1
1140 2
1446 2
1661 1
