1 4
2 3
4 5
7 4
11 4
17 3
22 4
24 4
27 4
28 3
29 2
31 4
38 3
50 4
53 3
56 4
58 3
62 3
64 5
68 4
69 3
71 4
79 4
82 4
89 4
91 4
95 4
96 4
97 4
98 4
100 3
101 4
117 4
118 3
121 2
122 1
125 2
128 3
129 3
143 3
144 4
145 3
148 4
151 4
153 3
155 2
156 3
157 3
161 3
164 3
168 4
172 4
173 4
174 5
175 3
176 5
179 4
181 3
183 4
188 3
193 4
195 4
196 4
198 4
202 4
203 5
204 4
205 4
206 4
207 2
210 4
217 3
222 4
226 3
227 4
228 4
229 3
230 4
231 2
232 3
233 3
235 3
241 3
248 4
250 4
252 3
254 2
257 4
258 5
260 3
265 3
270 3
271 3
276 4
288 4
298 4
313 3
323 3
326 3
328 3
333 4
343 3
350 3
358 3
385 3
399 3
403 4
405 4
423 3
426 3
431 4
432 3
433 4
449 3
450 2
455 3
470 3
471 4
472 3
474 3
515 5
546 3
549 5
550 3
554 3
559 4
561 2
562 3
566 3
568 4
569 3
570 3
574 3
576 3
588 3
638 3
651 4
658 2
665 3
678 2
679 4
684 4
685 3
693 4
732 3
742 4
743 2
746 3
751 3
771 2
809 4
825 3
827 3
895 4
931 2
939 4
969 3
1014 3
1016 3
1035 2
1073 4
1090 2
1188 3
1210 2
1240 3
1273 2
