1 4
4 5
5 4
11 4
12 5
13 3
16 5
22 4
25 4
26 4
28 3
39 4
47 3
50 4
55 4
56 5
59 5
60 5
61 5
69 4
70 5
73 3
79 5
83 3
85 4
87 2
88 4
96 2
97 3
98 4
99 4
100 5
111 2
125 3
127 4
132 3
133 3
135 5
137 4
143 3
144 3
151 4
153 4
157 4
159 3
162 4
164 4
168 5
171 3
173 4
174 4
176 4
190 4
191 4
194 5
195 4
196 4
197 4
198 5
200 4
209 4
210 3
212 4
213 4
222 5
224 5
230 3
234 3
237 3
238 4
258 3
275 5
280 2
283 4
286 4
317 3
357 4
367 3
375 2
382 5
392 4
418 4
432 5
461 4
462 5
464 3
466 4
469 4
475 4
483 4
498 4
505 4
507 4
509 5
510 4
515 4
518 4
527 3
588 4
607 4
609 4
625 4
627 3
629 5
658 3
692 2
702 3
703 5
730 5
732 3
737 2
738 2
742 4
819 2
845 4
879 3
941 3
955 2
960 4
961 5
972 3
1006 2
1039 4
1065 5
1098 3
1101 3
1129 4
1180 2
1268 5
