1 3
2 3
6 3
7 2
11 2
12 3
13 4
14 5
23 5
24 3
27 1
29 2
32 4
37 3
42 3
45 4
47 4
50 5
52 3
53 3
56 2
59 5
60 5
61 5
64 4
68 2
70 3
72 3
89 4
90 4
91 4
92 4
93 3
96 2
98 4
100 4
109 4
121 2
127 5
145 3
152 5
153 5
154 5
168 5
169 5
170 5
171 5
172 5
174 3
175 4
176 4
179 5
181 5
182 4
183 4
184 2
185 4
187 5
188 3
189 5
191 4
196 4
198 4
200 4
204 3
209 5
210 2
212 2
216 4
217 3
218 2
221 2
228 3
229 3
231 2
232 3
233 1
234 2
235 4
238 4
239 4
240 2
251 3
258 5
260 2
264 2
265 2
268 4
286 3
288 2
318 4
324 3
343 1
354 2
357 4
364 4
367 2
382 3
384 2
386 3
393 2
403 2
408 5
427 3
428 4
431 1
432 4
433 3
455 4
462 5
475 3
509 4
522 4
531 5
541 1
547 4
559 2
567 2
568 1
588 1
639 4
652 3
655 3
665 2
675 5
710 3
720 1
730 3
732 3
737 3
751 3
769 1
780 4
790 3
792 4
809 1
840 1
855 2
887 2
895 2
919 5
924 1
940 2
948 2
958 4
959 4
1018 3
1021 5
1036 3
1069 4
1071 2
1097 4
1170 3
1187 3
1188 2
1240 3
1252 4
1367 5
1475 4
1529 5
1555 4
