2 1
4 2
7 2
8 1
12 3
22 2
23 3
28 3
29 1
31 1
44 1
50 4
52 3
53 4
54 1
56 2
58 1
62 2
64 3
68 3
69 4
72 1
77 1
79 2
82 2
88 1
89 2
91 1
94 2
96 2
97 2
98 4
100 1
101 2
105 1
117 2
118 1
121 1
122 1
127 4
135 3
150 1
161 2
168 1
172 3
174 3
175 3
176 4
177 4
178 4
179 5
180 5
181 3
182 4
183 4
185 2
186 3
187 3
188 3
189 2
193 5
194 3
195 3
196 3
197 1
199 4
200 2
201 2
202 5
203 2
204 3
205 4
208 2
210 1
211 3
214 3
215 3
217 2
218 1
219 4
222 3
226 2
227 5
228 4
229 2
230 2
231 1
232 2
233 2
234 2
235 1
238 5
240 1
241 4
250 3
254 1
258 1
265 3
273 1
293 1
294 1
300 2
307 1
318 1
357 2
365 2
367 2
373 2
380 2
385 1
386 2
391 1
393 1
398 1
399 2
401 2
402 2
403 2
405 1
406 1
410 1
411 1
412 3
413 1
418 2
421 1
423 1
428 1
429 1
431 4
436 2
444 1
447 1
448 2
449 1
450 2
451 1
452 1
453 2
468 2
501 1
508 3
510 2
511 3
514 2
515 2
518 1
519 5
520 3
521 2
523 2
525 2
526 4
527 1
528 4
530 5
537 2
545 1
546 1
548 1
550 2
553 2
554 1
559 1
561 1
563 1
566 2
567 1
568 2
569 2
573 2
576 1
577 2
585 1
597 2
644 4
649 3
650 1
654 2
655 1
659 3
672 1
673 2
674 2
679 5
684 1
692 1
708 2
712 1
732 1
739 2
741 1
743 1
758 1
774 1
778 5
795 1
808 1
826 2
831 2
834 1
840 2
849 1
866 1
871 1
920 2
926 1
947 2
986 1
1016 3
1017 3
1028 2
1079 1
1090 1
1091 1
1110 1
1118 3
1182 1
1215 1
1218 3
1228 1
1274 1
1305 3
1419 1
