1 4
4 4
7 5
9 5
15 3
28 5
50 4
66 4
69 4
70 4
71 5
82 4
86 4
88 4
89 4
95 5
97 4
98 5
99 4
100 4
102 4
111 5
117 4
121 2
125 4
126 4
127 4
132 5
133 5
143 4
161 4
172 5
173 4
174 4
176 4
177 4
179 4
180 4
181 4
183 4
186 4
187 4
188 5
191 4
195 4
196 4
197 3
198 5
199 4
200 5
202 4
203 4
204 4
208 5
210 4
211 4
216 4
222 4
228 4
230 4
231 2
234 3
237 5
238 4
240 1
265 4
275 4
276 1
280 3
281 4
283 4
285 3
286 4
289 4
318 5
322 3
357 5
376 3
381 3
385 4
404 4
405 4
416 4
418 4
419 4
423 5
429 4
449 2
451 2
455 1
458 3
465 4
471 4
484 4
496 5
497 4
501 4
504 4
520 4
528 5
546 4
588 5
633 4
655 4
684 4
692 4
696 3
699 4
703 3
708 4
709 2
724 4
732 4
849 2
866 3
871 1
1044 4
