1 3
4 3
7 4
9 4
10 4
11 2
12 5
22 5
23 3
28 5
29 3
38 3
43 3
44 4
46 3
51 4
53 1
54 4
55 4
56 3
58 4
62 3
64 5
65 4
68 3
69 4
70 4
71 3
73 3
76 3
79 4
82 3
85 1
89 5
96 3
97 3
98 5
100 5
112 3
117 4
118 3
120 2
121 4
125 3
130 2
132 5
133 5
135 3
141 3
144 4
148 3
151 1
153 3
157 5
159 3
162 3
164 3
167 3
172 3
174 2
175 3
176 5
177 3
180 4
182 2
183 5
185 4
186 3
187 4
188 4
192 4
193 4
194 4
195 3
199 5
200 4
203 5
204 3
205 4
211 4
215 3
218 4
222 3
223 4
226 4
227 3
228 3
229 3
230 3
231 3
234 3
235 3
237 4
241 5
258 4
270 2
271 3
281 4
282 4
284 3
286 5
289 4
291 4
294 3
300 5
301 2
302 4
317 4
318 5
322 4
323 3
326 4
327 3
328 4
331 4
356 4
357 4
363 2
370 2
371 3
380 3
385 3
391 2
399 3
402 3
403 3
405 4
409 3
423 5
427 2
429 3
431 2
432 1
433 2
435 3
436 3
443 4
444 3
445 4
447 3
448 2
451 4
470 3
471 3
474 3
480 3
482 4
483 5
492 3
498 5
503 4
504 4
510 5
511 5
518 3
519 4
520 4
521 4
523 4
528 5
531 4
540 3
546 3
549 4
550 3
553 3
554 3
556 2
561 3
562 3
566 4
568 3
570 3
572 3
579 3
582 4
586 2
589 5
591 3
597 3
601 4
614 4
620 3
621 3
623 3
627 4
629 1
630 2
636 3
637 2
639 3
645 3
646 3
649 3
651 4
655 3
657 4
658 3
661 5
662 4
665 2
670 3
679 2
684 5
685 3
692 3
693 2
696 3
699 3
708 2
712 3
715 3
720 3
723 3
726 4
729 4
736 3
739 2
742 3
744 4
748 3
754 4
755 3
781 3
798 2
809 3
810 3
823 3
828 3
879 4
931 2
963 4
983 3
984 3
1042 3
1107 3
1112 3
1126 5
1135 2
1139 1
1183 2
1248 3
1273 3
1277 3
1303 3
1407 3
1459 2
1478 3
1518 3
