1 3
2 3
4 3
7 4
10 1
13 3
15 5
17 2
22 5
25 2
29 2
38 2
41 3
42 5
47 2
49 3
50 4
51 3
52 4
56 4
62 3
63 2
65 4
66 3
67 3
68 3
69 1
70 3
72 2
73 4
79 4
80 2
83 3
85 3
89 4
90 2
91 3
96 3
97 2
98 5
100 2
105 2
108 3
109 3
111 3
116 4
117 5
121 3
122 2
123 3
131 2
135 3
139 2
143 3
144 4
145 2
151 4
153 3
154 4
155 3
157 2
158 2
159 3
161 4
168 4
172 4
173 3
174 4
176 3
181 4
183 4
184 3
186 3
188 4
191 3
196 3
202 3
203 4
208 3
209 1
210 4
211 4
213 3
214 3
215 2
216 5
217 4
222 3
226 3
227 3
228 3
229 3
230 4
231 4
232 4
233 3
235 1
237 4
240 3
241 5
246 4
248 4
249 3
250 5
258 3
259 2
265 4
268 4
269 3
273 5
274 3
275 4
282 4
283 2
284 4
288 4
294 2
298 5
317 4
328 3
358 2
364 2
365 4
367 4
368 2
373 3
376 2
378 3
380 4
384 2
386 2
391 2
393 2
401 4
402 2
403 4
405 3
411 3
412 4
417 2
427 4
431 3
436 4
449 2
451 3
470 4
472 2
475 3
485 3
496 3
546 1
550 4
552 2
559 3
561 3
566 3
568 3
570 2
572 3
577 2
582 3
583 2
584 4
585 2
597 3
609 2
660 3
664 3
665 3
678 3
685 4
687 1
708 3
709 3
716 4
721 3
722 3
738 3
739 4
742 4
748 1
755 3
762 5
763 3
771 4
774 4
776 3
781 4
786 3
790 2
792 2
825 3
826 1
849 4
862 1
864 4
926 2
928 3
931 2
940 3
941 3
944 1
949 4
959 3
977 1
1014 2
1016 2
1025 1
1028 3
1039 3
1040 2
1044 4
1047 3
1048 4
1063 5
1074 3
1077 3
1091 1
1118 3
1119 4
1132 2
1165 2
1183 2
1185 2
1188 3
1215 1
1230 2
1244 1
1282 5
1446 4
1471 2
