1 4
2 3
3 2
4 4
7 5
8 5
10 4
12 4
17 2
21 3
25 5
28 4
39 4
42 3
47 3
50 3
58 4
62 4
68 3
70 3
72 3
79 2
80 3
81 4
89 4
91 5
95 4
96 2
97 2
100 5
105 1
108 3
109 3
117 4
118 2
120 3
121 3
123 4
132 3
135 3
143 3
144 4
150 3
151 3
152 4
153 3
154 3
164 3
167 3
168 5
169 5
172 3
173 4
174 4
175 5
181 4
182 4
184 4
186 3
189 3
191 4
200 3
201 4
202 3
203 3
204 3
208 4
209 5
210 4
214 4
217 1
219 3
222 3
226 3
231 4
234 4
235 3
238 3
240 2
257 3
265 3
319 4
367 3
381 2
382 4
386 3
395 2
402 2
403 3
405 1
407 3
410 2
412 3
419 3
423 2
425 3
429 3
431 4
432 3
433 4
434 3
436 3
465 3
472 3
473 2
477 3
502 3
514 4
546 3
550 3
552 2
554 3
559 2
564 1
567 2
568 3
576 2
577 3
581 4
583 4
588 5
636 3
640 4
655 3
658 2
675 3
705 4
710 3
716 3
719 2
727 3
739 1
742 2
746 3
747 3
755 3
756 3
768 3
771 3
797 3
820 3
825 2
826 3
831 2
919 4
926 2
928 1
931 2
998 3
1030 3
1036 2
1041 3
1052 3
1095 3
1101 4
1110 3
1199 3
1413 3
1555 3
