1 2
2 5
4 5
5 4
8 5
9 3
12 5
15 4
22 4
23 2
26 2
28 3
29 3
31 4
33 3
36 1
38 5
39 3
43 4
45 3
48 3
49 3
50 5
53 1
54 4
56 5
58 3
62 4
63 3
64 4
66 5
69 5
71 4
77 5
78 3
79 5
82 3
86 5
87 5
88 5
89 5
91 2
94 3
95 4
96 4
97 3
98 5
99 3
100 3
106 2
111 4
112 4
117 5
118 4
121 5
125 4
126 3
127 5
132 4
134 3
143 5
144 5
145 2
147 5
151 5
152 3
153 5
154 3
155 5
159 3
161 5
164 3
168 5
172 4
173 5
174 5
176 5
178 3
180 2
181 5
182 4
183 5
184 1
185 4
186 3
187 5
188 2
191 4
193 3
194 4
195 5
196 5
197 3
198 4
199 3
200 5
202 4
203 3
204 5
209 3
210 3
211 3
213 4
215 5
216 5
217 4
218 3
219 4
222 5
226 3
227 4
228 5
229 3
230 5
231 3
232 3
233 4
234 2
236 4
237 5
238 3
243 3
245 3
248 3
249 1
250 5
257 5
258 4
265 5
269 3
270 4
271 5
272 4
273 2
274 5
275 4
278 4
280 4
281 4
282 4
283 3
284 3
286 2
291 4
293 5
294 3
298 5
300 4
301 1
307 4
313 4
315 5
316 5
318 4
321 2
322 3
323 2
326 4
328 5
333 5
339 2
342 5
356 4
357 4
367 5
371 5
378 4
381 3
385 5
387 3
389 4
391 4
393 4
396 2
399 4
401 3
402 5
403 4
405 5
409 3
414 3
417 4
418 4
419 5
423 4
427 4
429 4
431 4
432 2
433 2
434 4
443 2
447 3
448 4
449 4
450 3
451 5
467 3
474 2
477 2
478 5
479 4
480 4
483 5
484 5
485 4
486 5
487 5
488 2
491 4
493 3
496 5
500 4
510 3
511 4
514 3
516 4
517 2
520 3
525 4
527 3
530 3
540 2
542 3
546 4
549 3
550 3
553 4
554 2
559 3
564 1
565 3
566 4
568 4
570 2
573 4
576 3
578 4
586 3
588 5
591 3
597 5
603 4
606 4
607 4
608 3
611 4
615 4
623 3
628 4
633 5
636 2
649 3
655 3
659 3
660 5
662 5
665 2
672 3
679 4
684 5
685 4
692 5
693 3
699 4
705 4
707 3
709 3
716 3
717 3
720 4
722 3
724 2
728 3
731 3
732 5
735 2
736 3
739 5
742 3
746 3
747 4
748 5
751 5
755 4
761 3
762 3
765 3
768 2
769 4
775 2
776 4
778 4
779 3
781 4
783 4
785 5
794 4
795 3
796 4
797 3
807 2
809 4
810 3
815 4
821 4
826 2
831 2
849 4
855 3
859 2
869 4
871 1
873 3
879 4
880 3
928 2
932 4
934 3
939 3
945 5
949 4
974 3
977 2
988 3
1001 2
1012 3
1032 3
1036 4
1037 2
1039 4
1040 3
1041 5
1042 4
1046 3
1048 2
1049 4
1055 3
1057 2
1074 1
1076 2
1090 4
1101 5
1119 4
1126 1
1163 3
1197 3
1217 3
1228 4
1269 5
1285 4
1297 2
1299 2
1303 2
1407 3
1415 3
1511 3
1522 3
