1 4
2 4
14 2
15 4
21 5
28 4
29 4
38 4
49 4
50 5
52 3
62 4
63 5
66 3
71 3
72 3
73 4
79 4
81 3
82 4
83 4
87 3
88 4
90 3
94 3
95 5
97 1
98 1
105 3
110 4
111 1
112 3
116 3
118 4
121 5
125 3
132 4
133 3
138 3
140 4
142 3
143 5
151 3
155 3
158 2
161 3
162 3
163 3
164 4
168 4
172 4
173 5
174 4
181 5
191 4
194 4
196 3
197 2
202 2
204 4
208 3
210 4
220 3
222 3
225 4
228 3
231 2
239 4
243 4
254 5
257 4
258 4
259 5
265 5
270 4
274 5
275 4
280 2
281 4
283 5
289 3
306 3
321 3
323 4
356 3
365 3
367 3
377 3
378 4
380 3
384 2
391 3
393 3
394 4
395 3
399 5
400 3
402 3
403 4
405 5
415 3
417 3
418 4
419 4
420 3
423 3
432 4
443 3
444 2
451 2
463 3
465 4
472 3
473 2
476 2
480 3
482 3
485 5
486 4
491 4
493 3
498 3
554 2
560 3
563 2
568 4
571 3
576 3
577 2
584 3
585 3
586 2
588 4
602 3
603 3
610 3
623 3
648 3
659 4
660 3
662 3
671 2
687 4
690 4
692 4
694 3
699 3
703 4
705 4
707 2
709 5
719 1
720 5
722 3
728 4
731 3
732 2
734 3
736 5
740 2
746 4
748 5
755 3
756 3
768 4
769 2
781 2
785 3
795 3
801 3
805 4
810 3
815 5
819 3
821 5
825 3
826 5
827 4
828 4
832 4
839 4
845 5
862 3
878 4
924 3
926 4
929 3
930 5
932 4
940 1
941 3
944 4
945 3
946 2
949 3
951 3
953 2
961 1
988 3
993 3
996 3
998 3
1003 3
1023 3
1032 3
1034 2
1035 4
1043 3
1049 3
1063 3
1066 2
1076 3
1089 3
1102 4
1119 3
1139 3
1164 3
1183 1
1224 2
1239 4
1249 4
1270 3
1282 3
1283 4
1284 3
1285 3
1297 3
1337 3
1411 1
1425 4
1435 2
1446 4
1469 3
1503 3
1509 3
1517 4
1539 2
1540 4
1544 3
