1 5
2 4
4 4
7 4
10 4
11 4
22 5
23 4
24 5
25 4
28 4
31 4
32 3
33 4
39 2
40 3
49 2
50 4
55 4
56 3
62 4
63 4
64 5
68 3
69 4
70 4
71 4
72 4
79 4
81 4
82 5
84 3
85 4
87 4
89 4
91 4
94 4
95 2
96 5
97 4
98 5
99 4
100 5
105 3
108 3
118 4
120 3
121 4
123 4
125 4
127 3
128 5
132 4
133 3
134 4
135 3
139 3
141 3
143 3
144 4
145 3
151 3
152 4
153 4
154 3
155 3
156 4
157 4
159 4
160 4
161 4
162 2
163 3
164 4
167 3
168 5
172 4
173 4
174 5
175 4
176 4
177 5
180 4
181 5
182 4
183 4
184 5
185 4
186 4
187 4
188 4
191 4
192 4
193 4
194 4
195 5
196 4
197 4
198 5
199 5
200 3
202 4
203 4
204 4
205 4
206 3
208 5
209 3
210 5
211 4
212 3
213 3
215 5
216 4
218 4
219 3
222 5
226 4
227 4
228 4
229 4
230 4
231 4
233 4
234 4
235 5
237 4
238 4
239 4
240 4
243 3
245 4
250 4
252 4
254 4
257 5
259 4
260 2
265 4
282 4
284 4
288 1
290 4
291 4
292 2
294 5
307 4
310 4
318 5
322 5
323 4
328 4
357 5
358 3
363 4
365 4
366 4
367 3
373 2
378 4
379 3
380 4
385 4
393 3
396 3
399 4
401 2
402 3
403 3
405 4
406 3
411 3
412 2
413 4
414 4
415 3
419 3
423 3
425 4
428 3
429 4
431 4
432 3
433 4
434 4
435 3
436 5
443 5
444 4
445 4
447 3
448 3
449 3
451 2
455 5
456 3
468 4
472 3
473 4
474 4
476 3
479 4
480 5
483 5
495 3
496 5
498 5
504 3
510 5
511 4
513 5
514 4
515 5
520 4
522 3
523 5
526 4
527 4
528 4
529 4
546 3
550 4
552 4
554 2
558 3
559 3
566 4
568 4
573 3
576 4
582 3
584 4
588 4
597 3
603 5
609 3
615 5
616 3
624 2
625 3
629 3
631 3
632 3
636 3
637 3
639 4
642 3
646 4
647 5
651 4
654 3
655 4
657 4
662 4
663 5
664 3
670 4
671 3
674 4
675 3
678 4
679 4
685 4
692 5
702 2
708 3
719 3
720 3
732 4
737 3
739 4
742 4
746 4
747 3
748 4
755 3
756 3
763 4
768 3
771 3
797 4
820 4
824 3
826 3
831 3
841 4
925 4
926 4
928 4
929 3
930 3
932 3
948 1
949 3
951 3
969 4
972 3
981 3
982 4
984 4
988 4
993 2
1016 4
1025 4
1028 3
1041 3
1047 3
1050 3
1056 4
1060 3
1065 3
1074 1
1076 3
1079 4
1101 3
1139 3
1140 3
1170 3
1177 3
1178 3
1188 2
1210 2
1222 3
1228 3
1244 2
1260 3
1285 2
1291 3
1411 3
1488 3
1489 3
1615 4
