1 4
2 3
3 2
6 2
12 5
14 3
17 4
24 3
28 3
29 4
45 4
47 4
50 5
56 5
70 2
76 3
79 3
81 5
82 4
88 4
89 5
90 4
95 5
96 5
98 4
100 4
111 3
117 2
121 4
122 3
127 5
128 3
131 4
133 5
143 5
144 5
150 4
153 4
155 3
156 4
157 3
158 2
161 3
162 3
168 4
169 5
170 5
172 3
174 5
175 5
176 5
177 3
179 5
180 4
181 2
182 5
186 4
187 5
188 3
192 4
195 3
196 5
197 4
200 4
204 5
209 3
210 5
216 4
222 4
226 3
227 2
228 4
230 4
231 3
233 2
234 4
237 2
238 4
240 2
249 4
252 1
254 3
257 4
258 3
265 4
271 3
273 4
286 3
288 3
302 4
318 5
324 2
343 3
357 3
403 4
405 3
407 3
408 5
419 5
421 4
433 4
455 3
461 4
475 4
483 4
484 4
485 5
496 5
504 4
511 5
518 3
521 3
522 3
553 3
588 4
628 3
629 3
654 5
655 3
675 3
690 2
702 3
705 4
789 4
856 5
875 3
879 3
923 3
952 2
1010 3
1012 4
1016 1
1018 4
1048 3
1059 3
1071 4
1074 3
1098 4
1129 3
1514 3
