1 5
2 3
7 4
9 4
28 4
31 4
50 5
54 3
57 5
65 5
69 4
71 5
77 4
79 4
82 4
83 4
86 5
87 5
88 4
89 4
91 3
94 3
95 3
96 5
97 5
98 4
99 4
102 3
114 5
117 3
121 2
125 5
127 3
131 2
132 5
133 5
134 4
135 2
136 5
141 4
143 5
144 4
151 4
153 4
154 5
158 2
159 3
163 4
167 2
168 3
172 5
173 5
174 4
175 3
176 4
179 2
181 5
182 3
183 5
185 3
188 3
190 5
191 5
193 4
195 4
196 4
199 4
200 5
202 4
203 4
204 4
210 2
214 5
215 5
216 3
217 3
222 4
226 3
227 2
228 5
229 3
230 5
233 3
239 5
240 2
250 1
252 2
257 3
258 4
265 5
313 5
318 5
333 3
357 5
380 3
386 2
391 2
392 4
393 4
402 5
403 4
404 4
405 4
417 5
418 4
419 3
423 5
427 5
432 5
433 3
434 3
435 4
436 3
443 3
444 2
449 2
451 3
465 5
471 2
472 1
479 4
483 5
484 4
485 4
494 5
496 5
501 3
514 1
515 5
518 3
521 4
523 4
524 4
526 4
527 5
528 5
529 5
542 4
559 3
582 1
584 3
588 5
596 5
602 3
603 3
613 5
614 3
615 2
616 1
623 3
625 4
629 4
631 4
639 2
647 5
650 2
655 3
659 5
660 4
665 2
671 4
675 2
684 4
686 5
705 5
712 3
713 4
732 5
735 5
835 3
837 5
871 1
919 5
944 3
945 4
969 5
993 2
1039 5
1078 2
1133 3
1157 2
1204 5
1299 3
