1 4
4 5
7 5
8 5
12 4
13 5
17 4
22 5
25 3
26 5
28 3
31 5
33 3
42 4
48 5
50 5
52 3
53 5
55 4
56 5
58 5
64 5
66 4
68 3
69 5
71 3
77 4
79 4
81 4
83 3
87 5
88 5
89 5
90 4
91 3
92 5
94 2
95 4
96 4
97 5
98 5
100 5
101 3
102 4
111 4
124 4
125 4
127 5
128 2
134 5
135 4
136 5
140 3
141 4
143 4
144 5
150 4
151 4
152 5
153 4
154 5
155 3
156 5
157 5
159 3
160 4
161 3
164 3
168 5
170 4
172 5
173 5
174 5
175 4
176 4
180 4
181 4
182 4
183 4
184 3
186 4
187 5
188 5
191 5
193 5
194 5
195 4
196 5
197 5
198 4
202 4
204 4
206 4
209 4
210 4
211 5
215 4
216 5
217 3
218 4
219 2
222 3
227 1
228 3
229 3
230 3
231 3
233 4
234 4
237 4
238 5
239 4
240 3
273 3
274 4
282 3
286 5
294 3
318 5
333 3
356 3
374 1
401 4
404 4
408 5
410 4
418 4
419 4
423 5
425 5
426 4
427 4
428 5
433 4
450 1
459 4
471 3
473 3
474 5
475 5
478 4
502 5
503 5
514 5
517 5
531 4
566 4
568 3
588 3
606 4
625 4
631 4
640 1
642 4
651 5
654 5
655 5
659 4
660 5
684 4
686 4
692 4
708 4
709 3
710 4
715 5
721 4
732 5
735 4
739 4
742 4
747 4
762 4
770 4
792 3
866 2
919 4
1046 3
1067 4
1070 4
1107 3
1118 3
1135 3
1217 1
1267 4
