7 5
9 3
12 5
14 3
16 3
20 2
25 4
50 4
98 5
100 4
105 3
106 4
111 3
116 3
117 5
118 4
120 3
121 5
122 1
124 3
125 5
126 3
127 3
130 2
137 2
147 5
148 4
174 5
176 5
181 4
195 5
222 5
235 3
237 4
243 4
245 5
248 4
249 3
250 5
252 5
257 4
258 4
273 5
274 4
275 3
276 1
281 3
282 4
283 2
284 3
285 3
286 4
288 1
289 1
290 4
291 5
293 3
294 4
298 5
307 4
321 3
322 5
323 4
325 5
326 4
363 4
369 3
370 3
385 5
405 5
406 2
407 3
409 3
411 3
413 3
423 5
455 4
456 3
472 5
491 4
508 4
515 4
544 3
546 5
566 5
591 4
593 3
595 3
597 5
619 4
620 3
628 4
678 4
685 4
687 5
696 3
717 4
740 2
741 4
742 4
746 5
748 5
823 4
825 4
827 4
831 3
832 3
833 4
840 4
841 4
844 2
864 3
866 4
870 3
871 3
919 1
924 2
925 4
926 4
928 3
930 5
931 3
932 3
979 4
982 5
984 5
986 5
988 3
1008 1
1011 3
1013 2
1015 2
1016 3
1028 3
1034 4
1047 3
1049 3
1051 4
1087 3
1117 3
1163 3
1199 4
1244 5
1254 1
1291 2
