6 1
10 3
14 4
19 5
20 2
24 4
26 3
45 4
52 3
57 3
59 5
60 4
61 5
70 3
83 3
86 3
116 4
170 3
171 3
179 4
190 3
198 4
207 4
213 2
224 3
246 2
269 4
270 5
271 2
275 3
283 3
286 4
288 3
301 2
302 4
303 4
306 3
313 3
316 5
322 3
325 2
327 4
328 3
331 4
340 5
345 1
346 4
347 1
355 2
381 3
382 3
462 3
463 2
475 4
509 2
510 3
512 5
531 4
547 2
557 2
558 3
582 3
640 2
652 5
694 2
702 2
730 3
737 1
748 2
751 3
752 1
753 4
874 3
886 1
887 4
895 2
896 4
900 2
902 4
903 4
904 3
906 3
921 4
923 3
955 3
958 5
960 5
961 2
971 4
985 3
1005 3
1056 1
1062 4
1068 4
1073 4
1153 3
1196 2
1268 2
1462 3
1466 4
1597 3
1622 1
1646 4
1672 2
