1 4
2 3
15 4
22 5
29 1
49 5
50 5
56 2
69 5
71 4
79 4
82 3
87 4
88 4
89 5
95 3
96 3
97 4
98 5
99 3
100 5
126 5
127 4
134 3
151 3
161 4
172 5
173 4
174 5
176 3
177 4
181 5
183 4
187 2
193 5
194 4
195 3
197 4
202 5
203 4
204 3
205 5
210 5
211 4
222 3
225 3
226 5
227 3
228 3
229 2
230 3
231 2
233 3
241 4
265 5
288 1
294 3
310 4
313 5
385 4
399 5
402 4
403 4
413 1
418 3
424 1
427 5
431 3
432 3
435 5
449 2
451 4
474 5
480 5
484 5
487 5
498 5
501 3
510 4
511 5
523 4
550 5
554 5
566 3
568 4
588 5
612 4
613 4
625 3
627 3
633 4
648 5
651 4
661 4
679 3
692 4
696 2
732 5
739 4
751 2
790 1
820 1
834 1
837 5
925 4
968 4
