4 3
5 1
7 3
11 5
12 5
13 2
22 3
23 5
24 4
26 1
28 3
30 4
32 5
33 2
38 1
47 5
50 2
52 3
53 1
55 3
56 4
58 2
64 3
67 3
68 4
69 2
72 2
76 2
79 3
89 5
92 2
93 4
96 5
98 3
100 4
106 2
108 2
111 2
118 2
121 1
122 2
127 5
128 3
129 3
134 5
135 4
144 4
150 3
151 4
152 2
153 3
154 5
156 4
157 2
159 2
160 5
161 1
163 3
164 2
168 5
172 2
174 2
175 4
176 2
177 5
179 5
180 5
181 2
182 5
183 5
184 3
185 5
186 1
187 5
188 4
191 4
192 5
194 3
195 5
197 3
198 4
200 4
201 4
202 4
203 5
204 1
205 4
206 4
208 3
209 5
211 3
217 2
218 4
219 4
223 4
226 3
227 2
230 1
233 2
234 3
235 4
238 2
240 4
249 1
250 3
262 2
264 2
267 1
271 5
273 3
284 1
288 2
289 1
291 3
293 4
298 5
302 3
320 4
324 3
325 4
328 2
336 2
340 5
344 4
346 5
347 3
357 4
367 3
378 3
379 2
381 4
384 3
385 3
396 3
401 2
403 1
405 3
410 3
427 3
428 2
429 3
430 4
431 2
432 4
433 3
434 3
435 2
436 2
441 1
443 3
444 3
445 4
447 5
448 3
449 2
451 1
452 1
455 3
460 2
467 2
474 5
475 3
479 2
483 4
488 5
504 4
506 2
508 5
511 4
512 4
515 3
517 2
518 3
521 4
522 2
523 3
526 4
540 1
544 1
546 2
550 2
552 3
558 4
573 1
576 3
577 1
578 1
581 1
589 5
591 2
597 1
614 2
616 5
628 4
636 3
640 3
641 4
642 3
645 3
646 5
647 4
649 3
653 4
654 5
655 2
656 4
657 4
663 3
664 3
665 3
667 1
670 1
671 5
673 4
675 4
679 3
684 3
696 3
715 2
730 4
742 3
745 4
761 2
802 1
806 4
819 1
824 1
826 2
831 1
840 2
854 4
860 2
861 3
919 2
923 5
928 2
931 4
933 4
940 2
943 4
977 2
980 3
1006 1
1012 4
1016 1
1017 4
1019 5
1029 1
1070 5
1071 3
1118 3
1143 4
1149 4
1154 4
1181 1
1187 5
1210 1
1214 4
1231 4
1274 1
1335 2
1353 3
1386 4
1427 3
1428 3
1597 5
1628 3
