1 5
7 5
8 4
9 4
12 4
22 4
24 4
28 4
45 4
50 5
56 5
60 4
69 4
70 4
71 3
72 4
82 4
83 5
87 4
93 3
96 4
100 4
111 4
114 4
121 2
124 4
127 5
128 4
134 3
143 5
153 4
168 5
169 4
172 5
173 5
174 4
175 3
179 5
181 5
187 3
190 4
191 5
204 4
206 4
210 4
222 4
223 3
228 4
235 2
238 4
249 4
254 3
255 4
257 5
258 5
271 4
274 4
275 5
276 4
283 5
286 4
289 5
298 3
300 2
302 4
311 4
313 5
318 5
354 4
385 4
405 4
408 4
419 5
455 4
480 4
487 4
494 4
497 5
568 4
584 4
596 5
705 5
713 4
718 5
732 4
748 3
750 4
919 5
945 4
993 3
1005 4
1039 5
1115 4
