7 4
8 5
11 3
14 5
22 3
23 5
45 4
48 3
50 4
52 3
56 5
64 4
66 3
69 4
70 3
71 3
79 4
81 4
82 3
83 5
88 4
89 5
91 5
96 2
97 3
98 5
99 5
100 5
117 3
118 3
121 2
127 4
132 4
134 3
135 5
137 5
143 4
144 3
152 4
153 3
154 3
157 4
163 4
165 5
166 5
168 5
169 5
170 4
172 3
173 5
174 4
175 4
176 3
179 5
180 5
181 3
182 4
183 5
185 5
186 4
187 3
190 5
191 4
194 3
195 5
196 4
197 5
198 3
199 4
202 5
203 5
204 4
208 4
209 4
210 3
212 4
213 4
215 4
216 4
221 4
234 5
238 5
252 4
257 3
272 4
285 4
297 5
300 3
303 5
357 5
367 4
405 4
414 4
419 5
423 5
428 4
429 3
430 5
432 5
435 4
443 5
462 3
463 5
465 4
473 5
474 5
478 3
479 4
480 5
483 5
484 5
489 3
492 5
493 5
495 3
496 5
497 4
498 5
499 4
501 4
503 4
504 3
505 5
506 5
507 4
509 3
511 4
512 5
513 5
514 5
515 5
516 5
517 4
519 5
520 5
521 5
525 5
526 4
528 5
529 4
531 5
566 5
580 3
582 5
588 4
603 5
606 4
607 4
609 4
611 4
615 5
616 5
628 4
631 4
632 3
637 3
638 3
639 4
640 3
642 4
644 4
645 3
647 5
650 4
653 5
654 4
655 5
656 4
657 5
659 5
661 5
663 4
664 3
671 3
675 4
705 4
707 5
708 4
732 3
737 4
747 4
750 4
756 4
845 5
855 4
884 5
936 4
945 3
949 4
971 4
1018 3
1065 5
1214 1
1266 5
1451 5
1639 4
1674 4
