2 5
4 5
8 4
11 5
12 5
22 4
23 4
26 4
28 5
29 2
31 4
33 5
36 2
39 3
40 2
41 3
42 5
44 1
46 4
47 5
48 5
50 5
51 4
52 4
53 3
54 3
55 5
56 5
57 2
58 4
59 4
60 4
61 3
63 3
64 4
65 3
66 4
67 4
68 3
69 5
70 4
71 4
72 4
73 4
76 4
79 4
80 4
82 2
83 4
86 5
87 4
88 4
89 5
90 2
91 4
92 4
94 4
95 3
96 4
97 4
98 4
99 4
101 4
102 2
110 3
127 5
131 3
132 5
133 4
134 4
135 4
136 3
139 2
140 4
141 4
142 3
143 5
161 4
168 5
172 4
173 4
174 5
175 5
176 4
177 3
178 4
179 5
180 5
181 5
182 5
183 4
184 5
185 5
186 5
187 4
188 3
190 5
191 5
192 5
193 5
194 4
195 4
196 4
197 4
198 5
199 5
200 4
202 5
203 5
204 3
205 5
208 5
209 4
210 5
211 2
212 5
213 3
215 5
216 4
217 4
218 4
219 4
226 4
227 4
228 5
229 3
230 3
231 2
232 3
233 5
234 5
238 5
239 4
241 4
258 3
265 5
268 4
269 5
270 3
271 5
288 4
289 4
294 3
302 5
317 3
318 5
357 4
365 2
367 4
373 3
376 2
377 2
378 4
380 3
381 4
382 3
385 5
386 3
387 3
388 3
391 3
392 2
393 3
396 5
398 1
400 1
401 5
403 3
404 4
414 4
415 2
417 4
419 5
421 4
423 4
425 5
426 1
427 4
428 3
429 2
430 3
431 5
432 3
433 4
435 5
436 4
441 4
443 4
448 5
449 3
451 4
452 3
463 5
464 2
468 4
469 2
470 5
474 5
478 4
479 4
480 5
482 5
483 5
484 5
485 5
486 5
487 4
488 5
489 4
490 4
491 3
492 3
493 5
494 5
495 4
496 3
497 5
498 4
499 4
504 5
505 5
506 3
507 3
509 4
510 4
511 5
513 5
514 3
515 5
516 4
518 4
519 4
520 5
521 3
523 4
524 3
525 4
526 4
527 5
528 5
530 5
540 2
542 3
549 4
550 4
552 4
554 4
555 2
558 4
559 5
560 1
561 3
562 5
565 2
566 5
568 4
569 3
570 4
575 2
576 4
578 3
580 5
581 4
585 2
586 2
588 4
601 5
602 4
603 5
604 4
606 4
608 4
609 5
610 4
612 5
614 5
615 5
616 3
622 4
623 1
627 4
630 3
633 3
638 4
640 1
642 5
648 5
650 5
651 3
654 5
655 3
657 5
659 5
660 3
661 4
662 3
663 4
665 4
672 4
673 4
674 4
675 2
679 3
684 5
692 3
693 5
697 5
699 3
700 2
702 4
705 3
708 3
715 4
716 3
719 2
720 4
721 4
723 2
727 4
728 4
729 4
731 3
732 4
735 2
736 4
737 4
738 4
739 4
746 3
747 3
748 3
751 5
755 3
768 4
770 5
772 4
778 4
780 4
785 4
786 4
787 4
789 4
792 4
794 5
796 1
802 2
806 3
810 3
836 5
837 5
849 3
941 2
942 4
944 2
949 2
955 3
967 3
1004 3
1018 4
1029 1
1035 4
1041 4
1044 4
1045 3
1050 4
1055 3
1066 3
1069 4
1074 3
1078 2
1101 3
1107 4
1109 3
1110 3
1118 5
1124 4
1133 2
1148 3
1168 4
1178 2
1179 2
1182 2
1188 2
1206 3
1209 1
1210 2
1218 4
1220 2
1221 3
1239 2
1248 4
1249 3
1267 3
1286 4
1297 3
1311 2
1411 4
1439 2
1451 4
1473 5
1478 4
1479 3
1518 2
1530 2
1540 3
