1 3
7 3
8 4
11 3
13 3
25 3
39 2
47 2
50 4
56 1
66 3
70 3
71 4
77 4
79 4
82 4
88 2
89 2
93 1
95 4
96 4
98 4
99 2
104 3
108 2
109 5
117 2
118 3
120 1
121 3
125 3
133 3
135 4
141 3
142 3
144 4
151 4
153 4
157 1
161 2
164 3
168 4
172 4
173 5
174 4
176 3
180 2
181 4
183 4
185 2
191 4
195 4
196 3
198 4
200 3
202 4
204 4
210 3
211 4
216 3
218 3
219 4
220 4
222 5
225 1
228 4
234 2
235 1
238 2
239 5
240 1
243 1
257 3
258 5
261 1
262 5
288 4
289 5
290 4
301 5
317 3
367 3
369 1
372 5
404 3
405 3
410 1
411 1
417 2
419 3
426 2
428 3
434 3
444 3
447 3
448 4
455 2
456 1
473 2
474 4
476 4
479 3
480 3
482 2
485 3
496 4
499 4
501 3
507 3
527 2
567 3
568 4
578 3
596 3
602 3
603 3
609 2
645 3
652 5
658 3
663 2
685 2
705 3
716 3
732 4
735 4
740 4
742 3
756 1
763 1
820 1
826 3
926 1
928 3
948 1
1007 4
1012 1
1031 2
1050 3
1086 4
1137 5
1160 4
1167 5
1172 1
1204 3
1400 5
