23 2
25 5
32 5
42 2
50 5
65 2
69 2
71 5
72 5
82 5
88 4
89 5
95 5
97 5
99 3
108 5
109 4
118 2
121 4
125 5
127 3
132 5
133 4
134 5
135 4
141 4
151 4
152 5
153 5
154 5
162 2
163 5
164 5
165 5
166 5
170 5
172 5
173 5
174 5
176 4
179 5
180 2
181 5
183 3
185 3
186 5
191 5
195 3
196 5
197 5
199 5
200 2
202 5
204 5
207 5
209 5
210 5
214 5
215 5
216 5
234 4
238 4
241 5
265 4
294 5
318 5
357 5
393 5
403 4
405 5
419 5
421 5
423 4
427 5
428 5
430 5
431 5
432 2
433 3
435 3
443 5
451 4
462 5
474 5
476 3
478 5
479 5
480 5
481 3
483 5
484 5
485 5
489 5
490 5
495 2
496 2
498 5
501 3
504 3
509 4
511 4
512 5
514 5
517 5
519 5
520 5
523 5
527 3
528 3
529 5
530 5
566 4
582 4
584 3
588 3
603 5
606 4
610 5
615 5
633 3
638 5
640 1
642 5
647 5
650 4
654 5
655 4
661 3
663 5
679 3
689 1
708 4
732 5
739 5
747 5
755 5
805 5
812 2
845 5
855 5
899 3
945 5
971 5
973 5
1021 5
1063 5
1065 2
1101 5
1118 5
1126 5
