4 5
8 4
9 4
10 3
11 5
12 4
17 5
22 5
23 4
27 4
31 4
48 4
50 5
56 5
64 5
68 3
71 4
79 4
92 5
95 4
109 4
111 3
112 1
121 4
122 2
123 4
125 4
127 5
128 4
129 4
132 4
144 5
147 4
153 3
157 4
159 3
160 5
161 3
172 5
174 5
176 4
180 5
182 5
192 4
193 4
204 4
223 4
228 4
231 4
234 4
238 5
240 4
248 4
250 5
252 3
255 3
258 4
261 3
262 4
264 2
266 3
271 5
272 5
273 5
284 3
286 4
290 4
291 4
295 5
298 5
299 4
301 3
302 5
303 4
304 3
307 4
310 5
313 4
318 5
326 3
327 4
328 3
330 3
331 3
332 1
333 5
336 4
338 3
339 4
340 5
342 2
343 2
346 5
347 5
349 3
352 1
353 3
355 4
363 4
367 2
405 5
406 2
410 4
411 3
412 2
435 4
455 3
456 2
472 3
473 4
475 4
480 5
483 4
527 5
531 3
544 4
553 4
564 3
588 4
591 5
595 3
597 4
619 4
676 3
680 3
681 1
682 1
685 4
687 2
689 3
690 4
693 5
696 3
717 3
742 5
748 3
751 4
754 2
760 4
772 3
806 4
815 3
818 2
820 3
823 3
824 4
825 4
826 4
828 2
831 5
833 3
840 3
841 3
845 3
866 3
875 5
879 4
880 3
881 3
892 2
895 3
912 4
915 5
916 3
924 4
925 3
930 3
932 3
974 2
975 2
977 3
979 3
981 1
983 2
984 3
987 1
1009 2
1013 2
1014 3
1016 5
1023 3
1025 2
1028 3
1034 1
1047 3
1051 2
1059 3
1089 3
1094 1
1095 3
1105 4
1120 2
1132 3
1143 5
1245 4
1254 1
1258 3
1276 2
1277 2
1280 4
1287 1
1291 2
1314 1
1337 3
1376 2
1540 2
1598 3
1675 3
1676 2
