1 3
3 1
4 2
7 4
8 5
9 5
11 5
12 5
13 3
14 4
15 3
19 3
20 2
22 2
23 4
24 4
25 3
32 4
42 4
49 4
50 4
55 4
56 5
58 3
64 5
69 4
79 4
83 4
86 3
87 4
89 4
93 5
96 3
98 4
100 5
106 3
111 3
117 3
118 2
121 1
122 3
123 1
124 5
125 3
126 3
127 4
129 3
132 5
133 3
134 4
135 4
144 3
147 3
150 3
151 4
153 4
156 3
168 4
170 4
171 4
173 4
174 3
175 4
176 3
180 4
185 4
186 3
188 4
191 4
194 3
195 3
197 4
200 5
203 4
216 3
220 4
222 4
223 4
225 1
235 2
237 3
238 5
244 3
246 3
249 3
250 4
255 1
257 3
258 4
260 3
264 1
268 3
269 4
270 4
271 4
273 4
274 3
275 4
281 3
282 2
283 3
285 4
286 1
287 3
288 5
289 2
290 1
291 2
293 5
294 2
297 4
302 3
303 3
318 5
321 3
322 1
324 3
328 1
333 3
343 3
357 4
358 2
382 4
405 4
409 2
411 2
421 3
423 4
431 3
455 2
458 3
461 3
463 3
466 3
469 5
471 2
472 1
475 4
476 3
479 4
482 3
483 4
484 3
487 4
488 4
492 4
493 5
498 3
499 4
505 4
507 4
508 4
509 4
511 4
512 3
514 4
522 2
528 4
535 3
537 3
544 3
591 2
597 2
603 4
604 4
606 4
616 4
619 2
620 2
628 2
632 4
652 3
664 4
696 2
705 4
709 4
713 4
735 3
742 2
744 2
756 3
757 3
762 2
799 3
811 3
815 2
823 2
825 3
826 2
829 2
840 2
846 3
855 4
919 4
922 5
924 4
925 2
928 3
945 3
979 4
1011 2
1013 1
1014 3
1016 2
1028 2
1047 1
1061 1
1077 3
1086 3
1134 3
1197 3
1226 4
1281 2
1283 2
1284 2
1335 2
1677 3
