7 5
10 5
11 4
12 5
22 5
24 4
45 4
50 5
56 3
59 5
60 5
61 5
64 5
69 5
70 4
79 5
81 5
82 4
89 5
91 5
92 5
96 4
97 4
98 5
99 4
100 5
105 3
111 5
117 5
120 3
121 5
127 5
132 5
135 5
141 4
143 5
147 5
151 5
168 4
172 5
173 5
174 5
175 5
176 5
177 4
179 5
180 5
181 5
182 5
183 5
184 2
185 5
186 3
187 4
188 5
193 4
195 5
196 5
197 4
198 5
199 5
200 5
201 3
202 5
203 4
205 4
208 2
210 4
211 5
214 3
215 4
216 5
222 5
228 5
230 3
238 4
250 5
252 3
257 5
258 5
260 5
265 5
271 5
276 5
282 5
288 5
357 3
405 2
406 4
407 3
413 4
416 3
423 4
429 5
431 5
432 5
433 4
434 5
435 5
436 4
462 4
467 4
472 5
474 5
476 4
478 4
479 4
480 5
483 5
484 4
485 5
491 3
495 4
496 5
498 4
505 4
515 4
519 4
520 4
521 5
526 4
544 5
546 4
559 4
566 3
568 3
597 3
603 5
633 5
640 3
647 5
650 4
651 5
655 5
657 5
658 5
678 4
737 4
742 5
748 4
767 4
789 5
820 4
823 4
825 5
831 3
845 4
866 4
919 4
928 4
930 5
969 5
974 2
977 4
978 3
979 5
982 4
1009 4
1011 5
1050 5
1093 5
1109 5
1110 5
1117 4
1199 2
