242 4
258 5
259 1
262 3
264 3
268 5
269 3
270 3
271 4
272 5
286 5
288 4
289 4
292 2
294 4
299 2
300 5
301 4
302 4
303 1
304 3
305 4
306 5
307 5
310 5
313 5
315 5
316 5
319 2
321 4
322 1
324 5
326 5
327 5
328 5
329 2
330 2
331 4
332 4
333 5
334 5
336 2
339 3
340 3
342 1
343 5
344 4
346 5
347 2
348 2
349 1
350 1
352 1
354 1
355 4
359 3
361 5
362 1
538 2
682 3
683 1
690 4
691 3
748 3
749 2
750 4
751 4
752 4
754 3
872 2
873 2
876 2
877 1
879 2
882 4
885 1
886 3
887 3
895 5
898 1
900 3
901 1
902 5
903 3
906 4
908 1
909 3
910 2
990 1
1022 2
1024 3
1038 1
1062 4
1127 4
1234 3
1237 4
1243 4
1294 4
1296 3
1313 1
1395 4
1431 4
1434 2
1607 2
1678 1
1679 3
1680 2
