1 5
2 4
4 4
5 4
7 5
8 5
9 5
11 5
12 5
13 4
15 4
22 5
24 5
25 4
28 5
29 4
31 4
38 3
43 3
44 4
47 5
48 5
49 3
50 5
52 4
53 4
54 4
55 4
56 5
58 5
62 4
63 3
64 5
65 3
66 3
67 4
69 5
70 4
71 3
72 4
73 5
77 4
79 5
81 3
82 5
85 2
86 4
87 5
88 4
91 5
93 3
94 4
95 5
96 5
97 4
98 5
99 3
100 5
102 4
106 3
108 3
109 5
111 3
114 5
116 4
117 4
118 4
121 4
123 4
124 5
125 4
127 4
128 4
132 5
133 5
134 5
136 4
137 4
140 3
143 4
144 5
145 4
151 5
153 5
157 4
159 4
161 4
163 4
164 4
167 4
168 4
169 5
172 5
173 5
174 5
176 5
178 4
181 5
182 3
183 4
184 4
186 4
188 3
189 4
190 4
191 4
194 4
195 4
196 4
197 4
200 4
201 5
202 5
203 5
204 5
208 4
209 3
210 4
214 2
215 4
216 4
217 4
218 4
219 4
222 4
223 5
225 3
226 3
227 4
228 5
229 4
230 2
231 3
232 4
234 4
235 5
237 4
238 5
239 4
245 4
250 3
257 4
258 5
265 5
273 5
275 4
276 5
282 3
283 5
286 5
288 5
290 3
294 4
317 4
318 5
328 5
333 5
343 5
349 4
356 4
357 5
367 5
373 2
380 3
382 3
386 3
391 4
393 3
394 3
399 4
401 4
402 3
403 5
404 4
405 5
408 5
418 3
419 4
422 3
423 5
432 2
433 3
443 4
451 4
465 3
466 4
470 4
471 5
472 4
473 4
474 4
476 2
483 5
496 5
501 3
509 5
511 4
523 4
526 4
531 5
541 2
542 4
546 4
549 3
550 4
559 4
561 4
562 4
563 3
566 4
568 4
569 3
577 3
578 3
588 3
591 4
596 4
597 4
603 4
609 3
619 3
623 3
625 4
628 4
629 3
642 3
651 5
655 4
658 2
660 4
663 4
665 3
672 2
673 3
678 4
684 4
685 4
692 2
693 4
708 3
710 2
715 4
716 2
717 3
720 3
722 2
729 4
732 4
734 3
735 5
736 5
742 4
747 3
755 4
768 3
770 3
775 1
780 2
781 3
789 4
794 3
797 3
800 1
801 3
805 4
892 3
930 3
939 4
951 3
966 4
969 4
972 2
993 4
1016 4
1033 2
1044 3
1047 3
1101 4
1109 4
1112 2
1119 3
1135 3
1140 1
1208 2
1210 2
1217 3
1228 3
1248 3
1284 3
1303 2
1412 1
1425 2
1446 3
1531 3
