1 4
7 5
9 5
11 3
12 5
22 5
23 5
28 5
31 5
50 5
51 3
56 5
64 5
68 4
69 2
79 4
89 5
96 5
98 5
117 3
132 3
134 5
135 5
144 3
150 5
156 5
168 4
172 5
174 5
175 5
176 3
180 5
181 5
182 4
183 3
186 5
188 4
191 5
195 5
196 3
197 4
198 5
203 4
204 4
207 5
210 5
211 3
216 3
222 4
228 5
250 4
252 2
257 4
258 3
270 5
273 3
276 1
286 5
289 5
294 3
295 4
300 2
318 5
323 3
328 5
423 3
431 4
474 5
475 5
480 5
483 5
496 5
498 4
511 5
524 5
528 4
529 5
588 3
603 5
650 5
651 5
652 5
655 4
657 5
660 4
678 3
690 5
748 4
855 5
956 4
1039 5
1065 5
1154 5
1159 5
1608 2
