1 4
2 2
7 5
12 5
23 5
24 2
47 2
50 5
55 5
56 3
59 4
61 5
64 5
65 2
67 3
68 2
69 2
73 1
80 2
81 4
82 2
89 4
90 3
91 3
94 1
95 2
96 2
98 4
100 5
101 4
109 3
114 5
117 2
121 2
122 3
127 4
128 5
132 4
133 2
135 5
136 5
139 1
142 1
145 1
150 5
151 5
153 2
154 3
155 2
156 3
158 1
159 2
160 4
161 2
162 3
164 2
167 1
168 3
169 5
172 5
173 4
174 5
176 4
178 5
179 4
180 4
181 5
183 5
184 3
186 2
187 4
188 3
189 5
191 3
193 2
195 2
198 5
199 5
200 3
201 2
202 3
204 2
206 5
207 3
208 3
209 4
210 5
211 3
214 3
216 2
217 2
218 3
219 2
222 3
225 1
227 1
228 5
229 3
230 3
232 1
233 2
234 4
237 1
238 4
239 3
240 5
265 3
268 4
273 3
317 5
327 4
358 2
367 2
378 2
382 4
385 2
398 1
402 1
403 2
405 1
408 5
410 3
412 5
417 1
419 3
423 2
426 4
427 4
429 2
432 2
433 4
434 3
436 3
447 2
448 2
449 3
451 2
452 2
455 5
470 1
474 4
475 4
480 4
496 2
498 3
501 3
503 3
506 4
509 3
520 4
524 3
547 3
550 4
556 3
562 2
566 1
567 1
568 1
578 2
579 1
581 2
588 1
589 4
615 4
621 2
631 4
636 3
640 5
646 5
651 5
655 4
658 3
662 2
679 3
685 1
709 4
710 3
726 2
727 2
732 3
738 2
739 2
746 2
747 2
755 4
762 4
778 2
783 1
825 1
843 1
854 4
919 4
922 5
946 1
998 2
1028 3
1031 1
1035 1
1037 1
1076 1
1098 5
1183 1
1188 1
1206 3
1240 5
1285 2
1480 1
1509 1
