4 3
11 3
17 3
22 5
27 2
50 5
56 5
79 5
82 3
92 3
96 5
97 3
121 4
127 5
147 5
161 5
172 5
173 5
174 5
177 5
181 3
182 5
183 3
187 5
190 2
195 5
197 3
202 4
210 5
213 3
216 3
226 5
237 3
241 3
242 3
245 3
258 5
259 3
262 3
269 3
270 5
271 5
272 2
275 3
276 5
286 3
289 3
300 4
301 4
302 5
305 3
307 3
310 3
313 5
315 3
324 3
326 5
331 3
333 2
335 3
337 3
342 4
345 3
346 3
347 5
352 3
359 3
360 3
402 3
435 3
510 3
511 2
515 4
526 5
547 3
549 3
566 3
575 5
651 2
662 3
690 3
747 3
750 3
751 4
752 3
781 4
794 3
813 3
876 3
883 3
895 3
896 3
904 3
905 3
907 3
908 3
909 3
937 3
947 2
955 3
989 3
1022 3
1024 3
1072 3
1119 3
1137 3
1176 3
1197 3
1345 3
1385 3
1386 3
1388 4
1430 3
1431 4
1434 3
