4 3
8 3
12 5
22 3
23 5
28 4
32 5
42 4
45 3
50 5
55 3
56 5
64 5
71 2
96 4
98 5
131 4
133 4
134 5
135 4
169 5
171 5
172 4
173 5
174 5
176 4
179 5
180 5
181 4
183 5
185 4
187 4
195 4
211 5
213 4
258 4
268 4
269 4
286 3
288 4
289 4
294 2
300 3
302 5
321 3
327 4
332 3
333 5
334 4
357 5
358 3
418 4
421 4
423 5
428 4
461 4
462 4
474 5
478 4
479 4
480 5
481 5
496 4
501 4
504 5
511 5
512 5
514 5
518 4
523 4
527 4
582 5
603 4
651 5
652 5
654 4
692 2
707 4
753 3
772 5
806 4
921 5
923 5
937 4
963 4
964 4
1073 5
1103 5
1422 3
