8 3
9 4
14 5
15 4
19 4
20 2
22 2
45 3
50 4
51 4
57 4
59 3
60 4
64 5
66 3
70 3
71 4
82 3
88 4
97 3
98 4
99 4
100 2
111 4
116 2
126 3
127 4
136 4
137 3
140 2
151 1
152 4
153 5
154 3
155 3
165 4
166 4
168 4
170 4
172 4
174 3
175 2
179 4
181 3
191 4
194 4
197 4
202 4
204 2
212 3
213 3
215 2
216 4
225 3
234 1
236 2
237 3
258 3
265 3
269 4
274 3
275 4
276 3
283 3
285 5
286 4
317 4
318 5
321 2
371 3
393 3
402 4
416 5
418 3
427 5
432 3
435 4
451 2
462 4
463 2
474 5
481 5
482 4
485 3
496 5
497 2
498 4
509 4
511 4
512 5
514 4
515 4
517 4
529 5
530 5
531 2
535 1
549 4
553 3
582 4
584 4
588 2
640 1
642 3
650 2
655 3
659 4
662 1
663 5
690 2
692 4
699 1
702 1
707 2
732 4
736 5
739 3
740 2
755 2
781 1
794 4
796 2
855 3
921 4
923 3
949 3
956 2
1039 3
1041 1
1065 1
1092 3
1100 3
1121 2
1149 4
