1 4
2 3
3 1
4 4
5 3
7 3
8 4
11 4
12 5
17 3
21 2
22 4
23 5
24 3
25 4
27 3
28 5
29 2
31 4
33 3
38 3
39 4
40 2
41 1
42 5
44 4
47 4
49 3
50 5
53 4
54 3
55 3
56 5
62 3
63 3
64 5
65 4
67 1
68 5
69 4
70 4
71 4
72 3
79 4
80 2
81 4
82 3
85 3
87 4
88 3
90 3
91 3
92 4
93 4
94 3
95 3
96 4
97 4
98 5
99 3
100 5
105 3
109 4
110 3
111 4
117 4
118 3
120 2
121 2
122 3
123 4
124 5
127 5
128 3
137 4
140 4
144 5
147 4
148 2
150 4
151 4
156 4
158 2
161 2
168 3
172 5
173 3
174 4
176 5
177 5
179 4
180 5
181 5
182 5
184 4
185 5
186 4
187 5
188 4
191 5
194 5
195 4
200 4
201 4
202 4
204 5
208 5
209 3
210 4
217 4
218 4
222 4
226 4
227 2
228 3
230 3
231 2
232 4
233 4
234 5
235 3
237 4
238 4
239 4
240 4
243 2
245 2
246 5
248 4
249 4
250 3
252 2
254 2
257 5
258 4
260 4
268 5
269 4
272 5
273 5
276 4
280 2
281 4
282 2
283 3
284 4
287 4
288 4
293 4
294 4
295 5
298 4
299 4
300 3
301 4
302 5
307 4
310 3
315 5
316 5
318 5
327 3
328 4
329 4
342 3
346 5
347 5
348 4
356 4
357 5
363 4
365 2
366 2
367 4
368 1
369 1
375 1
376 3
379 4
380 3
381 4
383 3
384 3
385 4
386 3
392 3
393 3
394 3
396 2
398 3
401 3
402 3
403 3
405 4
407 1
409 2
410 4
411 4
412 3
418 4
421 2
423 5
435 4
451 2
456 3
461 4
467 4
468 3
470 4
471 4
473 3
475 4
476 3
477 3
508 4
527 4
541 2
546 3
549 4
550 4
554 3
556 3
566 3
568 5
570 3
571 2
575 3
577 3
578 3
579 3
584 3
585 1
588 4
591 4
595 1
597 3
603 5
619 4
623 4
625 4
627 3
628 2
636 3
651 5
655 4
657 4
678 3
684 4
685 4
689 4
692 3
693 5
697 2
719 3
720 2
721 1
722 3
728 4
731 4
732 4
734 3
742 4
746 4
748 4
755 3
761 4
762 4
763 3
768 2
769 3
770 4
771 3
779 3
780 3
781 3
783 1
790 3
791 2
793 4
794 4
795 2
801 3
802 3
810 3
815 4
818 2
820 3
823 3
824 4
825 4
826 3
831 4
833 4
841 3
845 3
849 3
864 3
876 4
879 3
881 4
902 4
926 3
928 2
930 2
931 3
940 3
948 4
956 3
976 2
986 3
992 4
1000 3
1001 2
1002 3
1012 4
1013 3
1014 4
1016 4
1017 3
1023 2
1030 2
1035 4
1036 2
1041 4
1044 4
1047 3
1049 3
1052 1
1053 3
1058 2
1059 4
1093 3
1095 3
1119 3
1134 5
1139 4
1151 3
1157 4
1165 2
1181 3
1184 3
1185 1
1188 2
1197 3
1210 4
1215 1
1217 3
1222 4
1224 3
1225 2
1244 3
1258 3
1267 4
1270 3
1276 3
1277 4
1284 4
1291 3
1296 3
1415 2
1423 3
1446 4
1468 4
1478 3
1496 4
1518 2
1620 3
1664 4
