1 4
4 3
7 4
8 4
9 3
11 4
13 4
14 1
15 3
21 3
22 5
23 4
25 3
27 3
28 5
29 2
31 5
38 3
43 3
49 5
50 3
51 5
53 2
54 4
56 1
58 3
62 4
63 4
64 5
69 3
70 2
71 4
72 2
77 2
79 4
81 3
82 5
88 3
89 4
90 3
94 2
95 4
96 3
97 3
98 5
99 3
100 4
103 1
105 3
106 4
108 3
112 2
117 5
118 4
120 2
121 5
125 5
127 4
129 4
132 3
133 4
134 5
135 4
136 4
139 3
140 2
141 3
143 5
151 2
161 3
168 3
172 4
174 5
175 2
176 4
177 4
178 3
179 5
180 5
181 4
182 3
183 4
185 5
186 3
187 4
188 4
191 5
192 5
193 5
194 3
195 4
196 3
197 3
199 5
200 2
202 4
204 4
205 4
208 3
209 3
214 4
215 3
216 4
217 3
218 4
222 5
225 2
226 3
227 4
228 3
229 4
230 4
233 3
234 3
238 1
240 1
243 2
255 3
257 5
259 3
265 5
274 3
276 5
281 3
282 4
286 2
289 1
291 3
294 3
304 3
322 4
323 2
333 5
356 3
357 5
375 1
380 4
385 4
392 5
393 4
395 3
399 4
400 2
401 1
403 3
405 4
409 4
411 3
412 1
414 5
417 2
419 5
420 3
423 4
430 4
432 3
434 2
435 3
441 2
443 5
447 4
449 3
451 1
456 1
465 3
472 4
473 2
474 3
476 2
477 4
478 4
480 4
483 4
484 4
490 4
495 5
498 4
504 3
506 4
511 5
514 4
515 4
520 5
521 4
523 4
524 4
526 5
527 3
528 5
530 5
542 1
546 4
550 3
554 1
559 2
561 4
566 4
568 4
573 3
575 2
576 3
580 5
582 1
588 3
596 3
601 5
615 4
620 2
625 5
630 4
642 4
651 5
654 4
655 4
663 5
671 3
678 2
679 1
685 2
705 1
712 3
728 3
732 5
739 4
742 4
748 3
755 4
756 4
763 3
768 3
790 3
795 2
812 2
820 2
826 1
831 2
849 2
864 3
924 3
934 3
943 4
1028 3
1033 1
1046 3
1057 1
1066 3
1078 3
1089 1
1118 3
1124 4
1133 2
1164 1
1177 1
1215 1
1217 5
1228 3
1411 2
1480 2
1540 1
