1 5
4 4
7 4
8 5
11 4
15 5
21 2
25 2
28 5
33 2
50 5
56 4
66 4
69 5
70 3
71 5
79 5
82 5
86 5
89 5
95 4
96 4
98 5
99 5
101 3
105 3
117 4
118 4
121 4
122 2
131 4
132 5
133 5
135 5
140 3
143 4
147 4
151 5
168 5
172 5
173 5
174 5
176 4
177 5
180 4
181 5
183 4
185 5
186 5
191 5
193 5
194 3
195 5
196 4
199 5
202 4
203 4
204 5
205 5
208 5
210 4
211 4
215 5
216 4
222 5
225 5
227 4
228 5
230 5
235 3
237 5
243 4
258 3
265 5
275 5
284 3
288 3
290 4
291 4
294 4
357 4
369 3
378 5
380 5
393 4
405 4
407 2
409 4
411 3
412 1
416 4
419 5
420 5
423 5
427 5
429 4
432 5
455 3
465 3
470 4
471 4
473 3
476 3
496 5
501 5
510 5
515 5
526 4
546 2
559 3
566 4
568 5
582 5
588 4
597 4
616 4
660 3
662 3
684 3
692 4
739 4
746 4
748 5
756 3
815 2
820 3
841 1
929 1
932 4
969 5
988 5
1015 3
1052 2
1060 3
1116 4
1412 3
1444 4
