1 3
4 4
7 5
8 4
9 4
10 5
11 2
12 4
13 4
14 3
16 4
19 2
20 4
22 3
24 4
26 3
28 3
30 4
39 4
45 5
47 3
48 4
49 3
50 4
52 3
53 5
55 4
56 5
58 3
59 5
60 5
61 5
64 4
65 4
66 3
68 4
69 2
70 3
72 4
79 4
81 5
82 3
83 3
86 3
88 4
89 5
90 3
96 4
98 3
100 4
113 4
116 5
124 5
127 5
129 5
134 5
135 4
137 5
144 4
147 2
151 5
153 5
154 4
168 5
170 3
172 4
173 4
174 4
175 5
176 4
183 5
185 5
190 4
194 3
195 5
197 4
198 5
199 4
202 4
204 4
207 3
208 4
209 3
210 4
211 5
212 5
213 2
216 4
222 3
224 4
226 3
227 3
228 4
229 4
234 4
237 3
238 4
239 3
241 4
250 3
251 5
256 5
257 5
265 3
269 3
270 4
271 2
273 4
275 4
276 5
277 4
279 3
283 4
285 5
286 3
289 5
302 5
304 3
306 3
311 4
312 3
313 3
315 3
316 5
318 4
319 3
322 5
323 5
331 3
338 4
342 4
345 3
346 4
347 4
349 2
354 4
355 5
367 5
372 3
382 3
384 3
385 1
386 3
387 5
396 2
399 5
403 5
405 3
407 3
408 5
414 3
421 5
430 5
435 4
455 4
461 5
462 5
463 3
464 5
477 5
479 5
487 5
490 4
496 2
504 5
506 5
511 4
512 5
513 5
514 4
515 5
516 4
517 4
519 5
523 5
529 5
530 3
531 3
549 4
550 3
553 4
559 3
561 3
566 3
568 3
580 3
582 3
584 3
589 5
603 4
634 3
647 5
648 4
656 5
659 3
661 4
665 4
684 3
692 3
693 4
694 5
703 3
707 3
709 5
712 3
713 3
715 5
724 4
727 3
732 3
736 3
739 2
740 4
745 5
748 5
749 3
750 3
752 4
770 4
778 4
781 3
785 3
792 4
794 4
796 3
805 4
847 4
856 5
863 3
867 5
873 3
882 4
886 3
896 5
900 5
902 4
919 4
922 5
945 4
952 3
955 5
956 4
971 3
989 5
1005 5
1009 4
1012 5
1019 5
1021 5
1041 3
1045 5
1065 5
1074 4
1115 4
1118 4
1121 3
1131 5
1171 5
1222 5
1226 3
1227 3
1288 4
1404 3
1448 5
1462 5
1591 3
1592 5
1656 5
