1 3
2 3
3 4
4 3
7 3
8 3
9 4
11 5
12 5
13 4
17 4
22 3
23 3
24 4
26 4
28 4
29 3
31 3
32 4
33 5
39 2
42 5
50 4
54 3
55 4
56 5
58 3
59 4
60 3
64 5
65 4
67 2
69 3
70 3
71 3
72 3
73 3
77 3
79 3
81 4
82 4
83 4
85 3
86 4
87 4
89 4
91 4
92 3
93 3
94 4
95 4
96 4
97 3
98 4
100 4
117 4
121 4
124 4
125 4
127 4
128 5
129 5
132 4
134 4
135 2
137 4
144 4
147 3
150 5
151 3
153 5
154 4
155 3
156 5
159 3
160 4
161 4
164 4
165 3
168 4
169 5
170 4
171 4
172 4
173 5
174 4
175 4
177 4
178 5
179 3
180 4
181 4
182 4
183 3
185 4
186 5
187 4
188 5
190 3
191 4
192 3
193 4
194 5
195 4
196 5
199 5
202 3
203 2
204 4
207 3
208 4
209 2
210 4
211 4
212 2
216 4
217 4
219 2
223 4
226 2
231 3
232 3
234 4
235 3
237 4
239 4
240 3
246 4
248 4
249 3
250 4
252 3
257 4
258 4
262 4
265 4
268 4
269 4
271 3
273 4
276 4
279 2
282 4
290 2
291 3
294 3
297 3
298 4
300 3
302 4
303 3
317 4
318 4
322 3
327 3
338 1
357 4
381 4
382 2
385 3
386 3
399 3
402 3
403 3
405 2
408 3
411 2
423 4
427 4
428 4
430 4
431 4
433 4
435 4
436 3
451 3
455 4
461 3
462 5
469 4
470 4
471 3
473 4
474 4
475 4
479 4
480 5
482 4
483 4
484 4
488 2
493 3
494 3
497 4
498 4
509 2
511 4
512 5
513 4
514 1
515 5
519 4
520 4
523 4
524 4
533 3
540 2
544 3
546 4
550 3
554 4
562 3
566 3
568 3
575 3
576 3
597 3
603 4
604 3
607 4
615 3
627 2
631 3
636 4
642 3
646 3
647 2
649 2
650 2
651 4
652 5
654 3
655 4
657 4
658 4
659 4
663 3
664 2
676 2
678 3
684 2
686 3
687 2
695 3
696 3
700 3
705 4
718 4
721 3
728 3
729 3
731 2
732 2
734 3
737 3
739 3
741 4
742 3
746 4
747 4
749 2
755 3
762 3
763 4
771 2
782 2
789 2
818 4
819 2
820 2
831 2
833 3
847 4
856 4
866 4
869 3
879 3
881 3
886 3
919 5
943 3
944 3
947 4
949 3
952 3
955 3
959 3
979 3
980 4
1006 4
1011 3
1014 2
1016 3
1022 4
1048 3
1065 4
1067 3
1069 1
1070 3
1072 3
1073 5
1074 3
1079 2
1097 3
1103 2
1110 3
1113 5
1134 4
1139 1
1142 4
1152 3
1153 4
1170 2
1188 2
1194 4
1195 3
1218 4
1231 3
1239 1
1262 3
1267 3
1419 2
1428 3
1487 3
1553 3
1589 5
