1 4
7 4
9 4
10 4
12 5
13 4
14 4
15 3
16 3
19 4
20 5
25 2
26 4
30 4
32 4
45 4
50 4
52 4
57 4
59 5
60 5
61 4
70 3
83 4
86 4
93 4
100 4
107 3
109 1
111 3
113 4
116 4
117 3
121 3
124 5
125 3
126 3
129 4
134 4
137 5
147 3
148 3
165 4
166 4
170 4
171 3
179 5
190 5
198 4
212 5
213 4
221 4
223 4
236 4
237 4
242 4
244 4
245 4
246 4
248 4
249 3
250 4
252 3
255 3
256 3
257 3
258 4
260 2
262 4
264 3
268 3
269 3
270 3
271 2
272 4
273 3
275 4
276 5
277 4
278 4
279 4
280 3
281 3
283 3
284 3
285 4
286 5
287 4
288 3
289 2
290 2
292 4
293 4
295 3
297 4
298 3
299 3
300 4
302 4
303 4
305 4
306 4
307 3
310 3
311 4
312 3
313 4
315 4
316 4
318 5
319 4
322 3
323 2
324 3
326 3
327 4
328 4
330 3
331 4
332 3
333 4
334 3
336 3
339 4
340 4
343 2
344 4
345 4
346 4
347 4
350 3
355 3
381 3
405 3
462 4
463 4
471 4
472 3
475 3
479 5
508 3
509 4
511 4
512 5
515 4
529 4
531 3
534 4
535 4
536 5
558 5
582 4
591 4
595 3
628 3
638 3
639 5
676 3
678 3
689 3
690 4
691 3
698 4
702 4
707 4
713 4
718 3
736 4
740 4
744 3
748 3
750 4
751 3
752 3
753 5
754 4
818 3
827 3
845 3
847 4
855 4
863 5
874 4
875 3
877 3
879 4
883 3
885 2
886 3
887 4
888 4
898 4
900 3
902 3
903 4
904 4
905 3
909 3
919 4
922 4
923 5
933 3
935 3
936 4
937 4
960 5
961 4
971 3
978 3
979 3
990 3
1005 5
1007 3
1009 4
1010 4
1016 3
1023 3
1038 3
1048 4
1073 4
1080 4
1089 2
1115 4
1131 4
1142 4
1150 4
1153 3
1194 5
1226 4
1251 4
1255 4
1258 3
1281 3
1295 3
1313 3
1315 3
1379 4
1381 3
1403 3
1404 3
1462 3
1501 4
1560 4
1592 4
1658 4
