1 4
2 3
4 3
7 4
8 5
9 4
11 2
12 3
15 3
19 2
20 1
22 5
23 2
24 4
25 3
27 1
28 2
29 2
31 3
33 2
39 2
42 4
43 3
46 2
48 4
50 5
51 2
53 1
54 2
55 3
58 3
62 2
64 4
67 2
68 3
69 5
70 4
71 5
73 3
76 3
77 4
79 5
80 2
82 3
83 5
85 3
86 1
87 4
88 5
89 5
91 2
92 1
95 4
96 5
97 4
98 5
100 3
101 3
108 3
117 2
118 2
121 3
123 3
124 4
127 5
128 4
129 4
132 3
133 2
134 5
135 3
136 5
139 2
141 3
143 4
144 4
145 1
147 2
148 2
152 3
153 4
154 3
157 4
159 2
160 3
161 3
164 4
168 4
172 5
173 5
174 5
175 2
176 5
179 2
180 5
181 5
182 4
183 4
184 3
186 4
187 5
188 3
190 5
191 4
195 4
196 3
198 4
199 3
200 4
201 3
202 2
203 5
204 4
206 3
209 3
210 4
211 4
212 2
215 5
216 5
217 2
219 3
222 4
223 4
225 1
226 3
227 4
228 5
229 4
230 4
231 1
232 3
233 2
234 4
235 1
237 5
238 3
239 4
241 5
245 4
248 4
250 3
257 4
258 5
260 2
265 4
271 1
273 5
274 2
275 4
281 2
282 2
284 4
288 3
291 3
299 1
300 2
302 2
307 3
310 4
313 4
317 4
318 4
320 3
325 1
327 5
328 1
343 1
356 3
358 1
367 4
371 2
379 2
380 2
384 2
385 4
386 3
387 2
392 3
393 3
398 2
399 1
402 4
403 1
405 2
411 2
414 3
420 4
422 3
423 3
425 2
426 2
427 4
429 5
430 3
431 3
435 4
436 3
450 1
452 3
455 2
458 1
461 3
462 3
468 2
470 2
471 3
472 2
473 2
474 3
476 2
478 5
479 3
480 3
481 4
482 3
483 3
484 4
489 5
493 5
496 4
497 3
504 3
508 2
511 5
515 3
518 3
525 5
526 4
527 4
542 3
546 2
549 2
550 2
554 2
557 3
559 3
562 2
566 4
568 2
569 2
570 2
572 2
575 2
576 2
578 2
582 2
587 3
588 5
591 3
596 2
597 4
603 4
616 3
631 2
632 2
636 3
637 2
640 2
642 2
647 3
651 4
654 3
655 4
658 4
660 5
661 4
662 3
665 1
672 2
674 2
679 3
684 4
685 3
686 3
692 4
696 1
705 5
708 2
709 3
710 4
713 2
715 3
719 1
720 1
721 4
730 4
732 4
735 3
739 2
742 1
744 3
746 3
751 4
752 1
760 2
763 2
765 4
768 2
770 5
774 3
789 2
798 2
800 3
801 2
802 2
808 3
809 2
810 1
820 2
824 1
836 3
840 2
845 3
849 2
872 3
880 4
887 2
895 2
928 3
942 4
952 4
966 4
993 4
1004 2
1011 2
1018 3
1028 2
1042 2
1045 3
1046 2
1074 2
1078 3
1098 3
1101 2
1112 3
1119 3
1134 3
1183 2
1194 3
1208 3
1214 2
1217 2
1220 1
1221 2
1222 2
1231 1
1240 4
1248 2
1249 2
1267 2
1284 2
1303 4
1351 2
1406 3
1423 2
1437 1
1471 1
1522 2
1622 2
1672 2
1681 3
