1 3
4 4
7 2
9 3
11 2
12 5
13 5
23 5
25 4
30 5
46 4
47 5
48 4
50 5
52 3
56 5
59 4
60 4
61 4
64 5
79 4
81 5
87 4
89 4
91 5
96 2
98 5
100 5
105 3
106 2
111 3
118 4
120 2
121 3
127 5
129 3
147 3
154 4
156 5
157 4
175 4
177 4
179 5
180 5
181 4
182 5
183 4
185 5
186 5
187 5
188 5
191 5
192 5
196 4
198 4
203 4
204 3
210 4
211 5
214 4
223 5
234 4
238 5
240 4
248 2
252 3
254 2
272 4
273 3
276 5
281 4
282 4
288 4
293 4
302 4
317 4
318 5
324 4
333 4
346 3
357 5
369 4
405 4
409 4
410 4
412 2
421 3
427 5
443 5
461 3
467 3
475 4
479 4
509 4
515 4
520 4
521 5
523 5
528 4
529 4
544 2
582 3
595 2
628 3
642 4
649 4
651 5
655 5
664 4
684 3
693 5
696 3
708 4
709 4
721 4
746 2
763 5
820 4
824 3
845 1
871 3
928 2
931 2
977 1
994 3
1008 3
1009 4
1048 4
1067 2
1070 4
1073 3
1098 5
1101 4
1132 3
1142 5
1381 4
