1 5
5 5
8 3
15 5
19 5
25 5
42 4
50 4
71 5
79 5
83 5
86 5
88 5
96 5
97 5
98 5
100 5
107 5
111 5
117 5
118 4
120 4
121 4
123 4
125 4
129 5
143 5
144 5
147 5
151 4
172 4
173 4
181 4
182 5
185 4
198 5
202 5
220 5
225 5
235 4
237 5
245 4
248 5
258 4
260 2
268 4
271 5
272 5
274 5
275 5
277 5
278 5
281 5
282 4
283 4
284 5
286 5
287 4
288 5
290 4
291 5
294 4
301 4
312 5
313 5
317 5
318 5
322 5
326 5
332 5
333 5
340 2
356 4
366 5
393 5
402 5
405 4
409 4
427 5
462 4
471 5
472 5
475 3
476 4
483 4
485 5
496 4
497 5
506 5
520 5
553 5
591 5
596 4
619 2
620 4
628 5
633 5
647 3
685 5
686 4
689 4
696 5
697 5
699 5
710 4
713 5
724 5
729 5
739 5
740 5
742 5
744 5
748 5
756 4
762 5
763 5
764 4
781 5
813 5
815 5
819 4
821 5
825 3
828 5
869 5
924 5
928 5
934 4
978 5
988 3
1016 5
1028 5
1040 5
1047 5
1048 5
1051 5
1054 3
1057 3
1119 5
1157 5
1163 4
1167 5
1220 5
1221 5
1244 5
1284 5
1326 4
