1 5
7 3
8 4
11 5
15 5
24 3
25 3
28 4
29 5
38 5
41 4
56 4
63 4
64 5
67 4
69 4
71 5
72 5
79 3
82 2
91 4
94 2
95 5
96 5
99 2
105 1
111 4
118 5
121 5
125 4
132 2
138 4
143 3
154 3
155 4
158 2
168 4
174 3
195 4
204 4
210 5
217 1
222 5
227 2
228 5
229 3
230 5
237 4
240 3
255 4
257 5
274 1
278 1
288 5
294 5
300 5
328 4
367 5
374 4
380 5
385 4
393 5
395 3
401 2
402 4
403 4
404 4
405 5
409 4
410 1
411 4
412 1
417 4
420 5
421 4
422 4
426 4
449 4
456 2
471 4
477 3
501 4
535 3
541 5
542 2
552 4
560 2
568 5
571 3
588 5
623 3
625 3
722 3
738 3
739 3
742 5
755 5
756 4
761 3
763 4
768 4
775 3
780 1
815 3
819 3
820 4
826 4
866 4
928 4
1014 3
1016 5
1035 4
1047 4
1089 5
1093 4
1095 2
1178 2
1229 3
1284 4
1415 4
