1 4
7 4
9 5
14 4
30 4
38 2
45 5
47 4
54 4
55 3
56 4
64 2
67 2
70 4
77 2
82 3
86 4
89 5
96 4
98 5
99 4
100 5
101 3
105 2
109 2
114 5
119 5
121 3
131 4
133 4
134 4
135 5
136 5
141 4
144 3
148 2
151 3
153 4
154 5
155 3
157 4
161 3
162 4
163 4
165 4
167 4
168 5
169 5
170 4
172 5
173 3
174 4
175 4
176 5
177 4
178 5
179 5
180 4
183 4
185 4
188 3
189 5
191 4
193 3
194 5
195 4
196 4
197 5
198 4
199 5
203 4
204 4
205 5
208 5
209 5
210 4
211 5
212 4
213 3
218 3
222 4
225 2
226 3
228 4
229 4
230 4
234 3
235 2
238 3
274 5
285 4
357 5
379 2
380 4
385 2
389 3
399 4
405 4
414 4
416 3
427 4
428 4
429 5
430 4
431 3
432 4
434 5
435 4
436 3
441 2
443 4
447 3
448 2
459 4
462 4
470 3
474 5
475 4
478 4
479 5
480 5
481 4
482 5
483 5
484 5
486 5
487 3
488 5
489 4
490 4
491 5
493 5
494 4
495 5
496 4
497 5
498 5
502 4
503 4
504 4
506 4
507 5
509 3
510 4
511 5
513 5
514 5
515 4
516 5
517 5
519 4
520 4
521 5
523 4
524 5
525 5
526 5
527 4
528 5
529 4
530 4
541 1
550 2
560 2
562 2
566 4
570 4
576 2
589 5
600 2
603 5
606 4
607 4
611 5
612 5
613 4
614 4
615 5
616 5
617 4
632 4
636 3
639 5
640 2
646 4
647 5
648 5
649 4
650 5
652 3
654 5
657 5
659 5
661 5
663 4
665 2
671 3
675 4
676 4
679 2
705 4
708 4
709 4
736 3
745 5
755 2
778 4
805 4
811 4
836 5
841 2
855 5
863 4
890 1
967 4
968 4
1020 5
1021 4
1030 2
1035 4
1050 4
1065 5
1116 4
1121 5
1126 5
1139 2
1149 4
1184 3
1204 5
1205 5
1266 4
1305 2
1397 4
1411 4
1449 5
1451 5
1454 4
1456 4
1512 5
1558 5
1573 4
