1 2
2 4
4 5
13 5
25 4
50 5
56 5
65 4
66 4
67 4
69 5
70 4
72 3
82 4
83 4
86 3
88 4
89 5
94 4
96 4
97 4
99 3
100 4
121 3
131 4
132 4
134 4
135 4
144 4
145 3
151 3
152 4
153 5
154 3
156 3
157 2
161 4
162 3
163 4
168 4
170 4
172 5
173 3
174 5
175 4
177 3
179 2
181 4
183 2
186 2
190 4
191 5
193 4
195 4
196 5
197 5
199 4
202 5
204 4
208 5
209 1
210 4
211 4
212 4
213 4
216 1
223 5
225 2
226 4
228 4
229 4
234 2
237 4
239 4
254 4
257 4
269 2
286 4
297 5
302 4
303 4
313 3
315 4
316 4
384 4
388 3
389 3
393 2
403 4
405 5
411 3
414 5
419 4
420 4
423 3
427 4
428 4
432 5
435 4
436 3
449 4
451 4
461 4
462 4
474 4
481 4
483 3
488 5
492 4
495 4
498 3
501 4
502 4
506 4
507 4
510 5
514 5
516 3
526 2
527 3
529 5
533 3
550 4
554 4
573 2
581 2
584 4
602 3
605 4
614 3
617 4
624 4
629 4
630 4
648 3
650 4
657 3
660 5
661 4
663 5
664 4
674 4
675 4
703 4
705 4
708 3
709 3
712 4
732 5
755 4
771 3
786 1
792 3
794 4
805 4
811 4
818 1
855 4
902 4
949 3
961 4
963 5
965 4
972 3
1018 4
1037 1
1065 2
1135 3
1203 5
1285 3
1311 1
1411 4
1425 1
1449 5
