1 4
7 4
9 3
15 2
25 4
50 5
100 5
105 1
106 5
111 5
117 3
118 5
121 5
122 1
125 3
126 4
127 5
148 3
151 4
181 5
220 4
222 5
225 4
235 1
237 2
240 2
243 4
245 3
248 1
250 3
252 4
255 1
257 5
258 5
259 2
260 4
273 5
275 4
276 3
281 2
284 2
286 3
288 5
289 1
290 3
291 4
293 3
298 4
300 3
313 5
323 3
328 2
333 4
343 4
358 4
370 5
405 3
406 3
410 1
411 3
456 1
458 4
471 3
472 4
473 3
476 4
477 1
508 4
546 3
591 3
595 2
596 5
597 3
676 3
678 3
685 3
717 2
742 3
748 2
756 3
762 4
763 4
815 3
823 4
829 1
840 2
841 3
845 1
864 4
866 5
871 2
873 3
926 3
928 5
929 2
988 3
993 5
1012 5
1013 2
1014 4
1016 3
1028 5
1033 2
1047 3
1061 4
1152 3
1254 1
1283 3
