4 2
7 4
8 5
9 3
12 4
14 3
47 3
50 4
56 5
66 4
69 2
70 3
82 4
89 4
95 5
96 5
98 4
100 3
116 2
137 3
147 4
150 3
151 3
153 2
161 3
164 2
168 3
170 4
171 2
172 4
173 4
174 4
176 4
181 3
183 3
191 4
193 3
194 5
200 3
204 4
205 3
209 4
213 4
215 2
216 4
238 4
258 5
259 4
264 1
269 4
271 2
272 4
285 4
286 3
289 3
294 4
300 5
301 3
302 4
310 3
313 5
315 4
316 4
317 4
319 2
321 4
343 2
347 3
354 5
355 1
357 4
358 1
382 3
420 4
427 5
430 4
436 4
471 4
474 3
482 5
508 5
516 4
521 4
527 3
529 3
549 2
568 3
610 1
628 4
629 3
651 4
655 4
657 4
678 4
683 3
692 4
708 3
709 5
746 3
751 3
792 2
855 5
873 3
879 3
1137 3
1167 4
1401 1
