1 5
2 4
5 4
6 4
10 4
13 3
15 1
16 5
17 4
18 5
20 3
21 5
23 5
25 5
26 3
38 5
41 4
42 5
43 5
44 4
45 5
49 2
54 4
56 4
57 5
58 5
59 2
62 2
63 3
64 4
65 3
66 3
67 3
70 4
72 4
73 2
75 4
77 5
79 4
81 4
82 4
83 4
84 2
89 5
92 4
93 5
94 4
95 5
96 5
97 4
99 4
101 3
102 3
106 4
108 4
109 4
117 4
120 4
121 4
124 3
125 4
128 4
130 5
131 4
134 5
137 3
138 4
141 3
144 4
145 3
148 4
150 4
151 5
157 5
158 4
160 4
162 4
168 5
174 3
177 3
178 4
181 3
182 4
184 4
189 5
193 4
194 4
198 4
199 1
200 5
201 3
202 3
203 3
204 2
209 5
210 5
213 2
216 4
222 4
223 4
230 5
231 3
232 4
234 3
235 4
242 4
243 4
244 4
246 4
247 4
248 3
249 4
250 4
251 4
252 5
253 5
254 3
256 5
262 3
263 5
265 5
268 3
271 3
274 4
275 4
276 5
277 4
279 3
280 4
286 4
287 5
289 3
290 5
291 5
292 4
293 2
294 5
295 4
296 5
297 3
298 5
299 3
301 4
303 5
305 5
307 5
308 4
311 4
312 5
313 4
314 5
320 3
322 2
324 5
325 2
326 3
327 4
330 5
331 1
332 4
336 3
338 3
339 5
340 5
343 5
344 3
345 3
347 4
348 4
350 4
357 5
359 4
360 3
363 2
365 4
371 4
374 4
378 4
379 4
380 4
381 5
387 4
388 5
389 4
390 5
393 3
394 4
395 5
396 4
398 5
399 4
401 2
402 5
403 4
406 4
407 4
411 4
412 4
416 5
417 4
419 4
422 3
424 1
425 2
429 3
432 2
434 4
435 5
438 4
441 5
445 3
447 3
450 4
454 3
455 4
456 2
457 4
458 4
459 4
460 2
463 1
465 4
467 4
468 5
470 3
471 4
472 5
478 4
479 5
483 4
484 5
486 4
487 5
488 3
490 3
493 3
494 3
495 4
497 4
500 4
503 5
505 3
508 5
512 4
514 5
517 3
518 4
521 2
523 5
525 4
526 5
532 5
533 4
534 5
535 3
536 5
537 2
540 3
541 4
542 4
545 5
548 4
549 5
550 3
552 3
553 3
554 3
560 4
561 2
562 2
567 3
569 4
576 4
577 5
579 4
580 3
582 4
588 4
592 4
593 3
597 3
599 4
602 4
605 4
606 5
609 1
610 4
612 4
613 4
614 5
618 4
620 5
621 3
622 3
624 4
630 4
632 3
634 3
635 4
636 3
637 4
642 5
643 5
648 5
649 5
650 3
653 4
654 4
655 2
657 3
658 4
660 3
661 5
663 4
664 4
665 4
669 5
674 4
676 5
677 4
678 5
679 3
680 4
682 4
684 4
689 3
690 4
691 5
692 4
697 5
698 4
699 3
701 4
703 4
705 5
706 4
708 5
709 4
710 4
714 3
715 5
716 5
721 5
723 3
726 4
727 3
730 4
731 2
733 2
735 4
738 5
742 4
744 4
745 2
746 4
747 5
748 4
749 4
751 3
756 4
757 4
759 5
761 1
763 4
764 4
767 5
768 5
769 4
770 5
771 5
773 3
777 4
779 4
785 4
786 4
788 3
789 3
790 3
792 4
793 4
794 4
795 4
796 2
798 4
800 4
804 5
805 4
806 4
807 4
815 5
817 4
821 5
822 4
823 4
826 4
829 4
830 4
831 4
835 3
838 5
839 4
843 3
847 3
852 4
854 3
864 5
865 1
867 4
868 4
870 5
872 3
879 4
880 4
881 4
882 5
883 3
885 5
886 4
887 5
889 3
890 4
892 5
893 5
894 4
895 4
896 4
897 5
899 3
901 5
902 5
903 3
907 5
910 4
913 2
916 4
917 3
918 3
919 4
921 3
922 5
923 3
924 5
927 5
929 3
930 3
932 4
933 3
934 2
935 3
936 4
938 4
941 5
