1 4
6 2
7 5
8 3
9 4
10 4
13 2
14 5
15 1
16 5
17 4
21 5
23 4
24 4
25 4
26 3
28 5
30 4
32 4
37 4
43 4
44 5
45 3
46 4
49 4
52 5
53 3
54 4
55 3
56 5
57 4
58 5
59 4
60 5
62 4
64 4
65 1
66 3
67 5
68 3
69 5
72 1
73 4
74 4
76 4
79 5
81 4
82 3
84 4
87 4
89 5
92 4
94 4
95 5
96 5
97 5
99 4
101 3
102 2
104 3
108 5
109 4
113 3
115 5
116 2
117 3
118 5
119 5
124 4
130 5
141 5
142 4
144 2
145 5
148 5
151 4
158 5
159 5
160 3
162 3
168 1
176 5
177 4
178 4
181 4
184 3
188 5
189 3
190 4
192 4
194 3
198 4
199 4
200 4
201 3
203 3
213 4
214 5
216 5
217 4
221 4
222 5
226 4
227 5
230 3
234 2
235 4
243 3
244 4
247 4
248 2
249 5
250 4
251 3
252 4
255 2
256 4
262 4
264 5
265 2
267 5
268 4
269 3
270 4
276 5
277 2
279 5
280 4
286 4
289 4
291 5
292 3
293 3
294 4
295 5
296 5
297 4
299 3
301 4
303 4
305 4
308 4
314 4
320 4
321 4
323 2
327 3
328 4
329 3
331 4
332 4
334 5
339 4
342 4
343 5
344 4
346 2
347 4
348 4
352 3
354 4
357 3
359 5
363 3
365 2
366 2
367 5
368 4
372 3
374 1
377 4
378 4
379 5
380 3
382 2
386 3
387 5
393 4
394 5
397 5
402 4
403 5
406 4
407 4
412 5
413 3
416 4
417 3
421 3
422 3
425 3
429 2
430 3
432 2
434 1
435 4
439 4
441 4
442 4
445 1
447 5
450 4
452 5
453 5
455 4
457 4
458 4
459 5
460 3
463 4
465 5
466 4
467 5
468 3
470 3
472 5
473 2
474 5
478 1
484 4
486 5
490 3
491 3
493 3
496 4
497 3
498 3
499 4
500 5
501 4
505 3
514 5
518 3
521 3
524 2
525 3
526 4
527 5
532 5
534 4
535 5
537 4
540 4
546 5
548 5
551 5
552 3
554 3
555 4
560 3
561 5
566 4
567 4
569 4
576 5
577 2
579 3
580 3
581 4
582 5
583 5
588 3
592 5
603 5
604 4
606 4
610 2
612 3
614 2
617 3
618 4
620 4
621 4
622 5
624 4
627 5
629 2
630 4
632 3
634 4
637 1
643 4
648 3
650 4
653 2
655 3
657 3
658 4
659 3
660 3
663 4
664 3
665 4
666 4
669 3
671 5
677 4
678 4
680 5
682 4
689 5
693 4
697 5
699 2
703 4
706 3
709 3
714 4
715 3
717 4
719 2
722 4
727 2
730 4
733 3
735 3
738 4
741 3
742 3
745 4
747 4
748 4
751 3
757 4
758 5
761 4
764 4
770 5
773 2
774 2
776 4
778 4
779 3
786 5
788 4
790 4
792 4
793 3
795 5
802 5
804 4
805 5
814 4
815 4
817 4
823 5
825 5
831 5
833 3
834 4
838 5
839 2
840 4
843 5
844 3
847 3
852 3
854 4
862 5
864 5
865 5
867 5
868 5
870 4
880 3
881 4
882 4
883 5
885 3
886 5
887 4
889 3
890 4
892 4
894 4
896 4
903 2
905 4
906 3
908 3
911 4
913 5
916 4
919 3
924 4
927 3
932 4
933 4
936 4
938 4
940 4
941 4
