1 5
6 4
7 5
10 4
11 5
13 3
14 4
15 4
16 5
17 3
18 5
21 5
24 5
26 4
27 4
32 3
43 4
44 5
50 4
58 4
59 4
60 5
62 4
64 4
65 5
66 4
68 4
69 4
72 5
74 4
82 4
85 4
87 4
90 4
92 4
94 5
104 2
106 4
109 3
113 3
115 5
119 4
120 4
121 5
123 5
131 5
136 5
144 5
145 2
151 4
156 4
159 3
160 3
164 4
168 1
174 5
175 4
178 2
181 4
184 5
185 4
189 3
190 1
192 5
194 4
199 5
200 4
201 3
204 5
207 4
209 3
211 3
216 4
222 5
226 5
227 3
233 5
234 3
236 5
237 4
239 5
244 5
249 5
250 2
252 5
256 4
266 4
269 4
271 4
274 5
276 5
277 4
280 5
287 5
291 5
292 4
296 4
298 4
301 3
303 5
308 4
311 4
314 4
316 4
321 4
322 4
323 4
324 5
326 1
327 5
328 4
332 4
334 4
339 5
342 5
343 5
344 5
345 4
349 4
354 3
363 3
374 1
378 5
379 4
380 3
382 4
383 5
388 3
390 5
391 5
393 4
396 4
399 3
401 3
402 4
403 3
406 5
409 4
411 4
413 4
416 5
423 5
424 5
430 3
434 1
435 4
438 4
441 4
444 5
445 2
447 2
449 4
453 3
455 4
456 3
457 5
458 5
460 3
461 5
468 5
470 5
473 5
474 5
483 2
484 1
486 5
488 4
490 4
494 2
495 5
498 2
500 4
504 4
518 3
523 4
527 5
532 5
533 4
535 5
540 5
543 4
548 1
551 5
554 4
558 4
561 4
567 4
569 5
572 5
576 3
581 5
590 3
592 5
593 3
595 4
601 4
602 4
605 4
608 4
610 3
612 3
614 4
618 3
622 4
627 4
629 4
630 2
634 5
636 3
637 1
648 1
655 3
657 4
658 4
663 2
665 4
667 5
676 2
680 4
682 3
690 3
693 3
694 5
696 5
697 4
698 3
699 2
703 2
706 3
707 5
708 1
714 3
719 4
723 3
725 4
733 3
735 4
743 5
744 3
745 4
747 5
749 3
754 4
756 2
761 2
764 4
768 5
777 5
786 5
788 4
789 5
791 5
792 3
793 3
796 3
805 3
813 3
815 4
817 3
825 3
834 3
837 3
838 4
851 4
854 5
858 5
864 5
867 5
870 5
878 4
881 3
883 4
884 5
886 5
887 2
889 4
894 4
896 4
900 2
903 3
904 4
906 4
910 4
913 5
916 5
917 5
919 5
923 4
924 4
928 5
932 5
933 3
935 1
936 4
937 5
938 3
939 5
940 3
943 3
