1 3
2 2
7 4
49 3
59 4
63 4
64 5
79 5
85 4
90 5
104 2
108 5
151 5
158 4
181 2
189 5
201 3
230 3
234 3
239 5
243 4
268 4
279 4
292 5
294 3
296 2
299 5
312 5
327 4
328 4
334 4
343 4
349 5
354 5
357 5
360 5
378 3
387 4
402 2
406 3
416 3
423 4
430 4
435 5
450 4
460 3
463 1
467 4
469 5
473 3
486 4
496 5
498 5
500 3
503 5
506 2
514 4
518 3
533 2
536 4
537 4
561 3
565 5
567 4
573 4
585 3
636 5
662 4
698 4
699 4
707 5
711 5
733 3
745 5
765 4
788 4
790 1
795 4
804 4
828 3
829 3
851 3
861 3
862 5
870 4
883 5
886 3
894 4
906 4
