1 2
4 4
7 3
8 3
10 4
11 2
13 1
16 5
20 2
24 5
28 4
37 4
43 5
44 3
49 3
56 4
57 3
58 5
59 5
64 4
82 4
90 4
92 4
94 5
99 5
102 3
109 4
110 4
115 4
116 5
117 5
119 5
121 2
122 1
124 5
130 5
145 5
156 2
158 4
160 4
162 4
174 5
175 5
177 4
178 5
184 3
188 5
197 1
198 4
200 5
201 4
207 3
213 4
214 5
215 2
216 5
217 4
222 5
223 3
224 3
230 4
234 2
246 4
248 5
249 5
256 5
262 4
268 4
269 3
271 4
272 4
276 5
280 5
286 5
287 5
291 4
292 5
293 3
295 4
296 5
297 4
301 4
303 4
305 1
308 5
314 5
320 4
323 5
327 4
328 3
329 3
330 4
331 2
332 5
334 4
339 4
342 5
343 5
344 3
345 4
346 4
347 5
363 5
368 4
374 4
376 4
378 3
387 3
391 3
392 4
393 3
399 4
401 2
405 4
406 4
414 5
416 4
417 5
421 2
425 3
429 4
435 5
436 5
437 1
442 4
447 4
450 5
453 5
454 1
455 3
457 4
462 5
466 3
472 5
474 5
478 4
487 5
488 1
493 3
495 5
496 4
497 3
498 3
499 3
505 4
512 5
514 4
521 4
522 4
527 4
532 5
535 4
537 3
538 4
542 2
543 3
551 5
554 4
560 4
561 4
566 3
577 2
586 3
592 5
593 4
600 5
603 5
606 5
608 5
610 4
618 4
619 2
622 4
627 4
629 2
630 5
632 4
640 4
643 4
645 4
653 2
654 4
655 2
663 5
666 4
671 4
682 4
686 4
693 4
709 5
715 4
716 4
727 3
737 3
747 5
749 5
751 1
757 4
758 3
763 4
764 4
773 2
778 5
788 2
804 4
805 2
826 4
833 5
840 3
846 5
847 3
851 5
854 5
862 4
864 5
867 3
870 4
871 3
880 4
881 4
882 4
883 2
886 5
889 5
892 3
893 4
896 2
897 2
903 2
913 4
916 4
919 4
922 5
927 5
933 4
943 4
