1 5
6 4
7 5
10 5
11 2
13 5
14 5
16 5
18 5
24 5
28 4
29 5
42 4
43 5
49 4
58 5
59 5
60 4
62 4
64 5
69 5
72 5
73 5
76 3
84 5
90 5
92 5
94 4
99 5
106 4
109 4
110 4
115 5
117 5
119 3
121 5
130 4
132 4
135 4
138 5
144 4
145 5
151 5
156 3
174 5
175 4
177 5
178 5
180 2
186 1
194 5
201 4
204 4
207 3
213 5
214 5
216 5
218 5
221 5
222 5
226 5
233 2
234 1
239 5
246 5
249 5
250 5
251 4
253 5
256 5
259 5
264 5
267 5
268 4
271 4
272 5
276 5
279 2
280 5
288 4
291 5
293 4
297 5
299 5
301 4
303 4
305 5
308 5
311 4
314 4
315 5
318 4
322 4
327 3
328 5
329 4
332 5
334 5
339 5
342 5
343 5
344 5
345 5
346 5
347 3
352 4
361 4
363 5
370 4
372 4
373 5
374 4
378 5
379 5
380 5
385 3
387 5
391 5
393 5
394 4
397 4
398 3
399 3
402 4
405 5
406 4
409 4
416 5
417 4
421 5
425 5
429 5
430 4
433 5
435 5
437 5
442 4
443 5
445 2
447 5
450 4
453 5
454 3
455 3
456 3
457 5
458 5
464 5
465 4
468 4
472 5
474 5
478 5
480 5
483 2
487 5
491 5
493 3
497 4
498 4
499 5
503 3
506 5
514 5
521 5
522 5
524 3
527 4
532 5
533 4
537 3
538 4
542 4
543 5
548 5
551 4
556 5
557 5
559 3
560 5
561 5
566 4
567 4
577 4
583 5
588 5
592 5
601 3
603 5
605 4
606 2
610 5
613 5
618 4
622 5
627 4
629 5
630 4
632 5
639 3
640 5
643 5
654 5
655 3
663 5
664 5
665 4
666 4
669 5
671 5
673 4
682 5
686 5
690 4
693 4
707 3
710 4
715 4
727 5
737 4
745 5
747 4
758 5
763 5
773 3
774 3
785 4
788 5
795 4
796 5
805 4
806 5
823 4
825 5
831 5
833 5
836 5
838 4
844 5
846 5
851 4
854 5
862 5
864 5
867 5
868 5
870 4
875 5
880 5
883 4
886 5
889 5
892 5
894 5
896 3
901 5
903 5
908 3
910 4
913 4
916 4
919 3
924 4
929 4
933 4
940 4
943 5
