1 5
6 3
11 5
12 5
14 4
15 4
16 5
18 4
20 4
21 4
26 4
42 4
43 5
44 4
45 4
50 2
52 5
53 5
57 4
59 5
60 4
62 2
63 3
65 5
66 3
70 3
72 5
74 4
77 2
82 3
83 4
84 4
89 5
92 3
93 5
95 4
104 5
106 3
109 4
117 5
120 4
128 4
134 5
136 4
137 4
138 4
141 5
144 4
145 2
151 4
152 5
159 5
160 2
161 2
165 5
168 5
174 5
178 5
181 3
182 4
184 3
185 3
189 2
190 4
194 4
198 3
200 4
201 3
207 4
210 4
215 3
216 3
222 3
224 4
227 4
231 4
234 3
236 5
243 3
251 4
253 4
254 3
256 5
259 3
262 3
265 3
269 2
271 3
274 5
277 4
288 4
289 3
290 4
291 5
293 3
296 3
301 4
303 3
305 1
308 3
311 5
313 2
314 5
318 5
323 3
330 5
336 4
337 5
340 5
342 3
345 4
347 2
348 4
349 4
360 3
365 3
373 4
374 3
378 4
381 2
389 2
391 4
393 3
395 3
398 5
399 5
402 5
406 4
413 4
416 4
417 5
422 3
423 4
424 4
429 5
432 4
434 3
435 3
437 4
438 4
441 3
447 1
449 4
450 3
452 4
454 2
455 2
457 4
459 4
463 4
468 4
474 5
477 4
478 5
479 3
484 5
486 3
488 4
490 1
494 5
500 2
514 4
525 4
533 4
534 4
537 3
540 3
541 3
542 2
543 3
548 2
550 5
551 5
552 3
554 4
558 3
561 3
566 3
569 4
576 4
577 3
580 3
582 3
588 5
590 3
592 5
593 4
594 4
595 4
597 5
601 1
605 5
606 5
609 5
612 4
618 3
620 5
622 4
623 4
624 4
629 5
630 3
634 4
635 3
636 5
637 4
642 5
647 4
648 1
649 4
650 3
653 3
654 3
655 3
663 4
665 4
670 4
672 3
674 4
678 3
680 3
682 4
684 5
689 5
694 4
699 1
703 5
705 3
707 4
708 3
714 3
718 5
721 4
725 4
728 4
730 4
731 4
734 4
741 4
742 4
743 3
747 4
749 5
754 5
761 5
764 4
765 2
768 2
769 3
770 5
771 5
777 4
779 4
786 3
790 5
792 4
796 4
798 4
800 4
817 3
821 5
830 4
834 4
835 5
837 3
849 5
850 5
854 3
859 4
864 4
869 1
878 4
879 4
881 3
882 5
886 3
891 4
892 4
894 3
896 3
901 5
906 3
907 5
912 4
913 3
919 5
921 4
922 4
927 5
935 5
938 2
939 5
941 4
