1 3
5 4
13 1
21 4
22 4
43 3
49 2
64 3
90 4
94 2
109 4
118 3
130 5
145 3
201 3
217 3
221 4
222 2
244 2
246 2
267 4
268 3
269 2
270 2
276 4
279 4
286 4
291 4
293 2
297 3
299 1
301 4
303 4
308 4
315 1
320 5
346 1
347 4
352 2
363 4
366 5
367 5
368 5
374 2
393 1
416 2
417 4
425 4
435 2
442 4
447 3
453 4
455 3
466 5
478 2
487 3
496 3
521 1
545 3
546 4
548 3
551 5
561 2
586 5
617 1
619 1
621 4
627 2
632 3
648 2
660 1
671 4
682 3
709 4
715 3
727 1
741 2
747 4
757 3
790 2
795 2
805 4
806 4
814 3
823 4
851 5
870 4
871 3
880 3
886 4
889 4
916 4
