1 4
6 4
7 3
10 5
13 5
14 5
18 4
25 4
59 5
60 4
72 4
76 5
77 4
85 4
90 5
94 5
96 5
97 5
115 5
118 5
119 3
123 4
135 4
145 4
160 5
172 3
177 5
185 4
187 4
193 4
194 4
198 4
201 4
207 4
210 5
214 5
215 3
218 4
221 4
226 3
233 5
234 4
237 4
249 4
250 4
263 3
264 5
269 5
272 5
276 5
293 4
296 5
298 4
299 4
303 5
308 5
311 3
312 4
313 4
315 5
322 5
323 5
325 5
327 4
328 3
334 4
339 5
342 5
343 5
350 5
360 5
361 5
372 5
374 3
379 4
382 5
385 5
387 2
389 4
391 4
392 5
397 5
405 5
406 4
409 4
412 4
417 3
426 4
429 4
435 4
436 4
437 4
445 3
450 5
452 2
456 4
458 4
468 4
474 4
478 2
491 2
498 4
508 4
512 4
521 3
522 5
524 5
527 5
533 3
537 4
542 5
543 4
548 5
553 5
561 5
566 4
567 4
586 2
592 5
608 5
615 5
618 5
625 4
627 4
629 5
641 5
643 5
645 5
648 3
650 3
655 3
659 5
663 4
666 4
667 3
669 4
671 4
682 4
686 5
693 4
694 3
699 4
710 5
716 4
719 3
744 4
747 5
749 3
753 2
758 4
766 4
773 5
774 3
776 4
788 3
796 2
804 4
833 5
835 4
840 5
843 2
846 4
848 2
851 4
854 4
867 5
868 5
870 4
875 5
880 5
881 4
886 4
889 3
890 5
896 2
897 3
903 5
910 4
916 4
919 3
929 3
943 4
