1 4
2 4
5 3
7 3
11 3
13 1
14 2
15 3
18 3
24 4
25 5
26 3
42 3
43 5
44 2
45 4
49 2
52 5
53 4
54 4
56 4
58 4
59 4
63 4
65 4
67 4
68 4
72 5
75 5
77 2
78 3
81 5
82 2
83 2
84 3
85 2
87 4
89 5
90 5
92 3
94 3
95 3
98 5
99 3
104 3
106 4
109 4
117 4
119 5
120 5
121 5
125 1
128 3
141 5
145 2
151 4
152 3
157 3
159 5
162 4
168 5
176 3
178 3
181 5
184 4
185 4
192 4
193 4
194 2
196 4
198 2
200 4
201 3
207 4
210 4
213 4
216 3
222 3
223 1
226 4
227 4
230 3
234 3
243 3
246 3
251 4
256 5
264 4
266 3
268 3
270 5
271 3
274 5
276 4
277 4
279 5
286 3
293 3
295 5
297 4
299 3
301 3
303 4
306 3
308 4
313 2
314 3
315 5
318 5
327 2
330 5
336 3
337 3
339 4
342 2
343 2
344 4
345 3
347 2
348 4
349 3
354 2
360 4
363 3
365 4
373 4
374 5
378 4
382 2
387 2
389 3
393 2
396 3
398 4
401 4
402 4
406 1
407 3
413 3
416 4
417 2
424 4
429 4
435 5
441 3
447 4
450 3
452 2
453 4
455 3
457 4
458 1
459 2
463 3
468 5
473 4
474 5
477 5
484 3
486 4
487 1
493 4
497 4
500 3
501 3
503 4
504 4
514 4
517 2
518 5
520 4
521 2
523 4
525 5
533 4
534 5
535 4
537 2
540 4
545 2
548 2
551 1
552 3
555 4
560 3
561 2
566 2
569 4
577 4
579 4
580 3
582 3
584 3
588 4
591 4
593 3
606 5
608 4
612 3
614 1
618 2
621 4
624 4
625 2
630 2
632 1
634 4
636 5
637 4
648 2
650 3
654 1
655 3
663 4
666 3
672 5
674 4
678 2
680 4
682 4
690 3
692 4
693 4
697 3
698 2
703 3
706 4
708 3
711 4
716 4
717 5
722 4
726 4
727 3
728 4
735 4
741 3
747 3
749 4
751 5
758 4
760 2
763 4
764 2
765 4
768 4
770 5
790 2
792 2
795 5
800 4
804 4
805 4
822 3
823 3
825 4
832 2
834 3
835 5
837 3
843 2
847 3
848 5
852 3
854 3
859 4
864 4
869 2
879 4
880 4
881 3
882 2
885 4
887 2
891 5
892 4
894 2
896 3
897 2
899 3
903 4
907 5
910 3
913 3
917 4
918 4
919 4
921 3
927 3
933 2
934 4
936 4
938 4
