1 3
7 4
16 5
28 4
41 3
44 4
56 4
64 4
77 3
83 5
84 4
90 4
91 5
92 4
94 4
95 4
109 4
110 3
119 5
130 4
144 3
145 5
151 3
174 4
175 4
178 4
186 4
189 3
194 3
198 3
201 1
213 4
222 5
233 3
234 4
244 4
249 4
256 5
263 4
267 4
268 4
271 4
276 4
279 3
280 4
290 4
291 4
293 2
297 3
301 3
303 3
308 3
311 4
313 4
315 3
327 2
328 4
330 5
331 2
332 4
346 4
347 5
370 3
371 5
373 3
374 5
378 4
380 1
387 3
391 2
393 4
394 3
398 3
399 3
405 1
416 5
429 3
435 5
442 3
447 4
455 4
457 4
468 3
474 4
479 4
487 5
488 4
497 3
500 4
505 4
506 4
514 4
521 3
524 4
528 5
533 3
536 3
538 3
545 4
548 5
551 4
554 4
561 2
566 3
577 4
586 4
588 3
606 4
618 4
622 3
630 2
655 3
658 3
661 3
663 4
664 4
665 3
666 3
671 2
682 3
694 4
715 4
716 3
741 3
747 4
749 5
757 4
758 3
764 4
774 1
796 4
804 4
815 4
823 5
831 4
846 4
851 4
864 4
867 5
870 4
877 4
880 4
881 5
889 3
892 4
896 3
899 3
900 2
916 3
919 3
924 3
929 2
942 5
943 4
