1 4
10 4
13 5
16 2
59 3
62 1
87 3
90 4
94 3
95 3
110 4
115 4
117 4
130 5
135 3
144 5
151 5
152 5
193 3
197 2
198 3
200 4
201 4
207 2
217 4
218 4
221 4
251 3
264 3
267 5
268 3
276 4
279 4
280 3
291 4
293 2
301 4
303 4
305 3
320 4
322 4
326 2
327 3
336 3
345 4
346 5
387 3
393 3
394 4
399 3
405 1
425 4
435 3
442 3
450 5
453 4
456 4
466 4
472 5
476 4
488 2
496 4
497 4
506 3
521 4
551 5
566 2
586 5
606 4
618 2
619 3
621 4
627 1
640 3
643 3
648 1
660 2
665 2
671 5
682 4
715 3
727 3
758 4
796 3
804 4
805 5
823 3
826 3
833 2
846 5
880 3
882 2
886 4
889 5
896 2
897 5
916 2
