1 4
7 5
11 3
13 3
16 5
49 2
59 4
87 3
92 3
94 3
130 4
135 3
145 4
158 5
178 2
197 2
201 1
214 4
218 2
221 4
239 5
249 4
259 4
268 3
276 3
287 5
293 3
295 4
301 3
311 4
329 2
344 3
352 5
363 4
374 4
375 3
387 3
394 4
399 2
405 1
406 4
417 3
425 4
429 3
435 3
436 3
442 3
443 1
450 4
455 2
468 3
496 5
497 3
500 4
524 5
535 4
537 2
548 5
567 3
586 4
601 1
619 2
627 4
629 2
643 4
645 3
648 3
682 4
693 3
715 3
727 2
738 3
747 4
758 2
763 4
795 4
796 3
804 2
826 4
846 3
847 2
880 4
883 4
889 2
896 2
916 4
933 3
