1 5
5 5
11 3
13 4
14 4
18 3
49 4
56 4
57 5
58 4
59 5
69 5
76 3
77 5
81 4
85 3
90 4
92 4
94 4
96 1
109 1
130 4
136 3
142 4
145 5
158 3
162 3
177 4
201 4
207 4
213 5
214 5
216 5
218 4
221 5
239 5
244 5
249 5
264 5
268 4
269 5
272 4
276 4
279 4
283 5
286 4
295 3
297 3
301 4
303 5
305 4
308 4
314 5
320 4
327 3
334 4
336 5
339 4
342 3
343 4
345 2
354 2
363 2
370 3
371 3
378 4
385 1
387 4
389 4
393 4
394 4
399 2
402 4
405 1
406 5
416 3
417 4
429 5
430 3
435 3
437 3
442 4
453 5
455 2
456 4
468 4
474 4
476 4
478 5
481 3
487 3
496 5
497 4
500 5
506 3
514 5
521 5
523 3
524 3
535 3
537 3
538 1
542 3
551 5
561 3
588 5
592 5
606 3
608 5
629 2
640 5
643 4
653 2
655 3
658 4
663 5
679 4
682 5
711 3
712 1
715 5
727 5
738 2
751 5
765 5
773 3
777 5
778 5
790 5
795 3
805 2
823 4
836 3
846 5
848 2
854 4
870 2
875 4
880 5
886 5
889 5
896 4
907 4
913 3
916 5
918 3
933 1
943 5
