1 4
6 3
7 5
11 4
18 3
43 1
49 5
59 5
60 4
62 4
65 2
87 3
92 4
94 5
98 4
102 2
116 3
130 3
151 3
177 3
184 4
185 4
195 5
201 4
216 4
218 4
233 5
234 2
239 2
262 2
264 5
267 5
268 1
269 4
271 3
276 4
279 4
286 4
293 3
295 5
297 2
299 4
301 4
303 5
308 4
311 2
313 3
318 2
325 3
327 4
330 5
331 5
334 4
339 4
342 5
343 4
354 4
361 4
363 5
378 4
379 5
385 4
387 4
389 4
391 4
398 3
399 3
405 5
406 4
417 3
429 4
436 4
437 4
450 3
455 2
457 4
468 5
474 4
476 3
503 5
506 4
508 3
514 4
524 2
533 1
535 5
537 4
542 5
543 3
555 2
561 4
567 4
571 3
591 3
592 5
601 3
622 3
627 2
640 4
643 4
645 4
648 2
655 3
660 2
663 4
664 4
682 1
690 1
716 3
737 3
738 3
747 5
749 4
763 3
773 4
790 2
795 3
805 5
806 4
833 5
846 5
847 2
864 5
868 2
870 3
880 4
883 3
886 4
887 5
903 5
908 3
932 4
940 3
