1 5
10 4
13 5
18 4
42 5
59 5
64 5
65 5
69 5
70 4
72 4
73 2
87 4
92 4
95 4
106 3
115 5
128 4
144 5
156 4
161 1
167 1
182 3
200 2
201 3
213 5
221 5
222 5
232 5
233 5
234 2
269 5
271 4
272 4
291 5
292 5
293 5
296 5
299 4
305 5
308 4
315 4
321 4
322 4
326 3
327 4
343 3
345 5
373 5
374 5
378 5
385 5
387 4
391 4
393 2
399 3
402 5
405 1
406 5
409 2
429 3
452 5
453 4
454 4
457 5
458 4
465 3
474 4
478 4
487 2
493 4
506 2
514 4
522 4
533 4
537 4
542 5
556 5
561 4
577 5
591 4
592 5
604 5
606 4
615 5
639 4
645 4
655 4
661 4
666 4
682 4
684 4
686 5
693 5
694 4
700 4
711 4
716 5
741 4
747 5
748 4
749 3
796 3
823 5
840 3
846 5
851 4
864 5
870 4
876 5
883 4
886 4
896 4
899 4
903 4
916 5
928 5
