1 3
7 5
13 1
21 4
22 3
49 4
56 3
59 5
62 2
85 3
92 3
94 4
102 2
109 4
118 5
130 3
145 2
158 1
180 5
186 1
201 3
207 1
217 1
221 4
222 5
244 3
249 4
255 3
267 4
268 3
269 1
270 4
276 4
280 5
286 2
291 5
293 3
295 1
297 3
301 1
303 3
314 1
326 1
332 3
339 4
343 5
346 1
361 2
366 5
367 4
368 2
372 5
378 3
385 1
387 4
388 5
389 2
399 4
405 2
406 4
416 2
422 4
425 4
429 1
435 3
442 3
453 3
455 1
456 4
457 4
484 1
487 2
495 1
496 3
497 3
498 4
504 4
506 4
533 1
537 2
543 3
546 5
561 3
586 5
600 4
617 1
619 2
621 4
627 4
640 4
642 2
643 4
653 2
655 2
664 3
671 3
682 2
690 2
693 4
709 3
715 1
727 1
756 3
757 3
758 4
766 4
773 3
774 4
776 2
788 1
796 1
802 4
814 4
823 5
826 5
833 1
843 2
846 3
864 4
870 2
880 4
881 2
883 5
886 1
896 1
916 4
933 1
943 3
