1 3
7 3
11 3
42 4
43 3
49 2
59 4
72 3
92 3
94 4
109 3
110 4
119 4
128 2
130 5
135 3
144 2
145 5
183 2
188 4
194 3
200 4
215 4
222 4
224 3
234 2
244 2
256 5
267 3
271 3
276 3
280 2
290 3
291 4
293 3
301 3
303 3
308 2
311 4
314 4
320 4
326 3
328 3
332 4
345 3
346 4
363 3
374 4
378 4
379 2
393 4
399 4
405 2
416 5
435 4
442 3
450 4
456 3
457 4
479 3
495 5
497 3
498 2
503 2
504 4
505 3
506 4
533 4
536 2
545 4
551 3
566 3
577 4
586 3
618 3
632 3
642 4
650 2
653 3
654 3
655 2
664 3
671 3
682 4
727 3
738 3
741 3
774 1
778 2
788 4
796 4
815 3
846 3
864 4
870 2
880 3
881 4
886 3
889 3
892 3
896 2
916 3
932 4
943 4
