1 4
6 4
7 5
8 5
10 5
11 4
13 5
14 5
16 5
18 5
21 5
23 4
24 4
28 5
37 5
41 4
43 5
44 2
48 3
49 5
55 4
56 5
57 3
58 5
59 5
60 4
62 5
64 5
65 3
69 5
71 5
72 5
73 4
75 5
76 5
77 4
82 3
83 1
85 4
87 4
90 5
91 1
92 5
94 5
96 5
99 5
102 3
103 5
109 5
110 1
114 3
115 5
116 5
117 5
118 5
119 4
125 1
128 3
130 5
132 5
135 4
136 4
138 5
144 4
145 5
148 5
151 4
153 5
158 5
160 5
161 3
163 4
174 5
175 2
177 5
178 4
180 5
184 3
186 3
188 4
189 5
193 1
194 5
197 1
198 5
200 4
201 5
207 4
208 2
210 5
213 5
214 5
215 5
216 5
217 5
218 3
221 5
222 5
226 4
228 2
230 3
232 5
233 5
234 3
236 5
239 4
244 5
246 1
249 5
250 4
253 3
255 5
256 3
262 4
264 5
267 5
268 4
269 5
270 5
271 3
272 5
276 5
279 4
280 5
283 5
286 2
287 5
291 5
292 5
293 4
295 4
296 5
297 5
299 4
301 4
303 5
305 1
307 4
308 5
311 5
313 2
314 1
315 5
318 3
320 5
321 4
323 5
326 2
327 2
328 4
332 5
334 4
336 4
338 3
339 5
342 5
343 5
345 5
346 5
347 5
352 5
360 4
361 4
363 5
366 5
367 5
368 4
370 2
372 4
374 5
377 4
378 4
379 5
382 5
385 5
387 5
388 3
389 5
391 5
393 2
394 5
397 5
398 4
399 3
405 4
406 5
407 5
411 4
412 5
415 5
416 5
417 5
421 5
425 5
429 4
430 4
435 5
437 4
442 5
445 5
447 5
450 4
453 5
454 3
455 5
456 5
457 4
458 5
465 4
466 4
468 5
472 5
474 5
476 4
480 4
484 5
487 4
488 4
492 5
493 4
495 5
496 5
497 4
498 3
499 4
500 5
504 3
505 1
506 4
512 5
521 4
523 3
524 4
527 4
528 3
530 3
533 3
535 3
536 3
537 5
538 4
539 2
542 5
543 5
546 5
548 5
551 5
553 4
554 4
559 3
561 5
562 1
566 4
567 4
568 4
576 3
577 3
579 3
586 5
588 4
591 4
592 5
593 5
600 5
601 3
603 4
604 2
606 5
607 5
608 5
610 3
617 1
618 4
619 3
622 5
627 2
629 5
632 3
633 2
640 5
642 4
643 5
645 3
648 1
650 3
653 5
654 4
655 3
658 5
659 5
660 1
663 5
664 4
665 5
666 4
669 2
671 1
679 4
682 4
683 5
686 5
690 4
691 4
692 3
693 4
700 3
709 5
710 5
715 5
716 5
721 3
727 3
731 2
734 1
738 4
739 4
741 4
746 3
747 5
748 4
749 2
751 4
757 4
758 5
763 5
764 4
767 4
773 2
774 2
777 5
778 3
781 3
785 4
788 3
790 4
796 5
802 3
804 3
805 4
806 5
814 3
821 5
823 5
826 5
830 2
831 5
833 4
836 4
838 5
840 5
843 3
844 4
846 5
847 1
850 1
851 5
854 5
860 4
862 3
864 5
867 5
868 3
870 5
871 5
875 5
877 5
880 5
881 1
882 4
883 5
885 3
886 4
887 5
889 5
892 4
893 5
897 2
901 1
903 5
908 4
910 4
912 2
913 5
916 5
922 1
924 3
925 3
927 4
929 4
932 4
933 5
934 5
940 5
943 5
