1 5
6 4
7 5
10 4
13 5
16 5
18 5
24 5
42 5
43 5
44 5
51 4
53 5
56 5
57 5
58 5
59 5
60 4
62 4
64 4
65 5
67 5
71 4
72 5
73 5
76 5
80 5
82 5
83 5
84 5
85 5
87 5
90 4
91 4
92 4
94 5
95 5
96 5
99 5
106 4
109 2
110 4
119 4
123 3
125 5
128 5
130 5
144 5
145 4
151 5
153 5
156 3
163 4
175 5
177 4
178 5
184 4
187 5
188 5
194 5
198 4
201 3
207 5
211 3
213 5
214 5
215 4
216 5
221 5
222 5
225 4
230 5
232 4
233 5
234 4
236 5
237 5
239 1
244 5
247 5
248 5
249 5
250 5
251 5
253 5
254 4
256 5
262 5
263 5
267 5
269 4
271 5
276 5
279 1
285 3
287 5
288 5
290 4
291 5
292 5
293 5
301 5
303 5
305 5
307 4
308 4
311 5
313 4
314 5
316 4
318 4
321 3
322 5
323 5
326 4
327 2
328 4
330 5
331 4
332 5
339 5
343 5
344 5
345 5
346 4
360 5
370 4
371 4
373 4
374 5
378 4
379 5
380 3
387 3
389 4
391 5
393 4
395 5
398 4
399 3
401 3
405 5
406 4
412 4
416 5
417 5
425 4
429 4
430 4
435 5
442 5
445 2
450 4
452 4
454 4
455 4
457 5
458 4
465 5
468 5
469 5
472 5
474 5
478 5
480 3
487 5
488 5
492 4
494 5
495 5
496 3
498 4
514 4
524 2
527 3
530 5
533 5
535 5
537 3
542 4
543 4
551 5
556 5
561 3
566 5
571 4
577 5
591 5
592 5
601 4
605 5
606 5
608 4
613 5
618 4
622 5
627 5
629 5
630 5
632 5
640 5
641 4
642 5
645 3
653 4
655 4
659 4
660 3
661 4
663 5
664 4
666 4
669 4
676 5
679 4
682 5
684 4
686 5
690 5
691 5
693 3
705 5
707 3
709 5
710 4
711 4
715 5
716 5
719 5
721 4
731 5
737 4
738 4
745 5
746 4
747 5
748 4
749 4
753 4
757 5
758 5
764 5
773 4
774 3
781 4
788 5
796 4
804 5
821 5
823 5
831 5
833 3
840 4
846 4
851 5
854 5
862 5
864 5
867 5
868 5
870 5
875 5
878 5
880 5
881 5
883 4
886 5
889 5
892 4
896 4
899 4
903 5
912 4
913 5
916 5
918 4
919 5
924 4
927 5
930 4
932 2
933 5
943 5
