1 4
7 4
13 3
22 4
37 5
49 1
56 3
59 2
62 1
72 3
87 3
92 3
94 4
95 4
102 2
109 3
110 2
130 5
144 2
158 3
180 5
197 2
200 5
201 2
207 2
217 3
222 4
244 5
246 5
249 5
262 2
267 4
268 4
269 3
276 4
279 4
280 3
293 3
295 4
301 4
303 4
308 4
311 1
314 4
320 5
328 3
334 3
342 3
343 1
346 3
347 5
363 2
373 5
374 1
378 2
387 4
393 4
394 5
399 3
405 1
407 4
417 3
425 4
429 3
435 4
442 3
447 5
453 4
456 4
466 3
472 5
474 3
478 1
483 1
487 5
495 5
496 4
497 4
504 5
506 4
514 4
521 4
545 4
551 2
554 2
577 4
586 4
588 5
606 5
618 3
619 3
621 4
627 4
632 1
640 4
642 3
643 3
648 1
650 3
660 4
671 3
682 5
709 5
715 4
727 4
746 4
749 4
757 4
758 3
773 2
774 3
788 3
790 3
795 3
804 3
805 3
807 4
823 3
826 3
833 4
846 3
851 3
867 4
868 2
870 3
880 5
883 4
886 3
892 4
896 3
897 5
916 3
922 4
943 4
