1 4
7 5
13 4
18 3
42 3
49 2
62 3
64 4
87 3
92 3
94 3
95 2
102 3
109 5
125 4
144 4
158 3
159 3
184 3
193 2
194 3
200 4
210 3
216 2
222 4
234 3
244 4
262 3
268 3
269 2
276 4
280 4
286 4
291 4
295 4
299 3
303 3
307 3
308 4
311 4
314 2
318 4
326 2
327 2
328 3
330 5
334 3
336 3
343 5
346 3
363 1
389 3
393 4
394 4
398 3
399 4
405 3
406 3
407 4
416 2
417 4
429 2
435 4
436 5
456 1
472 5
474 3
476 4
478 1
497 3
500 4
504 4
506 3
521 3
523 4
524 4
532 3
533 2
537 1
542 3
551 5
561 2
586 2
588 4
591 3
615 2
621 2
622 3
642 4
643 4
645 3
647 4
648 4
650 2
660 3
682 3
690 2
694 4
712 4
716 3
727 3
749 3
766 2
773 3
774 1
790 2
795 3
798 3
804 4
833 2
838 4
846 4
848 5
864 4
880 3
881 2
883 4
885 1
887 4
889 3
892 4
916 3
918 1
921 4
922 4
927 5
933 3
934 3
943 2
