1 3
7 3
13 3
23 3
42 4
43 4
56 4
59 4
60 4
65 4
82 4
87 3
92 3
95 4
102 3
125 5
128 3
144 3
151 4
167 2
178 5
193 3
194 3
198 3
207 3
210 5
222 4
234 2
268 3
271 2
276 3
279 4
280 3
286 5
293 2
295 4
297 2
299 2
301 4
303 3
308 3
311 4
313 5
314 4
328 4
330 5
332 4
334 3
339 3
344 3
347 2
363 2
371 5
378 3
393 4
394 3
398 3
399 3
405 5
406 2
407 4
411 4
416 3
417 3
429 3
435 3
436 4
450 3
452 3
453 4
454 3
472 4
474 3
476 4
484 4
487 3
497 3
505 4
506 4
508 3
514 4
521 3
536 4
541 4
542 3
545 4
551 2
559 4
562 4
588 3
593 2
618 3
621 5
632 3
642 4
645 3
647 5
650 3
659 4
664 2
679 4
682 5
684 4
690 2
700 3
712 5
715 4
716 4
727 4
747 4
749 4
763 3
788 3
790 4
798 4
807 3
846 4
864 5
868 1
889 3
892 3
896 3
897 3
899 4
901 5
916 3
933 4
943 3
