1 4
7 5
42 5
43 3
49 1
56 3
59 4
60 4
64 3
65 5
72 4
76 2
83 4
92 3
94 3
95 4
106 4
109 4
110 4
115 2
128 3
130 5
135 4
145 3
156 2
178 4
183 3
184 3
186 5
188 4
194 3
201 2
215 3
222 4
224 4
234 3
243 3
244 4
246 2
256 3
262 2
267 3
268 2
269 1
270 2
271 4
276 3
280 3
286 3
291 4
293 2
299 3
301 3
303 4
308 3
311 5
313 3
318 3
320 3
328 4
330 4
332 4
334 3
343 3
345 3
346 4
347 5
363 2
371 5
372 5
374 5
375 4
378 4
381 2
389 2
393 3
394 3
399 2
405 1
416 4
417 3
429 3
437 4
442 3
450 4
452 3
453 3
454 4
455 4
457 4
474 5
478 1
487 3
495 4
496 2
497 3
498 2
500 3
504 4
505 3
506 3
521 3
524 3
528 3
532 5
533 4
545 3
551 3
554 4
561 1
566 4
577 3
586 3
593 4
618 3
627 2
633 3
643 3
647 4
650 3
653 3
655 3
659 4
664 3
682 3
690 3
693 2
711 3
719 3
721 5
741 3
749 3
758 3
764 4
766 2
774 1
796 5
815 4
823 4
843 2
847 4
864 4
870 3
881 2
889 3
893 4
896 4
897 4
916 3
922 4
932 2
