1 5
7 3
8 5
10 4
12 4
13 2
18 3
20 4
23 3
25 4
30 4
37 1
38 5
42 4
43 4
44 4
49 1
56 4
59 5
60 3
62 4
64 3
70 4
72 3
73 2
83 5
85 3
87 5
91 5
92 2
94 4
95 3
97 4
102 2
106 3
109 5
110 4
115 4
119 2
125 5
128 5
130 5
142 4
151 3
158 5
174 1
178 5
184 3
193 2
194 2
197 5
198 3
200 5
201 4
207 3
215 3
216 4
217 5
219 1
222 4
230 5
233 4
234 3
235 2
244 3
246 2
253 3
254 4
256 5
262 3
263 4
267 4
268 3
269 2
276 4
280 2
286 3
290 4
291 4
293 4
295 4
301 5
303 4
307 4
308 4
311 5
313 3
320 3
325 3
326 3
327 2
328 4
330 4
332 5
334 4
339 4
343 5
347 5
352 3
363 3
373 1
374 4
378 4
379 4
385 1
387 4
389 4
393 4
394 4
398 5
399 3
405 4
407 3
416 5
417 4
421 4
425 3
429 4
435 5
437 3
442 3
450 3
452 3
453 3
454 4
455 5
457 5
466 3
468 5
471 5
472 5
479 4
484 4
487 5
488 4
493 5
495 5
497 4
500 4
504 4
505 4
506 5
508 3
524 4
528 4
532 5
533 4
536 4
537 2
538 4
541 3
543 4
545 4
551 5
554 4
562 5
566 4
577 4
579 3
584 3
586 2
588 5
600 5
601 1
606 5
618 4
619 5
620 5
621 5
622 3
627 4
632 4
633 4
638 2
642 5
643 3
647 4
648 5
650 3
653 4
654 5
655 2
659 4
660 2
666 3
668 4
669 4
671 4
682 4
684 5
694 5
705 5
709 4
711 3
712 5
715 4
716 5
721 4
727 3
734 4
738 5
741 3
746 4
747 4
749 5
751 4
756 3
757 4
758 4
766 3
771 2
774 2
778 3
786 4
788 3
796 3
798 4
804 5
805 3
806 4
807 4
815 4
826 3
830 3
838 4
840 3
843 3
844 3
846 2
847 4
848 5
850 5
862 4
864 5
868 2
871 3
878 3
880 3
881 5
882 5
883 3
885 4
887 4
889 4
892 3
896 3
897 5
901 5
911 2
913 3
916 4
918 3
919 5
921 3
922 3
924 4
927 2
932 3
933 3
934 4
940 4
