1 3
11 5
13 2
18 5
23 4
42 4
51 5
59 4
62 5
64 3
70 4
85 4
89 4
90 5
94 4
95 5
96 3
97 1
102 3
115 3
119 4
121 4
122 5
125 4
128 5
151 5
156 3
158 5
167 5
178 4
180 5
187 5
189 4
194 3
235 4
237 4
243 4
246 4
249 5
253 4
268 4
270 4
271 4
274 5
279 5
283 4
286 5
292 5
295 5
296 5
297 4
299 5
303 5
305 3
307 5
311 5
312 4
316 4
321 4
327 2
334 4
338 2
343 4
344 4
346 4
354 4
360 4
361 3
373 5
378 4
379 4
381 4
387 4
393 4
401 4
405 1
409 3
416 5
417 5
425 2
429 4
435 4
436 5
437 4
447 5
450 4
452 3
457 5
458 4
474 3
476 3
488 4
492 4
497 2
498 3
500 4
503 5
514 5
523 5
528 5
533 2
535 4
536 5
537 4
541 5
543 4
565 5
566 4
567 4
579 5
583 4
585 3
586 2
588 5
593 5
606 5
608 5
615 4
622 5
627 3
639 4
641 4
642 5
648 4
653 5
654 5
660 3
664 4
670 3
679 5
682 3
684 5
698 5
705 4
707 3
711 5
712 4
715 4
716 4
727 5
734 4
741 4
746 4
747 4
748 3
751 5
763 3
771 5
790 3
798 4
805 4
815 4
823 3
828 3
831 4
838 5
840 5
843 3
844 5
846 4
854 4
861 5
870 4
877 3
883 3
889 4
894 4
896 5
899 4
907 5
911 4
913 4
916 4
918 4
922 4
934 4
