1 4
11 3
12 5
13 4
18 3
23 3
38 5
42 5
43 5
44 2
56 1
60 4
65 4
70 4
83 5
87 5
89 4
92 3
94 3
95 4
98 3
102 3
106 3
109 4
110 4
125 5
128 4
130 2
145 5
151 5
152 5
174 5
175 4
183 3
184 3
188 4
194 3
200 4
207 2
208 5
210 4
215 3
222 4
234 3
236 2
244 4
249 4
256 5
264 3
267 4
268 2
269 1
270 5
271 4
274 4
276 3
279 1
280 3
286 4
290 4
293 3
295 4
298 5
299 3
301 4
303 4
305 2
308 4
311 4
313 2
314 5
318 4
326 2
327 2
330 5
333 5
336 2
339 4
340 5
342 1
343 4
344 3
345 4
346 4
354 2
361 4
363 2
373 4
374 3
378 4
379 4
389 3
393 3
394 3
398 4
401 4
405 3
406 2
407 3
411 3
416 3
429 3
437 3
450 5
452 2
454 4
457 4
472 2
474 4
476 4
477 5
479 4
481 4
484 4
487 4
495 4
496 1
500 4
503 4
504 3
505 4
506 4
508 3
514 4
530 4
533 4
536 4
537 2
538 2
541 3
542 3
543 4
545 3
551 4
561 2
562 5
566 3
577 3
579 4
588 5
591 3
593 4
606 4
618 4
621 2
622 3
623 4
639 3
642 5
643 2
647 4
648 4
650 3
653 3
655 2
659 2
665 3
671 4
682 4
684 4
690 4
693 3
694 4
707 3
711 5
712 4
715 3
716 4
719 3
727 5
738 3
741 4
747 2
749 4
751 4
756 1
758 4
763 4
771 4
774 1
786 4
796 5
798 4
805 2
806 4
815 4
823 5
830 4
840 4
846 4
847 2
848 4
850 5
864 4
870 2
877 4
878 4
880 3
881 3
883 4
885 4
892 4
896 5
897 4
901 5
904 3
907 5
914 2
916 4
918 2
919 2
933 3
934 4
