1 5
5 5
6 4
7 5
8 4
13 4
16 2
18 3
22 5
23 5
28 4
37 4
44 5
55 5
56 4
58 3
59 5
60 5
62 5
64 3
70 4
71 5
72 3
73 5
76 4
77 5
85 4
87 4
90 5
92 5
94 3
95 3
96 5
97 5
102 4
109 4
114 5
115 5
119 4
130 4
136 4
137 5
142 3
144 3
145 4
148 5
151 5
154 5
158 5
177 5
178 4
184 4
189 5
194 3
197 5
198 5
200 5
201 3
214 4
215 4
222 5
226 5
233 3
234 3
239 4
244 5
248 5
249 5
250 4
253 4
256 5
267 5
268 4
269 2
271 3
275 3
276 5
279 4
286 4
290 3
291 3
293 5
295 5
296 5
297 4
299 5
301 2
305 3
307 5
308 5
311 5
312 5
313 5
316 1
320 4
321 3
322 3
326 4
327 4
328 5
332 5
334 4
339 5
342 3
343 3
344 5
346 4
350 4
352 5
354 4
363 4
368 4
373 5
374 2
378 4
379 4
380 5
381 5
383 3
385 4
387 5
391 3
393 3
394 5
395 5
405 1
406 4
407 4
409 5
411 3
417 5
419 3
421 5
425 4
429 4
435 4
437 2
442 4
447 5
450 5
452 5
454 1
455 3
457 5
466 3
468 4
474 5
479 4
480 4
484 4
488 4
493 4
495 3
496 5
497 4
498 5
500 4
506 5
514 4
521 3
524 5
537 4
538 4
542 4
543 4
545 3
551 4
553 5
555 4
560 5
561 4
562 1
566 4
567 5
579 3
592 4
600 5
603 5
606 5
613 5
617 4
622 5
627 5
638 4
641 4
642 2
643 3
645 4
648 4
650 4
653 5
655 4
659 4
660 3
661 5
663 4
664 5
665 4
666 4
671 5
682 4
686 4
690 2
694 4
698 4
704 5
705 2
709 3
710 4
711 5
715 3
723 3
727 5
737 4
738 5
746 4
748 5
749 4
751 3
753 3
756 4
757 4
764 4
766 4
773 4
774 2
776 5
786 4
788 5
790 4
795 4
796 5
804 4
805 4
806 5
807 4
815 4
823 5
826 5
830 5
833 5
836 4
840 5
843 5
844 3
846 5
847 2
848 5
854 4
862 5
867 5
868 4
870 3
881 4
882 5
883 5
886 4
889 4
890 4
892 5
896 5
897 4
899 4
901 3
903 4
911 4
913 5
916 5
918 5
922 5
929 5
932 5
933 4
934 5
940 4
