1 4
5 3
7 3
11 2
13 3
23 2
44 2
49 1
56 2
59 2
87 2
94 3
95 2
109 3
125 5
130 4
178 3
194 3
222 2
244 4
254 1
262 4
270 5
279 3
280 4
286 4
291 5
297 4
301 3
303 4
314 2
320 4
326 1
327 3
336 5
343 4
361 2
363 5
373 4
379 2
389 3
393 2
394 3
399 2
405 4
416 4
417 3
429 4
435 4
436 3
437 3
442 3
450 4
453 3
472 5
476 3
477 4
495 4
497 4
504 3
506 2
521 2
537 1
541 4
542 4
551 1
618 1
622 4
642 4
648 3
659 2
660 2
690 1
712 3
715 5
727 3
751 3
766 1
773 4
790 2
798 3
805 2
806 4
823 4
844 3
846 2
868 3
870 4
880 3
881 3
883 3
887 5
892 2
904 2
916 3
