1 5
7 3
13 2
18 3
23 4
43 3
44 2
49 5
56 4
59 4
62 4
64 4
70 3
77 3
92 3
94 5
95 5
96 5
102 3
109 4
142 5
144 2
151 2
165 4
184 3
189 3
194 3
200 4
216 4
222 2
230 3
232 5
233 3
234 5
239 4
250 5
262 3
268 3
276 5
283 5
286 4
290 2
293 2
295 5
298 2
299 4
301 3
303 5
305 2
307 4
308 4
311 3
312 3
330 4
334 4
339 5
345 4
346 1
347 1
363 4
378 3
387 4
394 4
399 4
405 2
407 4
417 2
429 3
435 4
437 3
447 4
450 4
456 2
457 4
468 5
472 5
483 3
493 3
495 2
497 2
508 4
527 2
533 2
537 2
541 5
551 1
561 4
588 5
601 5
606 5
618 4
620 2
621 3
625 4
632 3
640 4
642 4
645 3
650 4
660 4
666 3
677 5
711 4
716 5
727 4
738 4
747 5
751 4
756 3
757 4
758 4
766 5
771 4
773 4
774 1
776 4
790 3
795 5
796 2
804 4
805 5
807 5
815 3
822 3
823 3
826 4
840 5
843 3
846 4
862 5
864 5
865 3
868 3
880 3
885 3
887 5
889 4
896 2
901 1
903 5
916 4
922 4
927 4
