1 5
7 5
10 4
14 3
46 4
49 5
52 4
64 2
76 4
78 4
79 2
81 3
89 2
92 4
94 4
115 3
119 4
130 5
144 1
150 4
151 5
157 3
160 5
176 5
181 1
184 4
195 3
198 3
199 4
201 5
203 4
214 4
216 4
222 2
227 5
234 3
243 2
249 4
264 5
269 3
270 5
277 4
291 4
294 4
299 2
303 5
314 1
315 5
323 4
325 4
327 4
334 4
342 4
345 4
354 4
363 4
379 3
385 3
387 5
399 3
406 4
416 4
422 4
429 4
432 2
439 4
445 1
453 2
463 4
467 4
470 4
478 4
486 4
490 4
500 4
501 4
527 4
534 1
537 3
560 3
561 4
582 5
592 4
606 4
608 4
618 3
624 5
634 5
637 3
655 3
662 5
707 5
735 2
747 4
758 5
770 5
773 3
789 4
805 5
833 4
838 3
839 4
847 1
854 5
864 3
880 4
889 3
894 4
911 4
919 5
936 5
937 4
