1 2
5 3
11 3
13 3
18 3
20 2
22 3
38 5
56 4
70 3
73 1
83 4
85 3
87 4
92 3
94 2
95 5
102 2
109 4
110 4
125 5
130 5
174 2
183 3
193 3
194 3
196 3
200 4
210 4
221 3
222 3
245 2
246 2
254 3
267 3
268 2
276 2
279 3
280 2
291 2
293 2
295 4
299 1
301 4
303 3
307 3
311 3
313 3
314 4
318 4
326 4
330 4
336 3
339 2
346 3
373 2
378 3
379 5
381 3
389 2
393 4
398 2
399 5
405 5
407 4
416 2
417 3
437 4
450 4
452 1
453 4
456 3
457 3
471 5
472 5
476 2
484 4
487 3
495 3
496 1
497 3
500 2
504 4
506 3
524 2
533 4
536 4
542 3
543 3
545 3
559 3
566 2
588 2
591 3
620 5
621 2
622 2
633 4
642 2
643 4
648 5
653 2
660 2
682 3
684 3
690 4
705 4
711 2
712 4
727 4
741 3
747 4
749 5
751 3
774 2
778 2
796 3
798 3
804 4
805 1
807 2
815 3
823 2
846 4
864 4
868 1
880 3
881 2
885 2
886 4
889 4
901 4
922 3
927 2
933 1
934 4
943 4
