1 3
7 5
11 4
12 5
13 4
18 4
24 4
38 5
41 3
42 3
43 5
44 2
56 3
59 5
60 3
62 2
64 3
65 5
72 4
77 2
82 4
83 4
85 2
87 5
90 5
91 5
94 4
95 4
97 5
106 5
109 3
125 3
128 3
145 5
151 5
152 5
163 4
178 5
184 2
187 3
188 5
189 4
194 3
198 3
201 2
208 4
210 5
213 5
216 4
222 4
224 5
226 3
230 5
233 5
234 2
236 5
244 2
246 3
253 4
254 5
256 4
259 4
263 4
268 4
270 4
271 5
276 3
286 4
288 4
290 3
291 4
293 4
295 5
297 5
298 4
299 4
301 4
303 5
305 4
308 1
311 4
312 5
313 4
316 5
320 5
326 4
328 3
330 5
332 5
339 4
343 4
344 3
346 4
347 4
354 3
361 4
363 2
371 5
373 3
374 5
378 5
379 3
380 3
381 4
387 2
391 4
393 4
394 4
395 5
398 4
399 4
401 4
405 2
406 5
407 4
409 5
416 5
417 4
425 2
429 4
437 3
450 4
452 4
453 3
454 4
455 5
456 4
457 5
458 1
465 2
468 5
472 3
474 5
479 3
484 5
487 5
488 4
492 3
496 1
497 4
499 4
500 4
503 4
504 4
505 4
506 4
512 5
514 5
521 3
523 4
524 5
532 5
533 2
535 4
536 3
537 2
538 5
542 4
543 3
545 3
551 5
561 3
566 3
577 5
588 2
592 4
593 4
606 5
608 3
610 3
615 4
618 5
625 4
627 2
632 4
633 3
639 1
642 4
650 3
653 3
654 3
655 3
659 5
660 3
661 4
664 3
665 2
666 4
668 2
669 4
679 3
682 4
686 2
693 5
694 5
705 3
707 4
709 5
711 4
712 5
715 3
716 4
719 3
721 4
731 5
734 4
738 4
739 5
747 5
748 4
756 3
757 4
763 3
771 1
774 2
780 5
781 4
786 4
788 3
790 2
795 2
796 3
798 1
804 4
815 5
821 5
823 5
830 4
835 5
840 3
843 3
844 3
846 4
848 5
850 5
862 4
864 4
871 3
878 3
880 4
881 3
885 5
889 3
890 4
892 5
896 4
897 5
904 4
907 5
912 4
916 4
921 2
933 2
934 4
942 5
943 2
