1 5
5 5
11 3
13 4
16 4
22 4
23 3
24 3
26 3
44 3
45 5
57 4
58 4
59 4
63 4
69 3
70 3
82 1
92 3
94 4
101 2
117 4
119 5
125 3
130 3
145 4
160 2
181 1
195 3
221 2
222 3
226 4
244 4
246 5
251 4
276 4
279 5
283 4
289 3
290 3
294 4
295 4
297 4
301 5
303 4
307 5
308 3
325 2
354 3
365 2
380 2
387 4
389 3
393 3
394 4
397 4
417 2
422 2
429 3
432 2
435 4
456 3
465 3
467 5
472 4
483 5
486 3
490 5
493 4
495 5
496 3
497 4
498 3
508 3
514 3
521 5
528 4
533 2
534 4
537 1
540 4
542 4
546 5
560 3
561 1
567 2
584 4
592 4
595 2
601 4
618 2
621 4
622 5
634 4
648 5
650 3
654 3
657 1
665 4
672 4
677 1
679 3
682 3
689 5
699 3
727 2
730 4
738 4
742 1
747 5
758 3
773 4
776 4
779 3
790 3
793 4
794 4
795 3
844 2
847 5
848 4
851 4
852 3
864 5
868 3
880 4
887 5
894 1
916 3
932 2
