1 5
2 4
6 2
11 4
13 5
14 3
15 4
17 3
18 3
26 3
32 3
42 1
43 4
45 4
49 2
52 4
56 2
57 4
58 4
59 4
62 3
63 3
64 4
65 4
68 3
75 4
81 3
82 4
83 3
84 4
87 4
89 4
92 3
94 4
95 4
99 1
101 2
104 1
109 4
119 5
125 3
128 3
130 5
138 4
145 3
151 4
152 5
157 3
158 4
159 4
174 5
175 4
176 4
178 4
180 5
181 3
182 4
185 4
192 2
193 1
196 4
199 3
207 3
222 3
223 4
234 3
236 4
238 4
242 4
243 4
244 4
246 3
247 5
250 4
251 3
262 4
265 2
269 1
271 4
274 4
277 4
280 4
286 5
287 3
292 4
293 2
294 4
296 3
297 3
299 3
301 1
303 3
304 3
306 4
314 4
327 4
334 3
336 3
342 3
344 4
345 4
348 5
357 5
361 3
374 2
376 4
378 3
385 2
388 3
389 3
393 3
398 3
401 4
402 4
403 4
416 4
417 3
429 2
432 4
434 5
435 3
436 4
437 3
447 3
450 4
452 3
454 1
456 3
457 3
459 3
463 2
468 4
474 4
477 5
478 3
479 4
484 4
486 4
487 3
488 4
497 4
500 4
501 3
514 5
517 3
524 5
525 4
533 4
537 3
540 4
541 1
543 4
551 5
552 3
553 4
554 4
555 4
560 3
569 3
575 1
577 4
579 4
588 1
590 3
593 5
595 4
597 3
599 5
605 3
606 4
608 1
618 3
622 4
624 3
629 5
630 5
634 4
637 3
639 2
643 4
648 5
653 2
654 4
655 2
657 5
663 3
665 4
666 3
669 4
674 5
678 4
679 3
682 3
684 4
689 3
699 3
705 4
707 4
708 4
711 2
714 3
715 3
716 4
717 4
718 4
721 4
722 3
725 3
727 3
734 3
747 4
749 3
751 3
756 4
760 4
762 2
763 2
764 4
768 3
769 5
770 5
771 4
779 4
786 5
789 3
790 3
792 3
796 4
798 1
805 3
806 3
821 4
822 4
823 4
825 3
833 2
837 4
838 4
839 4
851 3
854 3
859 4
862 5
864 3
865 1
870 3
872 4
874 3
877 3
878 4
879 4
880 4
885 4
887 5
888 4
891 3
894 3
899 4
901 3
903 3
904 4
907 5
908 3
914 1
916 4
919 4
921 4
927 4
931 3
936 4
938 5
943 4
