1 3
10 4
13 5
14 5
18 5
23 5
25 4
26 2
49 4
52 4
58 5
59 4
62 3
63 5
79 5
81 3
92 3
98 5
99 2
113 3
116 3
125 4
136 5
138 2
144 4
148 5
158 5
181 1
184 4
185 4
187 5
196 3
199 5
201 1
227 4
234 2
239 5
243 4
250 4
257 3
264 4
268 4
271 2
279 1
286 5
297 4
303 5
306 5
308 4
310 5
321 3
334 4
343 5
354 5
360 3
363 4
370 3
374 1
379 4
387 3
402 3
409 4
420 4
437 3
458 4
463 5
464 4
468 4
473 5
474 5
483 3
491 5
500 4
503 5
514 4
523 5
524 4
527 4
535 3
537 3
558 5
561 4
585 3
590 5
591 4
592 4
634 3
639 3
651 2
654 4
655 2
666 4
699 4
707 5
710 4
711 5
728 4
733 4
747 4
758 5
762 1
790 4
794 5
798 3
825 3
828 4
829 4
857 5
861 4
864 4
869 4
874 4
878 2
883 5
884 4
891 3
894 4
905 3
909 5
919 3
930 5
931 4
936 4
937 4
940 2
