1 3
6 2
13 3
17 3
22 4
24 4
26 3
28 4
32 3
37 4
43 4
49 1
52 4
54 5
55 3
56 5
57 4
62 4
66 3
67 5
68 4
69 4
72 4
75 4
83 5
84 4
89 5
90 3
92 4
95 4
99 5
101 4
102 3
103 4
104 2
109 5
115 4
117 5
119 5
120 3
121 1
124 3
125 3
128 5
130 5
136 4
137 5
138 4
141 4
144 4
145 5
152 4
157 5
158 3
159 5
160 4
162 4
164 5
168 5
174 5
176 4
178 4
181 2
184 2
186 5
190 4
193 4
194 3
198 1
199 3
200 5
201 2
203 4
207 3
211 4
213 4
214 4
217 4
221 4
222 5
223 5
227 2
230 5
232 3
233 3
234 2
236 3
244 2
246 3
248 5
249 4
250 3
251 4
253 5
255 2
256 5
259 4
261 4
263 3
265 5
268 4
271 3
274 4
275 3
276 4
277 4
279 5
280 5
286 2
287 5
289 4
290 3
291 5
292 4
293 3
294 4
296 3
297 4
301 5
303 3
305 2
308 3
311 4
313 4
314 4
320 4
323 3
327 3
328 4
329 3
330 5
332 4
334 3
336 3
339 3
343 2
344 3
345 4
346 4
347 5
348 4
357 5
359 4
363 5
371 3
373 4
374 5
378 3
386 5
387 3
388 5
393 4
394 5
396 4
397 3
398 4
399 2
401 3
402 3
403 4
406 4
407 3
411 2
412 4
416 5
417 4
421 5
422 2
425 3
429 4
430 3
432 4
435 3
437 1
441 4
442 3
445 1
447 4
449 3
450 4
453 4
454 3
455 3
457 4
458 4
459 5
460 3
463 3
466 5
467 2
468 2
472 3
474 4
479 3
484 4
486 3
487 5
490 1
493 5
499 3
500 4
501 4
504 4
505 4
507 3
513 5
517 4
518 5
521 4
524 3
532 5
533 5
534 5
536 4
537 2
538 3
540 4
543 3
545 4
548 4
551 5
552 3
554 4
555 4
561 3
564 4
566 4
569 3
577 4
582 3
586 4
588 4
592 5
593 4
602 5
605 2
606 4
610 4
612 4
614 3
618 5
619 5
621 5
622 4
624 3
627 3
629 5
630 5
633 3
634 4
635 2
637 2
638 4
642 4
643 3
644 4
647 3
648 2
649 5
650 4
653 4
654 4
655 2
657 4
658 4
660 3
661 4
663 4
665 4
669 1
671 3
674 5
676 4
677 4
678 4
680 4
682 4
684 4
689 4
693 4
699 4
703 4
705 5
706 4
708 4
709 4
714 5
715 3
716 4
717 4
722 4
726 1
727 3
728 4
730 3
733 2
735 3
738 3
742 2
746 4
747 2
749 4
751 4
754 4
756 4
757 4
758 4
759 5
761 5
764 5
768 4
770 5
774 2
777 5
778 3
779 4
786 4
788 4
790 5
793 4
795 4
796 5
805 3
806 2
807 4
815 3
817 5
821 3
825 5
831 3
834 4
839 5
840 3
844 4
847 2
852 4
854 3
862 5
864 4
865 2
867 3
868 2
872 4
879 4
880 4
881 5
882 4
885 4
886 2
889 4
891 3
892 4
893 4
894 3
895 3
896 2
897 3
899 4
900 2
901 4
904 4
905 3
906 4
907 5
910 4
913 1
916 2
919 4
923 4
924 2
930 3
933 2
935 4
936 4
938 3
941 5
942 4
943 4
