1 4
5 4
7 5
11 3
13 5
14 3
15 3
20 3
21 1
22 3
25 4
26 3
27 4
37 2
42 4
43 4
44 4
45 4
49 1
52 4
53 4
54 4
55 3
56 5
57 4
58 2
59 4
60 4
62 4
63 1
64 2
65 4
66 3
67 4
68 1
70 3
72 3
74 4
75 4
76 2
77 2
81 4
82 4
83 4
84 4
85 2
87 5
89 5
92 5
93 3
94 2
95 4
99 3
101 4
102 3
103 3
104 2
108 3
109 5
115 3
117 4
119 4
120 4
121 2
128 4
130 5
137 5
138 4
141 4
145 2
150 2
151 5
152 5
158 4
159 3
162 4
164 5
168 4
177 2
178 5
180 5
181 4
182 3
183 3
184 2
186 2
188 4
189 2
190 3
192 2
193 3
194 2
198 3
200 5
201 2
207 3
210 4
213 5
214 4
217 1
221 2
222 3
223 3
227 2
230 4
231 4
233 4
238 4
244 1
246 4
247 4
248 2
249 3
251 4
253 5
254 3
255 2
256 5
257 3
259 3
262 3
267 3
268 2
269 1
270 4
271 2
275 3
276 4
277 2
279 4
286 3
287 4
288 2
289 3
290 4
291 2
293 3
294 5
295 4
296 5
298 4
301 4
303 3
305 3
307 1
308 3
311 4
312 3
313 4
314 4
315 2
318 1
320 5
323 3
327 2
328 4
330 4
332 5
334 3
336 4
337 5
339 3
343 2
344 3
345 3
346 4
347 3
348 5
349 2
357 5
359 4
361 2
363 2
374 4
378 4
380 3
381 2
386 3
387 2
388 4
393 4
394 4
395 3
396 5
399 3
401 3
403 5
406 5
407 4
416 5
417 3
425 4
429 3
430 2
432 4
434 4
435 3
437 3
438 5
439 2
441 4
442 2
445 1
447 5
450 3
452 5
454 4
455 4
456 2
457 4
458 1
459 5
461 2
463 3
466 3
468 4
472 5
474 4
479 4
483 2
484 4
486 3
487 4
493 5
494 4
495 5
497 4
498 2
500 3
501 4
503 3
504 4
505 4
507 5
508 2
513 5
518 5
521 2
525 4
526 2
532 4
533 4
534 4
535 4
536 4
537 1
538 3
540 2
541 3
542 2
545 5
546 5
548 5
549 4
550 5
551 5
552 4
554 4
555 3
560 3
561 3
564 4
566 3
569 3
572 2
577 5
580 4
582 3
586 5
588 5
592 4
593 4
595 2
601 2
602 4
605 1
606 4
607 2
614 4
618 4
619 5
620 5
621 3
622 1
623 4
624 3
625 3
627 3
630 4
633 3
634 5
636 5
637 4
638 4
642 5
643 4
644 5
647 4
648 5
649 2
650 3
653 4
654 4
655 3
659 4
660 2
661 2
663 4
664 3
665 2
666 3
669 3
671 4
674 4
679 2
680 3
682 4
684 3
689 5
690 3
693 2
694 5
697 4
698 2
699 3
703 5
705 5
708 3
709 4
711 1
714 4
715 4
716 5
717 2
718 4
719 1
722 5
727 4
730 4
733 3
734 4
738 4
741 2
746 3
749 3
751 4
756 3
757 2
758 2
759 5
764 5
768 4
769 4
773 2
774 1
778 3
779 3
786 2
788 4
790 3
792 4
793 3
795 3
796 5
798 5
800 4
804 4
805 3
806 4
807 4
815 2
817 3
821 3
825 5
833 1
838 2
839 3
840 2
843 3
844 3
847 3
848 4
849 5
850 5
851 4
852 4
854 1
862 5
864 4
865 1
868 2
871 4
872 4
879 4
880 2
881 5
882 4
887 5
889 4
890 2
891 4
892 4
893 4
894 3
896 3
897 5
899 5
900 2
901 4
903 3
906 4
907 4
910 1
916 3
917 1
921 5
923 4
924 4
927 5
930 4
931 2
932 3
933 3
934 3
935 4
936 4
938 5
939 5
943 3
