1 4
11 3
21 4
27 5
43 1
44 4
49 1
50 4
58 4
59 3
67 4
69 4
75 3
92 2
99 3
101 2
130 4
145 4
150 4
158 3
160 4
168 3
178 4
181 2
182 4
200 4
201 2
249 3
250 3
256 2
264 4
268 3
270 5
276 4
286 5
291 4
294 4
301 4
303 4
308 3
320 4
324 4
332 4
342 5
347 3
348 5
357 4
374 2
378 3
387 3
393 4
394 5
399 2
403 3
406 4
407 3
416 4
417 2
429 4
430 2
432 3
435 2
445 1
447 3
450 2
455 3
459 3
472 4
486 3
490 2
497 3
505 3
518 2
525 3
526 3
537 2
552 3
560 2
580 4
586 3
592 4
596 2
601 1
606 3
618 2
620 3
621 4
624 3
627 3
630 4
648 4
660 2
663 3
671 5
697 5
703 4
727 3
735 3
756 2
758 1
761 3
770 3
790 3
795 4
804 4
805 4
839 3
851 4
854 1
864 4
880 4
896 3
907 4
908 3
916 3
