1 5
6 5
10 5
13 5
14 5
23 5
31 4
43 4
50 1
58 5
69 4
72 4
74 3
79 5
81 3
85 5
92 4
99 2
104 2
108 4
113 3
115 5
116 3
119 4
121 5
131 5
132 4
136 5
142 4
144 4
150 2
151 5
156 3
158 4
160 4
172 4
174 5
177 3
178 4
181 1
184 5
189 5
194 4
201 3
227 4
234 4
239 5
249 5
252 5
266 4
267 5
268 4
269 5
271 4
276 5
277 3
279 3
291 5
292 4
293 4
296 5
297 4
303 4
308 4
312 3
321 3
329 5
331 4
334 5
336 1
339 4
342 4
343 4
344 5
345 5
354 5
360 5
365 4
374 3
379 5
381 5
383 4
389 4
390 4
398 5
402 4
406 4
413 5
416 4
420 5
421 4
422 3
425 2
429 4
430 5
437 5
452 5
454 4
455 4
458 4
460 4
463 5
467 5
468 5
470 3
473 4
474 5
478 4
486 5
490 4
491 5
492 4
493 3
498 3
501 4
503 5
518 3
524 5
525 3
527 4
537 4
539 4
558 4
561 3
567 4
569 5
571 4
572 5
576 4
582 4
590 5
592 5
605 3
606 3
618 1
624 4
634 3
637 3
641 4
654 4
655 3
663 3
666 3
667 5
668 3
672 3
682 2
696 5
697 5
699 4
701 5
707 4
722 4
728 3
733 5
735 5
742 4
745 5
747 5
758 5
789 4
792 4
817 4
823 4
825 3
829 4
838 4
854 5
864 5
870 4
874 4
880 5
883 5
889 4
894 5
896 4
900 4
905 4
906 4
908 3
910 3
919 3
936 4
937 4
941 5
942 4
943 3
