1 2
7 3
17 4
18 5
26 4
52 5
57 3
59 5
63 3
74 3
90 2
103 5
104 4
113 5
121 3
131 4
141 5
144 4
159 5
160 3
167 3
168 5
174 5
181 2
182 5
184 3
224 3
227 4
231 5
244 4
254 3
271 3
280 3
314 2
330 5
339 4
345 5
348 5
349 2
357 5
374 3
378 4
390 5
393 4
398 4
402 4
416 5
422 4
450 5
455 5
458 4
463 4
468 3
474 4
490 2
494 4
518 4
524 4
533 4
540 3
552 4
569 5
590 5
593 5
594 3
605 5
608 1
613 5
614 4
624 4
630 4
634 3
640 4
655 2
665 4
677 1
697 5
708 4
717 5
719 2
733 2
735 3
786 4
796 3
821 5
825 3
830 5
854 3
869 2
878 3
891 5
894 3
919 4
930 5
931 4
937 4
938 4
