1 5
10 4
21 4
24 3
26 4
49 2
59 5
62 3
69 3
72 4
73 4
74 3
75 3
76 3
92 4
144 4
150 4
158 5
160 4
176 3
177 3
181 2
189 3
201 4
207 3
209 2
216 4
221 5
227 5
233 3
243 2
249 5
250 4
252 4
257 4
268 2
277 4
279 1
291 5
293 3
297 4
299 4
303 5
305 3
308 5
320 4
327 4
329 3
334 4
342 5
344 4
352 5
361 4
372 4
374 5
381 4
385 3
387 5
392 4
403 4
406 5
421 5
422 4
429 4
430 5
437 1
442 4
456 3
458 4
460 3
463 2
470 3
473 4
486 4
491 4
500 4
501 4
518 5
524 5
527 2
534 4
535 5
537 3
543 4
555 4
592 5
595 3
606 3
634 4
643 5
655 3
658 3
663 3
666 4
677 5
697 5
699 4
709 2
733 2
747 5
757 3
758 4
770 5
789 5
792 4
793 4
817 4
829 4
831 2
833 3
839 4
851 4
854 3
881 4
883 5
886 5
889 5
892 3
894 4
896 4
900 4
903 3
905 4
906 4
907 5
919 5
923 5
924 4
936 4
