1 1
6 5
7 5
18 4
23 4
25 4
42 2
43 3
59 4
60 4
90 5
91 2
109 1
128 5
151 5
178 4
189 4
198 3
207 3
214 3
234 3
262 5
269 5
271 4
279 1
305 3
308 4
311 3
312 5
313 4
321 4
326 2
327 4
334 4
339 5
342 5
345 4
354 3
373 4
379 5
385 4
389 3
391 2
406 2
407 3
417 4
437 5
450 4
454 3
474 4
479 3
492 3
517 3
524 5
535 4
537 4
539 4
553 5
561 4
588 5
593 4
601 4
608 4
618 4
632 4
642 3
650 3
655 2
659 4
661 3
667 5
693 3
694 5
698 4
704 5
716 5
727 2
741 4
751 5
758 3
766 3
790 2
806 4
815 2
835 5
846 3
870 4
875 4
882 4
892 4
913 5
918 3
932 4
934 4
942 5
