1 4
6 5
7 5
10 5
12 5
13 4
18 5
23 4
24 3
42 5
44 4
48 5
51 4
59 5
60 4
62 5
64 4
70 4
77 3
85 5
87 5
90 5
91 3
92 3
94 4
95 3
97 5
117 4
118 4
119 5
123 3
128 3
130 5
148 4
151 5
152 5
161 1
174 2
175 3
184 5
189 5
194 3
195 5
198 4
200 5
210 4
213 5
214 5
215 5
219 5
222 2
230 5
232 5
234 4
236 4
239 5
246 4
251 5
253 5
254 4
262 3
263 5
269 5
271 5
275 3
279 3
280 4
286 5
288 3
290 3
292 4
293 4
295 5
298 5
301 4
303 5
307 4
308 3
311 4
312 5
313 5
314 4
316 4
318 4
321 5
325 3
326 4
327 5
328 5
330 5
331 3
334 3
338 2
339 5
342 5
343 5
344 4
345 5
346 4
347 5
350 5
358 5
373 3
378 4
380 4
381 5
383 5
385 4
389 5
391 4
393 2
394 4
398 5
399 3
405 5
406 5
407 4
416 4
417 4
426 4
429 3
435 3
436 1
437 5
447 4
450 5
452 2
453 3
454 2
457 5
465 4
468 5
472 5
474 4
488 3
495 4
496 3
499 4
503 5
504 5
505 5
506 4
508 5
514 4
521 3
524 4
532 5
533 5
535 5
536 4
537 3
539 5
542 3
545 4
551 5
553 4
554 4
556 5
560 3
561 2
562 4
567 3
568 2
577 4
588 5
592 5
601 5
605 5
606 5
608 2
617 1
618 4
622 4
629 5
632 5
642 3
643 5
650 4
653 3
655 3
660 3
661 5
664 4
666 4
669 4
676 5
679 4
683 5
693 4
694 5
698 4
711 5
716 5
727 2
731 3
734 3
739 4
746 4
747 4
748 3
749 4
763 3
764 5
766 4
776 3
778 2
786 5
788 5
795 3
796 4
798 4
804 4
807 4
815 5
821 5
835 5
840 4
843 3
846 5
848 5
850 5
851 4
854 5
862 5
864 5
867 3
868 4
870 4
881 3
882 5
886 3
887 4
889 4
890 5
892 5
896 3
897 5
912 5
913 3
916 3
918 4
921 3
927 2
933 3
934 4
943 3
