1 4
6 4
7 5
10 5
12 4
18 5
23 4
25 3
38 2
43 4
44 4
59 3
60 4
77 2
82 4
85 4
90 5
94 4
95 3
97 1
128 5
138 4
148 5
151 5
152 5
161 2
167 5
169 4
175 4
178 4
189 5
194 3
207 4
213 3
222 1
232 4
233 5
234 3
236 5
239 3
245 2
246 3
254 5
263 5
269 3
271 4
272 1
286 4
290 3
293 3
295 4
297 4
298 3
301 4
308 3
311 3
312 5
313 5
318 4
321 5
325 3
327 4
328 5
330 5
331 3
338 4
339 4
342 4
346 5
350 5
354 3
378 5
379 4
381 5
385 1
387 2
389 5
391 4
398 3
401 4
406 5
409 4
416 2
426 5
429 3
436 3
437 5
447 4
450 5
454 4
456 3
457 4
479 2
487 4
488 4
495 3
496 5
500 3
503 5
504 5
505 5
522 3
524 5
533 5
535 5
536 4
537 4
539 4
554 4
556 5
561 3
562 2
566 4
567 4
577 4
588 5
593 4
601 4
605 5
608 4
610 4
618 4
632 4
642 5
648 4
650 4
655 4
665 3
666 3
669 4
683 5
694 5
698 2
707 2
711 5
716 5
731 1
747 5
748 3
749 4
763 3
766 3
780 5
786 5
788 5
798 3
804 3
806 5
807 5
815 5
835 5
843 3
846 4
847 3
848 4
849 5
854 3
864 5
868 2
875 4
881 4
882 5
890 5
892 3
896 2
897 4
899 3
908 5
918 1
921 5
932 4
