1 4
6 5
7 4
10 5
16 4
18 5
23 4
25 4
51 2
58 5
59 5
60 4
62 4
71 3
72 5
77 4
82 4
85 5
87 4
90 5
91 4
92 4
94 5
118 5
123 4
125 5
130 5
142 5
145 4
151 4
169 5
178 3
184 5
187 3
189 5
194 2
195 5
201 4
207 4
210 5
214 4
215 4
216 4
230 4
234 5
236 4
237 5
239 5
263 5
268 5
269 4
271 3
272 5
288 2
293 5
295 5
296 5
298 5
299 4
303 5
305 5
308 5
311 5
312 5
313 5
318 5
321 3
325 4
326 3
334 5
338 5
339 5
342 4
343 5
346 5
354 4
360 5
363 2
370 4
380 3
381 5
382 3
383 5
385 5
389 5
391 4
392 5
393 2
397 5
398 3
406 5
407 5
409 5
416 4
417 4
419 5
426 4
429 5
437 5
450 3
452 3
454 3
457 5
458 5
459 3
465 4
469 5
474 4
478 2
488 2
492 3
493 3
498 3
500 5
503 5
514 3
522 5
524 5
527 5
533 4
535 5
537 5
543 5
553 4
556 5
560 5
566 5
567 5
568 5
573 4
592 5
608 3
617 3
625 4
632 5
640 5
641 5
645 5
647 4
650 5
655 4
659 4
660 4
663 5
664 5
665 4
666 5
686 5
693 4
698 3
704 5
707 4
710 5
711 5
716 5
741 5
747 5
749 4
753 4
758 5
766 5
771 4
776 4
781 5
796 3
802 3
804 4
815 4
823 5
830 3
833 5
835 3
836 3
838 3
840 3
846 4
848 5
854 4
864 5
867 5
870 4
875 5
881 5
883 5
889 4
890 5
892 5
894 4
896 5
902 3
910 3
911 4
916 5
924 4
928 5
929 4
932 4
934 4
