1 3
6 5
7 5
18 5
31 5
42 4
48 4
51 4
59 3
60 4
85 4
90 5
91 4
125 5
128 5
151 4
167 4
175 4
189 4
194 5
225 5
234 4
254 4
263 4
269 4
271 3
288 5
290 4
299 4
311 5
312 5
313 5
326 4
330 5
339 5
350 5
354 5
370 4
373 4
385 3
387 3
389 4
393 5
406 4
409 4
415 5
416 5
426 4
429 4
435 4
450 5
452 4
454 3
462 4
465 4
469 4
474 4
479 4
484 5
487 5
488 4
496 1
498 3
499 4
514 4
532 5
535 5
536 4
537 4
553 4
560 3
566 4
567 5
608 3
617 3
618 3
642 3
647 5
650 4
653 1
659 5
704 4
712 1
716 5
731 4
738 4
747 5
749 5
766 3
807 5
815 5
823 5
846 3
864 4
868 5
878 4
881 4
890 5
892 4
896 5
897 5
900 2
921 4
929 3
932 5
