1 5
6 5
10 4
13 5
15 4
17 4
18 5
43 4
58 5
59 5
63 4
74 3
75 4
76 5
79 4
89 1
90 5
95 3
108 5
115 5
116 2
119 5
121 5
131 1
132 4
136 5
138 5
144 4
151 5
154 3
156 4
157 5
158 5
160 4
167 5
181 2
184 5
187 5
189 4
198 4
201 4
207 3
214 4
227 5
228 1
234 3
239 5
243 3
249 4
257 4
264 3
269 4
271 4
277 3
279 4
286 4
293 3
295 4
296 4
297 5
299 4
303 4
312 3
315 5
318 4
325 5
329 5
334 2
342 2
343 4
344 5
345 4
347 2
354 3
360 5
363 5
365 3
370 4
374 2
379 5
382 2
383 5
401 3
402 4
416 3
420 4
422 5
429 5
430 3
433 5
437 5
449 5
457 5
458 5
460 5
463 2
468 4
470 3
473 4
474 5
478 4
479 4
486 4
490 3
492 4
498 3
503 5
506 2
514 3
535 4
537 4
538 3
558 4
560 4
566 5
576 3
581 5
590 5
592 5
605 5
607 4
624 4
629 5
634 3
639 3
650 3
654 4
655 4
658 3
664 3
666 4
667 3
668 3
680 4
699 4
707 5
711 5
719 1
723 3
733 5
737 5
748 3
758 5
763 4
765 5
771 4
785 2
789 2
794 5
805 5
825 2
840 5
864 4
874 4
878 3
880 4
883 5
888 4
889 4
894 5
900 3
905 3
910 3
916 5
918 5
919 2
930 2
931 3
936 4
937 3
940 3
