1 1
5 3
6 2
7 3
12 5
13 1
16 5
18 4
20 3
23 3
25 3
28 4
42 4
43 4
44 4
49 3
56 3
59 1
60 3
64 4
70 5
85 4
90 5
91 4
92 3
94 4
95 4
117 1
123 5
125 5
128 5
130 5
151 5
152 5
154 3
174 5
178 4
184 3
188 5
189 5
194 3
195 5
198 3
200 5
207 4
213 5
216 2
223 4
225 2
230 5
233 4
234 3
236 4
254 4
262 3
263 5
267 4
268 2
269 3
276 5
286 4
290 5
291 3
293 4
295 4
297 5
298 5
299 3
301 4
303 4
305 3
307 3
308 4
311 3
312 4
313 3
314 5
318 5
321 3
325 1
327 4
330 5
334 2
338 2
339 5
340 5
342 5
343 4
345 5
346 3
354 4
363 2
373 3
374 2
378 4
379 4
385 3
389 3
393 5
399 5
401 4
405 5
406 1
407 4
416 5
426 3
429 3
436 2
437 5
450 5
452 3
453 2
454 4
456 3
457 5
458 4
465 4
468 5
472 4
474 4
478 5
479 1
484 4
487 3
494 5
495 1
496 3
499 3
500 3
504 4
524 3
527 2
532 4
533 4
536 5
537 1
538 3
541 4
551 4
561 1
562 5
566 3
573 2
577 3
588 5
593 4
601 3
605 1
610 5
618 4
621 2
622 4
632 5
633 4
642 5
643 4
648 4
650 5
653 3
654 5
655 4
659 5
665 4
666 2
679 2
680 4
682 3
693 4
694 4
698 3
705 3
711 5
712 5
715 3
716 5
731 5
734 5
748 3
749 4
751 5
756 5
757 3
758 5
763 3
764 5
778 1
786 4
790 3
795 3
796 5
798 5
804 3
805 3
806 5
807 4
815 5
823 4
835 5
838 5
840 4
843 2
846 5
849 5
862 5
864 4
881 5
882 4
885 4
887 5
892 2
896 4
897 5
907 5
911 5
912 5
913 5
916 3
918 4
921 5
922 4
927 3
930 2
