1 4
5 3
7 5
8 5
10 4
13 4
16 5
20 2
22 5
23 3
38 5
43 4
44 4
51 5
55 5
56 5
57 3
58 4
60 4
62 3
64 3
77 3
87 4
92 4
94 3
95 5
96 4
102 3
103 4
109 4
117 4
119 4
124 4
125 5
130 5
137 5
144 4
158 4
162 3
177 5
178 4
183 3
188 3
194 4
201 4
207 3
213 5
215 4
216 4
217 4
221 4
222 5
230 3
234 3
244 1
249 4
250 4
251 5
263 4
267 5
268 4
275 4
276 5
279 4
280 2
286 3
290 3
291 5
292 5
293 4
295 4
296 4
297 3
298 4
299 4
301 4
303 5
305 2
308 3
312 1
313 4
314 3
323 4
326 5
327 4
328 4
332 5
339 3
342 5
343 4
346 4
347 5
352 5
360 2
363 4
373 3
374 5
378 4
379 5
385 3
387 3
393 3
394 5
398 5
399 3
401 5
406 1
407 3
416 5
417 3
421 5
425 4
429 4
435 4
436 5
437 2
442 4
445 3
447 5
450 5
453 4
454 4
455 3
457 5
458 4
466 5
468 5
478 5
479 4
481 4
483 2
484 4
487 5
488 3
495 4
497 4
498 1
505 3
508 3
514 3
521 3
527 4
535 3
536 4
538 4
543 4
545 3
551 5
559 5
561 3
562 5
566 3
571 2
573 4
586 4
588 3
592 5
593 4
606 4
608 4
618 4
619 5
622 5
625 4
627 2
629 5
632 4
638 5
643 4
648 4
650 3
653 3
654 5
655 3
659 4
660 3
661 5
666 3
670 4
671 4
676 4
682 3
693 4
694 4
698 2
700 4
705 3
709 3
711 2
715 5
716 2
727 4
734 2
738 5
746 5
748 4
749 5
751 4
757 4
758 4
763 3
771 1
778 4
788 4
790 4
795 4
796 5
804 4
805 3
806 5
807 4
815 4
823 5
831 5
833 4
840 3
843 3
844 3
847 4
851 5
854 3
864 5
867 3
880 5
883 4
886 4
889 4
892 5
893 4
896 4
899 3
901 5
902 5
907 5
908 4
913 5
916 3
919 4
924 3
929 3
932 3
933 4
934 4
