1 3
13 3
37 3
44 4
49 1
54 5
59 5
62 3
67 3
69 3
72 5
75 3
81 4
82 3
92 2
99 5
101 4
104 3
109 4
119 4
130 4
138 4
141 4
142 1
144 3
150 4
151 2
152 3
157 5
162 4
174 4
175 3
178 4
181 1
186 4
190 4
193 2
200 5
216 4
217 3
222 4
224 3
226 3
234 3
249 5
251 3
255 4
256 4
259 4
262 3
267 3
268 4
276 4
277 4
279 4
286 5
289 3
291 4
293 2
294 4
297 3
303 4
308 3
313 4
314 4
320 4
327 2
329 3
332 4
343 4
346 4
347 4
348 5
357 5
374 3
387 2
388 4
393 5
399 5
401 2
403 5
407 4
413 2
416 5
417 4
425 3
429 2
434 3
439 4
445 2
447 4
454 3
455 4
457 5
458 2
459 3
463 3
479 3
486 2
495 5
496 3
500 3
501 3
506 3
507 5
518 4
521 4
525 3
526 4
532 4
533 1
534 5
537 2
540 3
543 4
548 5
551 4
552 3
555 4
577 4
580 3
592 4
606 5
609 1
612 4
614 5
620 3
621 3
624 4
629 5
633 4
634 2
637 1
642 4
643 3
647 4
649 4
654 3
663 3
665 4
666 3
671 1
678 4
682 1
684 2
699 2
703 3
708 4
717 4
722 3
727 3
728 4
733 1
735 1
738 3
756 4
758 4
761 4
792 4
796 5
805 5
817 3
819 5
825 5
851 4
854 3
862 5
871 5
880 4
882 4
883 2
886 5
889 3
893 3
894 3
896 2
899 2
903 3
907 5
908 2
916 1
919 4
921 3
940 4
941 4
