1 5
13 5
17 5
26 3
58 4
63 4
69 5
70 3
74 3
76 5
79 3
81 3
85 3
89 5
90 3
104 5
117 4
125 1
130 5
138 3
139 4
145 5
150 3
157 5
160 4
176 4
177 4
181 1
182 3
189 4
201 4
203 5
207 3
216 5
221 5
222 3
226 4
227 3
232 3
239 5
264 5
274 5
276 4
279 3
285 5
292 4
293 3
296 1
299 5
301 4
303 5
306 5
314 4
322 4
323 4
324 4
327 4
334 4
339 4
342 3
343 4
345 5
357 4
361 2
363 5
365 5
373 4
374 4
381 4
382 2
406 4
412 4
416 5
429 5
432 5
442 4
445 2
447 4
456 4
463 2
467 4
468 5
470 5
472 3
473 5
474 5
478 4
484 4
486 3
487 5
490 5
493 5
496 2
498 3
501 5
508 5
514 3
524 2
526 2
533 3
534 3
537 3
540 3
542 2
551 3
555 4
557 3
590 5
592 5
606 4
608 3
618 2
624 4
632 2
634 3
635 3
637 1
640 4
643 5
655 3
663 5
669 3
677 3
680 5
682 4
689 4
697 5
708 4
715 4
717 4
723 3
733 2
758 5
774 1
778 3
789 5
793 4
794 4
795 3
805 5
806 4
823 4
831 3
833 3
834 5
854 3
867 5
868 5
874 4
880 4
886 4
889 5
892 5
905 4
916 4
917 5
940 3
