1 3
5 5
6 4
7 5
10 4
13 4
18 4
19 4
22 5
23 4
24 4
28 3
31 4
38 5
41 4
43 5
44 4
56 4
58 5
60 3
62 4
64 3
71 4
73 3
77 5
85 3
87 5
90 5
92 4
94 5
95 5
96 4
97 5
102 2
114 3
125 2
144 5
151 3
152 4
160 3
177 4
178 4
180 1
184 3
188 5
193 4
194 3
196 5
198 4
207 5
210 5
216 4
218 4
222 4
230 5
234 3
235 4
236 2
237 3
244 4
248 3
250 2
253 3
262 3
263 3
264 5
267 5
268 5
269 3
276 4
279 5
280 5
286 5
290 3
291 4
292 4
293 4
295 5
296 4
297 5
298 3
299 3
301 3
303 5
305 3
307 5
308 5
312 2
313 3
321 4
326 4
327 4
328 2
330 5
333 4
334 4
336 5
339 4
342 4
343 5
346 3
350 3
354 3
363 3
370 2
373 5
374 5
378 4
379 4
385 4
387 4
389 3
393 3
398 4
399 2
401 2
406 3
407 4
409 4
416 4
417 5
429 4
435 3
437 5
442 3
447 4
450 5
452 4
454 3
468 5
469 4
478 3
479 4
481 5
484 5
488 2
492 4
495 5
497 4
499 4
503 2
504 3
508 3
514 4
521 4
523 4
527 5
532 4
535 4
536 4
538 4
539 5
543 3
551 3
553 5
559 3
561 3
562 4
563 4
566 2
579 4
586 2
593 5
601 4
605 4
606 3
610 5
615 4
622 4
623 3
629 5
630 3
638 3
639 3
642 3
643 4
648 4
650 4
653 2
654 4
655 2
659 4
660 4
664 4
666 4
679 2
682 3
690 5
694 4
698 2
707 3
716 4
721 4
727 4
731 3
738 4
747 4
748 4
749 4
751 4
757 3
758 5
763 4
773 5
777 1
788 3
790 3
795 3
796 5
804 4
805 4
806 4
815 4
823 4
829 4
833 3
838 4
840 3
843 3
847 4
848 5
850 4
851 3
854 4
860 4
864 5
868 2
878 5
883 5
885 2
886 3
888 4
889 5
890 3
892 5
896 4
899 5
911 5
916 3
918 1
922 4
924 4
930 2
932 4
933 3
934 5
940 2
