1 2
10 4
13 2
16 3
23 3
38 5
43 4
44 3
62 1
90 5
92 2
94 2
145 2
152 5
174 4
178 4
184 3
193 4
194 3
222 4
223 5
244 3
246 1
267 3
270 5
280 5
286 4
291 3
293 2
295 4
301 1
303 3
313 2
314 5
328 4
334 2
343 1
354 2
361 3
363 2
373 4
378 4
389 2
399 2
416 5
429 2
435 3
437 3
450 4
457 4
495 3
496 1
497 3
504 3
523 4
532 4
539 4
545 3
551 4
561 2
566 2
586 3
588 5
593 5
639 3
642 3
643 2
650 2
655 4
659 3
707 3
709 2
711 4
715 4
727 3
749 2
756 4
757 2
758 1
790 3
796 5
798 3
804 3
805 1
806 3
823 3
868 2
877 2
878 3
889 3
892 2
901 5
904 4
914 5
916 2
922 2
927 4
932 3
