1 3
12 4
44 3
49 2
62 3
92 4
94 3
109 4
128 4
130 4
145 4
183 4
186 5
188 3
193 4
194 3
215 3
222 3
246 3
250 4
267 4
268 2
270 4
276 3
280 4
291 4
293 3
295 4
301 3
303 3
320 4
328 3
332 5
339 3
343 2
346 4
347 4
363 1
372 5
374 4
378 3
381 3
389 2
398 3
407 3
416 1
417 4
429 3
435 5
436 4
442 4
455 3
468 3
500 2
521 3
551 4
561 1
586 4
588 1
593 4
618 3
622 3
632 3
633 4
643 3
650 3
655 3
659 4
660 1
664 3
671 5
682 3
690 3
693 4
715 3
716 4
727 2
749 4
756 4
758 3
763 3
788 3
790 3
796 3
804 4
815 3
823 3
833 2
843 2
851 3
860 3
864 4
868 2
877 4
886 2
889 3
892 4
896 2
916 3
922 3
933 3
