1 4
7 3
10 4
12 5
13 5
16 5
22 4
23 2
30 4
37 5
38 5
42 4
43 4
44 4
49 1
56 4
59 3
60 4
64 3
70 3
72 5
83 4
85 4
87 5
91 3
92 2
94 3
95 3
102 2
106 3
109 3
110 5
128 5
130 4
152 5
158 2
160 3
177 3
178 5
184 2
188 3
193 3
194 4
197 4
198 3
200 4
207 4
210 5
221 3
222 4
230 5
234 3
244 4
246 3
249 3
256 5
267 4
268 3
269 1
271 2
276 3
280 4
286 2
290 4
293 2
295 4
301 3
303 5
307 3
308 3
311 4
313 4
314 5
318 3
320 4
326 3
327 3
328 4
330 4
334 3
339 3
345 3
346 3
363 4
373 4
374 5
378 4
379 2
380 2
387 1
389 2
393 4
394 4
399 3
401 2
405 1
407 2
411 2
416 4
417 3
425 3
429 3
435 3
436 4
437 2
442 3
450 5
452 5
454 4
455 4
456 3
457 4
466 2
468 3
469 3
472 5
474 4
478 3
479 3
484 4
487 5
495 4
497 5
500 2
504 4
505 3
506 4
521 2
524 4
532 5
533 4
543 4
545 4
551 5
562 3
566 4
577 5
584 4
586 5
588 4
593 5
600 4
606 4
618 4
619 4
621 3
622 3
627 2
632 3
638 4
640 4
643 3
648 3
650 3
653 4
655 2
659 3
660 1
661 4
670 2
671 5
682 3
684 3
693 3
694 4
705 5
709 5
711 4
715 5
716 3
721 5
727 4
738 4
746 3
749 3
751 2
756 3
757 3
766 3
774 2
778 3
786 4
790 4
796 5
798 3
804 4
805 1
806 3
807 4
821 4
823 3
826 3
830 4
833 1
843 2
844 3
846 4
847 2
851 3
864 4
868 2
871 5
880 2
881 3
885 4
886 5
889 4
893 5
896 3
897 5
899 4
901 5
916 3
918 1
922 3
932 3
933 2
934 4
940 3
943 4
