1 4
5 1
7 5
10 4
18 4
23 3
38 5
60 4
62 4
64 3
85 2
90 5
106 5
109 2
151 5
152 5
161 2
174 5
188 4
189 3
194 3
222 2
224 4
230 4
234 3
239 5
243 4
244 4
254 3
263 5
269 3
275 3
280 3
290 3
293 3
295 4
301 3
308 4
313 3
316 3
318 5
328 4
354 3
373 3
374 2
378 4
398 5
401 5
407 4
409 4
417 3
429 4
435 1
437 4
450 5
452 3
454 3
457 5
488 3
495 3
504 4
535 3
538 3
551 5
561 3
568 2
573 4
588 5
593 5
608 3
610 5
622 3
627 3
629 5
639 3
643 3
650 3
655 3
659 3
664 4
666 4
693 3
707 5
711 5
716 4
719 4
721 2
734 3
747 5
749 3
760 3
763 4
788 3
798 3
804 2
805 2
806 3
835 5
843 2
848 2
850 3
868 3
890 4
892 4
932 4
934 3
