1 5
6 4
10 4
12 4
13 5
18 5
23 4
41 4
48 4
59 4
62 3
72 3
82 4
85 4
90 5
94 5
95 5
96 5
144 4
151 5
184 5
189 4
204 5
207 4
213 5
232 5
234 5
235 4
236 5
269 2
271 5
279 3
299 5
303 5
305 4
308 3
311 5
312 5
316 4
321 4
326 2
334 3
338 5
339 5
345 5
354 4
360 5
361 5
370 4
373 5
380 4
392 5
405 1
406 3
409 4
429 5
437 5
449 4
450 5
452 4
455 3
456 5
468 4
474 4
493 3
500 5
514 3
524 4
527 3
535 4
537 3
539 5
543 4
553 4
556 4
561 4
565 5
566 5
567 3
585 5
592 5
615 4
617 1
639 4
640 5
655 3
659 3
661 4
686 5
691 5
704 3
707 5
711 5
731 5
758 5
765 5
767 5
773 5
806 5
823 4
828 3
829 4
836 5
840 4
843 1
848 5
854 4
855 2
861 5
870 5
877 5
878 4
883 3
889 4
894 4
909 5
916 4
918 4
932 4
934 4
940 4
