1 5
5 5
7 4
8 5
12 4
13 5
14 5
16 5
18 3
20 3
22 4
23 4
30 4
37 4
42 5
43 4
44 4
48 5
49 1
51 5
56 5
58 5
59 5
60 4
62 5
64 4
69 5
70 5
72 1
76 5
77 3
85 4
87 5
91 4
92 4
94 4
95 4
97 4
99 5
102 3
109 5
114 5
115 4
117 5
118 5
119 4
121 5
124 3
125 5
128 3
130 5
137 5
144 4
145 5
148 5
151 5
153 1
154 4
158 4
169 5
175 5
177 5
178 4
182 5
184 4
189 5
194 3
197 5
198 4
200 5
201 5
202 3
204 3
210 5
213 5
214 3
215 4
216 4
217 1
221 5
222 5
225 5
230 4
232 4
234 3
236 3
239 4
244 4
246 5
248 4
249 3
251 5
254 5
256 3
259 4
262 2
267 5
268 5
269 3
271 5
272 4
276 5
279 2
280 3
286 4
290 5
291 5
293 5
295 4
296 5
298 4
301 5
303 5
305 4
307 5
308 4
311 5
312 4
313 4
316 1
320 4
323 5
325 4
326 4
327 4
328 4
330 5
332 5
334 3
340 4
344 4
345 4
346 5
347 5
350 5
352 5
360 4
363 5
369 5
370 4
373 5
374 3
378 4
379 4
380 3
385 2
387 4
389 5
392 5
393 5
394 4
395 5
397 5
398 5
399 3
401 3
405 5
406 5
407 4
409 5
411 5
412 5
416 5
417 3
421 5
424 3
425 5
429 5
435 5
436 3
437 4
442 5
450 4
452 4
453 5
454 2
455 4
456 5
457 5
459 5
465 3
466 4
468 4
471 4
472 5
474 5
479 4
480 3
484 5
487 4
488 3
492 3
493 5
495 5
496 5
497 5
498 3
500 2
503 5
505 3
506 5
508 5
514 4
521 3
524 3
527 5
530 4
533 4
535 3
536 5
537 3
538 4
541 5
542 4
545 5
551 2
554 5
556 5
561 2
563 5
566 3
577 4
584 4
586 4
588 5
591 3
592 5
593 4
600 4
601 4
603 5
606 5
608 1
610 4
618 5
620 4
621 5
622 5
625 4
627 3
629 5
630 3
632 5
633 3
638 4
642 5
643 5
645 4
648 5
650 4
653 3
654 4
655 4
659 3
660 4
661 5
664 5
665 4
666 3
669 3
671 5
676 5
679 5
682 5
684 5
686 4
693 3
694 5
698 5
704 2
705 3
707 2
709 5
710 4
711 5
712 5
715 4
716 4
721 5
723 4
727 5
734 4
738 4
739 4
741 5
746 5
747 5
748 4
749 5
751 5
753 3
757 4
758 4
760 3
766 3
767 5
771 4
773 5
774 3
780 5
781 5
786 5
788 3
790 4
795 3
796 4
798 4
804 4
805 4
806 3
807 5
815 5
823 5
826 5
830 5
833 2
838 5
840 3
843 3
844 4
846 4
847 4
848 5
849 5
850 5
851 5
862 5
864 5
867 5
868 5
870 4
871 5
875 4
878 4
880 5
881 4
882 5
883 4
885 3
886 5
887 5
889 4
890 5
892 5
893 5
896 5
897 4
899 4
901 5
902 4
907 4
908 3
911 4
912 3
913 5
916 5
921 4
922 5
924 4
928 5
929 4
932 5
933 2
934 5
940 4
942 5
943 4
