1 5
5 4
6 5
7 5
11 5
13 2
14 4
22 5
23 5
24 5
25 4
28 3
41 4
42 5
43 5
44 5
49 3
51 5
56 4
57 5
58 5
59 5
60 4
62 5
64 5
65 3
70 4
73 5
77 5
85 3
89 5
92 3
94 4
95 5
96 3
97 3
98 1
99 4
102 3
109 5
110 1
117 5
124 2
125 5
128 5
130 3
135 4
144 5
145 5
148 5
151 5
152 5
158 5
177 4
178 5
180 5
187 5
188 5
189 5
194 5
196 2
198 4
200 5
201 3
202 2
207 3
210 4
213 5
214 4
218 3
221 4
222 5
223 5
232 4
234 3
243 3
244 4
246 5
249 5
253 5
259 4
264 5
268 4
269 1
270 5
271 4
275 3
276 5
278 5
279 5
280 3
283 5
286 4
288 3
291 5
292 5
293 5
295 5
297 4
299 5
301 4
303 5
305 3
307 5
311 5
312 3
314 1
315 4
316 1
320 5
321 4
326 5
327 4
332 5
334 4
336 5
339 5
340 5
344 5
345 5
346 3
347 2
350 4
352 1
354 3
361 5
363 5
370 3
373 5
374 3
377 5
378 5
379 5
385 4
387 4
389 3
391 4
392 4
393 5
394 5
398 4
399 3
401 3
405 5
406 2
407 5
409 3
412 5
416 5
417 5
419 5
420 3
421 1
429 4
433 4
435 5
437 4
450 5
452 4
454 2
455 4
457 5
466 3
468 5
469 4
472 5
474 5
476 5
479 5
481 4
483 4
484 5
487 4
488 4
493 4
495 5
496 5
497 5
499 5
503 5
505 3
506 4
508 4
514 5
521 4
522 4
524 4
528 5
535 5
537 4
538 3
541 5
542 4
545 5
554 3
556 3
561 4
562 5
566 3
567 4
575 5
577 5
579 5
586 3
588 5
592 5
593 5
601 5
603 4
606 5
618 3
620 5
621 4
622 5
625 3
628 3
629 5
632 5
639 1
640 5
642 5
643 4
645 4
647 5
648 5
650 5
654 5
659 4
660 5
661 4
663 3
664 4
666 4
676 5
679 5
682 4
684 3
686 5
698 5
700 5
704 4
705 2
707 2
709 4
710 3
711 3
712 5
715 5
716 4
721 5
727 5
734 3
737 4
738 5
741 2
747 3
748 4
749 5
751 4
753 5
756 3
757 4
758 5
762 5
763 4
764 3
766 4
768 5
771 4
786 4
790 3
795 4
796 5
798 5
799 5
804 4
805 4
807 3
815 5
823 5
830 4
831 3
838 5
840 5
843 2
844 5
846 4
847 5
848 5
850 5
854 4
862 5
864 5
868 4
871 5
875 5
877 4
880 3
882 5
883 4
885 4
886 5
889 5
890 4
892 5
896 5
897 3
899 3
904 3
907 4
908 3
911 5
912 4
913 5
916 4
921 5
922 5
924 5
928 4
932 3
933 3
934 3
940 4
943 5
