1 5
5 3
7 3
8 5
10 4
11 3
13 3
14 1
20 2
22 5
23 3
24 5
25 4
28 5
37 4
42 3
44 5
56 5
58 4
59 5
60 4
62 5
64 4
70 4
72 2
77 4
91 5
92 5
94 4
95 3
96 4
102 3
109 5
114 5
115 5
117 5
118 5
125 5
130 5
135 4
142 5
144 4
145 5
151 2
158 4
165 4
175 3
177 4
178 4
183 3
184 4
188 4
189 4
197 5
198 4
200 5
201 4
210 4
213 4
215 5
217 4
218 5
222 4
226 4
230 4
234 3
236 2
237 3
246 4
248 5
249 4
254 3
259 4
263 5
267 5
268 5
269 2
270 4
271 3
275 4
276 5
279 3
280 3
286 4
288 4
290 4
292 5
293 4
297 4
299 4
301 4
303 5
305 4
308 4
311 4
312 4
313 4
315 4
320 4
325 3
326 2
327 4
328 5
334 3
339 4
343 5
344 5
346 4
347 3
350 4
352 5
361 4
363 4
367 5
370 4
371 4
372 3
374 4
375 4
378 4
379 5
380 3
381 4
385 2
387 3
389 4
391 3
394 5
398 4
399 3
405 1
406 5
407 4
416 4
417 5
421 5
425 3
429 3
435 5
437 2
442 5
447 4
450 4
455 3
457 5
464 4
466 4
472 5
474 5
479 4
484 4
487 5
488 4
493 5
495 5
497 4
498 2
499 4
503 5
504 3
505 4
506 5
508 4
514 4
521 4
527 2
530 3
533 1
536 3
537 2
538 4
543 4
545 4
548 4
551 4
557 4
561 4
567 5
573 3
575 4
577 5
586 3
592 5
600 5
601 2
603 2
605 4
606 5
610 4
613 5
618 4
619 5
621 3
622 4
625 4
627 5
632 3
633 3
638 3
643 5
648 4
650 4
653 3
655 2
659 4
660 3
663 5
664 4
666 4
671 2
682 4
686 3
693 2
694 5
698 4
709 4
715 5
716 3
727 4
738 5
739 1
746 5
747 4
748 5
749 4
756 4
757 5
758 5
763 4
764 4
766 2
767 3
773 4
774 4
786 4
788 5
790 3
796 5
802 5
804 4
805 4
806 5
815 4
823 4
825 5
826 5
830 3
833 2
835 4
840 3
843 4
844 3
846 4
847 3
848 4
851 4
854 3
862 5
864 5
867 3
868 4
875 4
877 5
880 5
881 4
882 4
883 4
886 4
887 5
890 4
892 5
896 5
897 5
899 4
902 5
911 4
913 5
916 4
922 3
928 3
930 3
932 5
933 3
940 4
