1 3
6 4
7 5
10 5
11 2
13 5
16 5
18 4
24 5
29 4
41 5
59 4
60 4
62 4
72 4
73 4
85 4
87 4
90 4
92 5
94 5
95 3
109 3
114 3
116 5
118 5
121 3
122 5
128 5
144 4
156 5
178 3
188 5
189 5
194 3
198 3
201 3
207 3
210 4
212 1
213 5
214 5
215 3
222 3
226 4
233 5
234 3
237 4
239 5
244 4
248 3
259 5
263 4
267 5
268 3
269 3
271 5
276 5
279 2
280 4
288 5
290 1
292 5
293 5
296 5
301 3
305 4
308 5
311 4
312 4
313 5
315 4
316 4
321 4
323 5
325 4
326 1
327 4
328 4
331 5
333 1
338 4
339 5
340 3
343 5
346 5
347 5
354 3
363 3
371 4
373 3
378 3
380 2
382 5
383 5
385 4
387 4
391 5
392 5
399 3
405 3
406 5
407 4
409 5
415 5
417 5
425 4
429 5
437 4
447 5
450 4
452 4
456 4
457 5
458 4
465 3
468 5
474 5
479 4
483 2
488 2
493 4
498 4
504 4
508 5
514 3
522 5
524 4
527 5
533 3
535 4
536 4
537 4
542 3
543 4
551 5
557 5
559 4
561 4
573 4
592 5
603 4
605 4
606 4
607 4
615 4
621 4
627 5
640 5
645 4
648 1
650 3
653 5
659 5
661 5
663 4
664 4
666 4
682 3
686 5
693 3
694 4
700 3
704 4
710 4
711 4
716 3
727 3
737 4
738 5
741 4
747 5
748 4
749 4
753 2
766 4
767 5
774 5
777 5
778 4
781 4
786 4
788 4
796 2
804 4
805 3
806 4
821 5
823 4
833 5
835 5
836 5
840 5
843 3
846 5
847 2
848 2
851 5
854 4
862 5
867 5
868 4
870 3
875 5
880 5
881 5
882 4
886 5
887 4
888 4
889 4
892 5
896 5
897 5
899 3
901 2
903 5
913 3
916 5
932 4
933 5
