1 5
5 4
6 4
7 4
8 5
10 5
13 4
16 5
23 3
25 4
37 4
42 4
44 4
48 5
56 5
59 5
60 5
62 4
64 5
70 4
73 4
77 5
82 3
87 4
91 5
92 4
94 5
95 5
96 4
97 5
102 4
109 5
114 5
115 5
130 5
135 4
137 5
144 4
145 5
151 3
158 3
172 5
175 4
177 4
178 4
184 4
194 3
197 5
198 5
200 5
201 4
207 2
215 5
217 3
218 5
222 4
230 3
234 4
236 2
237 5
239 5
244 4
248 5
249 4
250 4
251 5
253 5
254 4
263 4
264 5
267 4
268 4
269 3
270 5
272 4
275 3
276 5
280 3
285 4
286 4
290 4
292 5
293 4
295 1
297 4
298 3
301 3
303 5
305 4
307 3
308 4
311 5
312 5
313 5
315 3
316 1
320 4
325 3
326 5
327 3
328 5
334 4
339 4
344 5
346 4
347 3
350 3
352 5
361 4
363 4
367 5
368 5
370 4
371 5
372 5
374 4
375 5
378 4
379 4
380 4
382 3
385 3
387 4
394 4
397 4
398 4
405 1
406 5
407 4
416 5
417 4
421 5
425 3
429 4
435 5
437 3
445 2
447 5
450 4
452 4
455 4
457 5
458 4
466 3
472 5
474 5
479 5
480 4
484 4
487 5
488 4
493 5
494 5
495 5
496 2
497 4
498 4
499 4
500 4
503 5
504 3
505 3
506 5
508 5
512 5
514 3
521 3
527 5
530 4
536 3
537 3
538 4
543 4
545 4
548 5
551 4
560 5
561 5
567 4
573 3
577 5
579 4
586 4
592 5
593 4
600 5
601 4
603 4
604 3
606 5
610 4
617 4
618 4
619 5
621 4
622 4
623 3
625 3
627 5
632 4
633 4
638 4
643 5
645 4
648 5
650 4
653 3
655 4
659 4
660 2
661 4
663 4
664 3
665 4
666 5
669 3
682 3
693 2
694 5
698 3
705 2
709 5
715 3
716 2
727 3
731 1
738 5
745 3
746 4
747 5
748 4
749 5
753 1
756 4
757 4
758 5
760 2
766 4
767 4
773 4
774 4
780 2
785 5
786 4
788 5
790 4
796 5
802 5
804 4
805 5
815 5
823 4
826 5
830 4
833 5
835 4
840 5
843 5
846 4
847 4
848 3
862 5
864 4
867 3
868 5
871 3
875 5
881 4
882 4
883 5
886 5
887 1
889 3
890 3
892 5
896 4
897 5
900 3
903 4
908 4
910 4
911 4
913 4
916 4
919 3
922 3
932 4
933 4
934 2
940 3
942 3
