1 4
13 1
21 4
22 5
28 4
51 3
56 4
59 4
64 4
92 3
94 2
102 2
110 1
117 3
118 5
130 4
158 3
167 1
178 5
197 1
198 3
201 3
216 4
221 4
246 4
250 1
264 5
268 4
276 4
279 5
286 3
291 4
301 4
303 5
305 3
308 4
320 5
327 3
346 1
363 3
366 4
367 5
368 5
373 4
374 2
387 3
388 4
393 4
394 3
405 1
406 2
407 4
416 4
417 4
422 4
425 4
429 4
435 5
442 2
453 4
466 4
495 5
497 3
521 4
524 1
537 3
551 1
561 3
586 2
588 4
592 5
600 3
601 3
604 3
606 5
617 1
621 3
622 5
627 4
632 5
640 5
645 3
648 5
660 3
671 3
679 4
682 4
727 3
746 4
749 2
758 5
773 2
776 4
790 3
795 4
796 1
802 4
804 5
814 3
823 3
826 3
833 3
844 3
846 5
862 2
864 4
868 3
880 4
886 4
892 4
896 3
897 4
913 3
922 3
933 1
943 5
