1 4
5 3
6 5
7 5
10 5
11 4
13 3
18 3
21 5
23 4
28 5
38 2
42 4
44 4
48 4
49 5
58 2
59 5
60 4
64 4
65 4
70 4
82 3
90 5
94 5
95 3
96 5
102 3
115 5
116 3
118 5
123 4
130 5
135 4
138 4
145 4
148 1
151 4
154 5
160 5
184 4
188 4
189 5
194 4
198 3
201 5
207 4
210 4
213 5
214 5
215 4
217 3
222 4
223 2
230 4
234 3
235 4
236 5
237 4
239 4
246 5
248 3
251 5
255 4
256 5
259 4
262 3
264 5
268 3
269 5
270 5
271 3
276 4
285 3
293 5
297 5
298 3
299 3
303 5
307 3
308 4
311 2
312 5
313 5
315 4
316 2
320 4
322 5
325 5
326 5
328 4
329 3
330 4
334 4
339 4
350 5
354 3
361 5
363 5
366 5
367 5
371 3
372 5
374 5
375 5
379 5
380 4
383 5
385 5
389 5
398 5
401 4
405 4
406 5
407 5
415 4
416 4
417 3
421 4
422 4
425 2
426 5
429 4
435 4
437 5
450 5
452 5
454 2
456 4
457 5
472 5
474 5
479 4
480 2
488 4
492 3
495 5
497 3
498 4
503 5
504 5
508 5
514 3
524 4
527 5
528 4
535 4
537 4
539 4
543 4
546 4
548 5
551 5
561 4
562 5
567 5
568 4
573 3
586 2
592 5
601 4
604 2
606 3
608 5
610 5
617 5
618 5
622 3
623 4
638 5
643 5
645 5
648 5
650 3
653 2
655 4
659 4
661 5
665 4
666 4
682 4
686 5
691 5
693 5
694 4
699 4
704 4
707 3
710 4
711 4
716 5
719 4
747 5
749 4
753 3
758 4
760 2
766 4
773 4
774 2
776 4
788 4
796 4
802 3
804 4
805 5
814 3
815 3
833 5
835 4
836 5
840 5
843 3
846 5
847 2
848 3
854 4
862 5
870 4
875 4
877 4
880 5
881 5
882 5
883 5
889 4
890 5
897 5
903 5
907 4
908 4
911 5
912 3
913 4
921 3
925 4
929 5
932 4
943 2
