1 4
5 5
6 4
7 4
10 4
13 4
14 4
18 4
20 3
22 5
25 4
43 3
56 3
59 5
60 4
64 4
70 4
81 5
83 4
85 3
87 5
92 4
94 4
95 5
97 3
102 4
109 3
114 3
125 3
128 5
142 4
151 4
158 3
161 4
175 4
177 4
180 4
187 4
189 2
194 5
195 3
198 5
201 3
207 4
208 4
210 4
215 4
218 3
221 4
222 5
230 4
232 4
234 3
239 1
244 3
248 5
249 4
254 3
263 4
264 5
267 5
268 3
269 2
271 4
275 3
276 5
279 5
283 5
286 5
293 2
295 5
296 3
298 4
299 3
301 4
303 4
305 4
307 5
308 4
311 3
312 3
313 3
315 4
318 5
321 4
323 4
325 4
326 4
327 2
328 4
329 3
333 4
334 3
336 4
339 4
340 4
343 4
346 3
347 5
354 4
361 3
363 3
371 5
373 5
374 5
378 3
379 5
380 3
385 1
387 2
389 2
391 5
393 3
394 5
395 5
397 5
398 4
399 4
405 5
406 3
407 4
409 5
411 5
412 5
417 5
429 4
435 4
436 3
437 3
442 4
450 3
452 1
453 4
456 4
457 5
459 4
472 5
474 4
476 5
484 4
488 4
492 3
493 5
495 5
496 4
497 4
498 4
503 5
504 3
506 4
508 3
512 5
514 4
521 4
523 3
524 3
532 4
533 3
535 4
537 4
542 4
543 3
551 5
553 3
561 3
566 3
577 4
579 3
586 2
588 4
601 4
606 5
618 4
623 3
632 5
638 5
640 5
642 5
643 4
645 4
648 5
650 4
653 5
655 3
659 3
660 3
664 5
665 4
666 2
667 4
670 4
682 4
684 4
690 4
693 2
707 3
711 3
716 3
727 5
737 5
738 4
741 5
746 4
748 5
749 4
758 5
766 3
774 3
778 4
780 4
786 4
788 3
790 3
795 3
796 3
804 4
806 4
807 4
823 4
833 1
835 4
840 4
843 2
846 5
848 5
854 3
862 3
864 4
867 5
868 2
870 4
880 4
881 3
882 5
885 4
886 4
889 5
890 2
892 3
896 4
897 5
899 4
900 2
903 5
911 5
912 3
913 3
916 3
933 4
934 2
943 5
