1 5
6 4
7 5
10 5
11 4
12 5
13 3
14 4
16 5
18 4
23 3
24 5
41 4
43 5
44 4
48 5
52 5
56 4
58 5
59 4
62 5
64 4
65 4
70 3
72 5
77 3
82 4
83 4
85 4
90 5
92 4
94 5
95 5
97 5
106 5
109 4
114 3
116 4
122 5
125 5
128 4
144 4
148 1
151 3
152 5
154 4
161 2
180 4
182 4
184 4
187 5
188 3
189 5
194 4
198 4
200 5
201 4
202 2
204 4
207 4
212 3
214 4
215 4
222 2
224 4
226 4
232 4
233 4
234 4
235 4
236 4
237 4
243 5
244 5
249 4
250 5
262 4
268 4
269 5
271 5
275 4
279 3
285 4
286 4
290 3
295 5
296 5
297 3
299 4
301 3
303 5
305 3
308 4
311 4
312 5
313 5
316 5
318 5
321 3
325 3
327 4
334 4
339 5
342 5
343 5
344 5
345 5
354 4
360 4
373 4
378 5
379 5
381 5
385 2
387 4
389 5
391 3
392 5
393 3
398 4
401 4
405 4
406 5
407 5
409 5
416 5
417 5
419 4
425 3
426 4
429 5
435 4
437 4
450 5
452 5
454 4
455 5
456 3
457 5
458 5
465 4
468 4
472 5
474 5
480 4
481 5
487 4
488 3
493 4
494 4
495 3
496 5
498 4
499 5
505 3
506 4
508 5
512 4
514 5
516 4
521 4
524 4
527 5
530 5
532 5
533 4
536 4
537 4
538 5
542 5
543 4
553 4
554 5
559 5
561 3
562 5
566 4
567 3
568 4
571 4
577 4
591 5
592 5
601 4
605 5
606 5
615 5
618 4
625 3
627 4
629 3
630 3
632 5
639 3
642 4
645 5
648 5
650 4
653 5
655 4
659 5
660 4
661 4
664 3
665 3
666 4
669 3
670 4
682 3
686 5
693 2
694 5
698 2
699 3
704 3
705 1
707 5
711 5
712 3
716 5
721 3
723 3
727 4
734 4
738 4
749 4
758 5
763 4
764 3
766 4
773 4
776 5
781 4
786 4
790 3
795 4
796 4
798 4
799 3
804 4
805 4
815 5
823 5
833 4
835 4
838 5
840 4
843 3
846 5
847 4
848 5
854 4
864 4
867 5
868 3
870 3
874 4
878 4
880 5
881 5
882 5
886 5
888 5
889 4
892 5
896 4
902 5
903 5
911 5
913 5
919 5
922 3
928 5
932 4
934 5
940 4
