1 4
6 4
7 5
10 4
13 5
16 5
18 3
53 5
57 5
58 4
59 4
60 5
62 4
64 4
77 5
80 2
82 4
85 5
87 5
90 5
92 3
95 5
116 4
119 5
151 3
169 4
178 4
185 4
188 4
189 5
193 5
194 4
211 5
212 5
213 5
230 3
234 5
236 4
237 4
254 4
263 5
271 4
275 4
288 4
290 3
292 5
293 5
296 5
298 4
301 4
305 4
308 4
311 4
312 5
313 4
316 3
321 4
323 4
325 5
326 5
328 4
329 4
339 5
340 5
343 5
354 4
360 5
370 4
379 4
380 3
385 3
387 4
389 5
392 5
397 5
398 4
401 3
405 1
406 5
409 4
416 5
426 5
429 5
435 5
450 5
452 5
454 3
458 4
465 3
469 4
474 5
479 5
481 5
483 3
488 4
492 3
494 4
503 4
504 4
505 4
506 4
514 3
516 3
524 4
536 3
537 4
538 5
543 4
545 4
553 4
559 5
561 4
567 4
568 3
594 4
608 1
615 5
622 5
627 5
629 5
639 3
648 4
650 4
653 4
659 4
661 5
666 5
670 4
693 3
694 5
698 2
707 2
716 4
721 4
727 4
738 4
747 4
748 4
749 5
753 5
758 4
774 4
780 5
786 4
788 5
796 3
804 5
807 5
815 4
840 4
843 3
846 5
848 5
862 5
868 5
881 5
882 5
883 4
889 5
896 3
897 4
911 3
918 3
932 5
934 4
