1 3
5 2
6 3
7 5
10 5
12 1
13 3
16 5
18 3
21 5
24 5
28 2
38 5
44 4
49 3
56 4
58 3
59 5
60 4
76 5
92 3
94 4
95 2
96 5
102 3
109 2
114 3
118 5
130 5
145 4
151 3
154 5
177 4
178 3
198 4
201 5
210 5
213 5
216 5
222 3
234 5
236 3
244 5
250 5
253 4
254 3
255 3
259 4
262 3
264 5
268 4
269 4
270 5
271 5
272 5
274 4
276 5
280 5
287 4
288 4
291 4
293 4
297 3
298 3
303 4
305 3
307 3
308 5
311 4
313 3
325 2
326 2
327 4
328 4
330 5
334 4
339 5
343 2
345 4
347 4
363 3
366 5
367 4
372 5
374 5
377 5
378 3
379 4
380 4
383 5
385 3
387 5
388 5
391 5
392 3
405 2
407 4
409 2
416 5
417 4
421 3
422 5
425 4
426 2
429 3
435 5
436 3
437 4
447 3
450 3
455 5
456 4
457 5
468 4
472 4
474 3
479 5
488 2
495 5
497 3
504 4
506 4
508 4
514 2
522 4
527 3
537 3
543 4
546 5
551 4
561 4
577 3
583 5
586 4
593 5
604 1
606 5
617 5
618 5
621 4
625 3
629 4
643 3
645 5
648 2
650 4
653 4
655 4
661 3
665 4
666 5
694 4
707 2
709 4
710 4
711 4
716 4
738 3
748 3
749 4
758 5
763 4
764 4
773 4
774 2
776 4
778 5
786 5
788 4
795 3
796 5
802 4
804 3
805 5
806 4
814 4
815 5
833 4
835 4
843 3
846 4
847 3
848 2
854 5
862 5
864 4
868 3
880 4
881 2
886 3
887 1
890 4
896 4
897 5
899 4
900 2
908 2
913 5
919 4
922 3
924 4
925 2
933 4
940 3
942 4
943 4
