1 3
7 2
9 5
13 1
19 3
21 5
22 4
28 3
44 2
56 4
59 4
77 4
87 2
92 3
94 4
99 3
102 2
118 5
125 3
160 5
180 2
198 3
201 4
216 3
246 5
264 5
268 3
272 3
276 5
279 5
287 5
297 4
301 4
303 5
305 3
308 5
327 5
363 2
366 5
367 5
368 5
372 2
385 4
387 5
405 1
407 4
409 1
417 4
422 4
425 3
429 3
435 4
447 2
452 1
476 4
479 4
493 5
495 2
527 3
537 3
560 3
561 3
592 5
601 5
604 3
606 4
617 1
632 4
640 4
658 3
660 3
671 3
682 4
727 4
761 2
774 2
795 4
802 4
814 2
833 4
862 3
864 5
868 2
880 4
886 3
896 3
897 5
919 4
943 5
