1 4
6 3
7 5
10 4
11 4
12 3
23 4
42 4
43 4
51 4
58 5
59 4
64 4
72 3
76 4
84 3
85 5
90 5
92 4
94 5
95 3
99 4
116 5
130 4
135 4
145 5
151 3
177 4
178 4
182 3
183 3
184 3
186 5
189 3
194 3
198 3
201 5
207 3
215 3
218 4
226 5
230 2
233 3
236 4
239 1
249 5
253 4
256 4
264 2
267 5
268 5
271 4
276 4
279 2
280 4
292 4
293 3
298 3
301 4
303 5
305 4
308 5
311 5
313 5
315 3
323 5
327 3
328 5
334 4
339 4
343 5
344 4
346 4
347 5
361 5
374 3
378 4
379 4
383 5
387 4
391 4
393 4
398 4
399 4
401 4
405 1
406 4
407 4
409 5
416 3
417 4
429 5
435 4
437 1
442 3
445 3
450 4
452 3
454 2
457 4
458 5
474 5
479 3
480 4
488 4
498 5
505 4
506 4
521 3
524 4
527 4
528 4
532 5
533 4
535 3
537 4
545 4
548 5
551 5
560 4
561 4
566 4
567 4
577 3
586 3
592 5
606 5
610 4
618 3
632 3
641 4
643 4
645 4
647 3
648 1
650 3
655 3
664 4
666 4
671 3
680 3
690 4
694 4
709 4
711 4
716 4
727 5
738 3
745 3
749 4
757 5
758 5
771 1
774 2
786 4
788 5
790 4
795 3
796 3
804 4
815 4
830 4
833 5
840 5
846 5
854 4
862 4
864 5
867 4
870 4
877 4
882 4
889 2
892 5
896 5
897 4
899 4
903 4
911 4
913 4
916 4
932 4
