1 4
4 3
5 3
7 4
8 4
13 3
14 5
18 5
19 3
20 4
22 3
37 4
42 5
43 5
48 3
51 4
56 5
58 4
59 4
60 4
62 4
64 3
65 4
70 4
72 4
77 3
81 4
83 5
85 3
87 5
91 5
92 4
94 4
95 5
98 4
99 5
102 3
106 4
109 5
114 3
117 4
118 5
119 5
125 5
128 4
130 5
137 5
151 4
158 4
161 2
174 4
177 4
178 5
183 3
184 4
187 4
188 4
193 4
194 3
197 5
198 4
200 5
201 2
207 3
210 5
215 4
216 4
217 4
221 5
222 4
230 5
234 3
236 2
239 4
245 3
246 3
248 3
249 3
251 4
253 4
254 5
256 4
259 4
262 3
263 3
264 5
267 4
268 3
269 1
271 4
272 5
275 4
276 4
279 4
280 2
283 5
286 5
288 3
290 5
291 5
293 3
295 4
296 3
297 4
298 5
299 4
301 4
303 4
305 3
307 2
308 4
311 5
313 4
318 4
320 5
323 4
325 2
326 3
327 3
330 5
332 5
334 3
336 5
344 4
345 4
346 4
347 4
350 4
352 3
354 3
360 4
363 4
370 3
371 4
373 5
374 4
378 4
379 4
385 1
387 4
389 2
393 4
394 4
395 5
397 4
399 3
401 4
405 5
406 5
407 4
409 4
411 5
416 5
417 3
425 3
429 4
435 4
437 3
442 3
450 3
452 4
453 4
454 4
456 3
457 5
466 4
472 5
474 5
476 4
479 4
481 4
484 5
487 4
488 4
493 5
495 5
497 4
498 2
499 3
500 3
503 5
504 4
505 4
506 5
508 4
513 5
514 5
521 3
523 5
524 3
527 4
528 5
532 5
533 5
535 5
536 5
537 3
538 3
541 5
542 3
543 3
545 5
551 4
559 4
561 3
563 4
566 4
576 4
577 3
579 3
586 4
588 4
591 3
593 2
600 4
601 4
603 4
605 3
606 3
610 3
618 3
622 3
623 5
625 3
627 3
629 5
632 5
638 4
639 3
640 5
642 5
643 4
648 4
650 3
653 4
654 5
655 3
659 5
660 4
661 5
663 3
664 4
665 4
666 2
667 3
668 5
671 5
682 4
684 3
690 3
693 3
694 4
698 5
704 4
705 5
709 4
710 4
712 5
716 5
727 3
734 3
738 5
741 3
746 5
747 4
748 3
749 4
751 5
756 4
757 4
758 4
763 3
773 2
774 1
780 5
781 4
786 4
790 4
795 4
796 3
798 4
804 5
805 3
806 5
807 4
815 2
823 4
826 5
830 5
831 5
835 5
836 4
838 4
840 3
843 3
844 4
846 5
847 3
848 5
850 5
862 4
864 4
867 5
868 5
870 4
871 5
880 4
882 4
883 4
885 5
887 5
889 4
890 4
892 4
896 4
897 5
901 4
903 4
910 4
911 3
913 2
916 4
921 4
922 3
927 5
930 2
932 4
933 3
934 4
942 4
943 4
