1 4
5 3
7 5
18 4
23 3
44 5
58 2
64 3
70 3
92 4
94 5
109 1
117 5
122 2
148 5
178 1
187 4
189 1
198 4
213 5
222 4
230 4
244 5
254 1
267 4
269 3
276 5
279 3
286 1
288 2
291 4
292 3
305 2
307 5
308 2
312 3
331 3
334 3
339 3
343 4
350 3
373 4
381 2
387 5
399 4
405 4
407 4
409 4
412 3
417 5
429 3
435 4
437 4
450 1
453 3
455 3
456 4
457 5
468 5
472 4
495 5
504 4
508 3
514 5
516 3
527 4
530 2
536 2
542 3
543 3
561 3
606 4
618 2
622 4
625 4
627 3
640 5
645 4
650 3
653 3
655 3
659 3
665 4
686 5
698 1
704 2
709 1
711 4
719 2
738 4
749 3
751 4
761 1
766 2
774 3
790 3
795 4
805 2
815 5
843 3
848 5
862 3
864 2
868 3
881 4
886 3
890 4
892 2
897 5
899 4
903 4
916 3
922 2
933 3
