1 5
5 1
6 5
7 4
10 4
11 3
12 5
13 3
16 5
18 4
22 4
23 4
24 4
38 5
41 3
42 5
43 5
44 1
56 4
58 3
59 4
60 4
62 4
64 4
65 4
76 4
82 4
83 4
85 3
87 5
89 5
90 5
92 3
94 3
95 5
96 4
106 5
109 3
125 3
128 5
130 4
144 4
145 5
151 4
153 2
158 3
163 3
165 4
167 4
174 5
177 4
178 4
180 5
183 4
184 4
185 4
187 5
188 5
189 5
194 3
198 4
201 4
204 4
207 5
208 5
210 4
214 4
215 4
216 4
222 4
223 5
230 4
233 5
234 3
236 5
244 4
246 3
249 4
253 4
256 5
262 3
264 5
267 4
269 1
271 5
279 3
280 5
283 4
285 3
286 4
288 4
290 4
293 4
295 5
297 4
299 5
301 4
303 5
305 5
308 3
311 5
313 4
314 3
315 4
318 4
321 4
322 3
326 2
327 3
328 3
330 5
334 3
336 5
338 4
339 3
342 5
344 4
345 5
346 3
347 3
352 4
354 3
361 5
363 3
373 4
374 5
378 4
379 4
381 5
385 2
389 2
394 3
395 3
398 5
401 4
405 2
406 3
407 4
409 4
416 5
417 3
429 4
435 3
436 4
437 5
450 5
452 3
456 4
457 5
459 3
465 3
468 5
472 4
474 4
476 4
478 5
479 3
481 5
484 4
487 4
488 2
495 4
497 3
500 4
503 5
504 4
506 4
508 5
514 5
521 2
524 5
532 5
533 4
537 3
538 4
543 4
551 5
554 3
559 5
561 3
573 4
577 4
579 5
588 5
591 4
592 4
593 5
603 4
606 5
608 5
610 4
615 4
618 3
623 4
625 4
630 5
639 3
642 3
643 4
645 4
648 4
650 4
653 3
654 4
655 4
659 4
660 2
661 5
665 4
666 3
667 4
669 3
682 4
684 3
690 4
693 4
694 4
707 3
711 4
715 4
716 5
719 4
721 5
731 5
738 3
739 4
741 4
747 2
748 4
749 4
751 4
758 4
760 2
764 4
766 3
771 5
773 4
777 4
778 3
780 4
786 4
790 5
796 5
804 4
805 2
806 4
815 3
823 5
835 4
836 4
840 4
843 2
844 5
846 4
847 3
848 5
854 3
860 4
862 5
864 4
867 3
868 2
870 4
871 3
877 4
878 4
881 4
882 4
883 4
885 3
886 5
889 4
892 5
896 5
899 5
901 4
904 4
908 3
911 4
913 4
914 3
916 4
918 2
922 3
924 4
933 3
934 1
940 4
942 4
943 4
