1 3
10 4
13 1
21 4
28 3
38 3
49 2
59 5
60 4
64 1
82 3
90 5
92 4
94 3
102 3
109 4
115 3
118 5
128 3
130 5
145 3
160 4
178 3
184 3
188 5
193 4
194 4
198 3
200 5
201 4
213 4
215 3
216 4
221 4
222 5
234 2
249 3
255 3
256 3
267 4
268 2
269 2
270 5
271 3
276 4
280 4
287 5
290 2
291 4
293 2
295 5
297 3
301 4
303 4
308 5
311 4
313 2
314 4
327 3
328 4
332 5
334 3
339 3
345 3
346 3
361 3
363 2
366 3
367 4
368 2
372 5
374 4
375 3
378 3
385 2
387 3
388 5
394 4
399 4
405 5
406 3
407 4
412 3
416 3
417 3
421 4
422 4
425 3
429 3
435 3
436 4
437 2
442 3
447 4
450 4
456 4
457 4
468 4
472 4
474 4
478 3
487 2
495 4
498 3
504 4
506 3
508 2
524 3
532 5
533 2
543 3
545 4
548 4
551 5
553 4
554 4
561 3
562 4
566 4
577 3
586 3
604 3
608 4
617 2
618 3
622 3
642 3
643 3
648 3
650 3
654 2
655 3
659 4
661 3
682 3
684 1
690 5
693 4
709 4
711 4
716 3
741 4
758 4
764 4
773 2
774 1
776 4
788 4
796 3
802 3
804 4
814 3
823 4
833 4
843 2
846 4
847 3
864 4
868 3
870 4
880 4
881 4
886 3
887 5
899 4
916 3
919 4
925 4
932 3
933 3
943 4
