1 5
6 4
7 5
10 5
13 5
18 5
24 5
28 5
58 5
76 2
90 4
92 5
94 5
106 4
109 4
118 5
128 5
136 4
144 4
151 5
165 4
177 4
178 4
184 4
185 4
194 4
201 4
207 3
214 3
219 5
222 4
224 3
230 5
233 4
234 3
236 5
243 4
246 5
249 4
250 4
262 3
268 3
276 5
288 3
291 5
292 5
293 4
297 5
303 4
305 4
308 4
312 5
315 5
316 4
323 4
328 4
331 4
334 5
342 4
343 5
345 5
347 4
360 5
363 5
374 5
376 4
378 4
383 3
387 5
393 4
397 4
399 3
407 4
409 4
416 5
417 5
419 4
429 4
447 5
450 3
452 5
453 4
455 4
457 5
488 4
500 4
503 5
504 5
508 4
535 5
538 4
551 4
554 3
561 4
567 4
592 5
593 5
605 5
629 5
643 4
650 3
653 3
654 4
655 3
664 4
666 3
667 5
675 1
679 5
682 1
690 4
710 4
719 5
747 5
749 4
758 5
764 3
777 4
781 4
788 4
800 5
805 5
833 4
838 3
851 4
854 4
864 5
870 4
889 4
894 4
896 4
903 5
908 4
916 4
919 4
934 5
