1 5
5 5
7 4
8 5
11 3
12 4
13 4
16 5
22 4
23 4
25 4
28 5
42 4
44 5
48 3
53 3
56 3
58 5
59 4
60 4
62 3
64 4
70 5
72 1
77 3
82 3
85 3
87 5
92 4
94 4
95 4
97 5
102 4
109 5
115 4
127 5
128 3
130 4
135 4
145 4
148 4
151 5
158 5
160 2
178 5
183 4
194 1
197 4
198 3
200 5
201 3
211 3
215 5
216 3
222 5
230 2
234 3
239 2
246 3
249 4
254 4
256 3
267 5
268 4
275 4
276 4
279 4
280 3
286 3
290 4
292 5
293 3
295 4
296 4
297 2
299 3
301 3
303 4
305 2
307 5
311 5
312 3
313 3
326 4
327 4
328 3
330 5
332 5
334 5
337 5
339 4
343 5
344 4
350 4
352 3
361 4
363 3
373 4
374 5
380 3
381 4
387 5
391 2
393 3
394 5
398 5
399 2
402 3
405 1
406 3
407 4
411 3
417 3
425 4
429 2
435 4
442 5
447 4
450 4
454 3
455 4
456 3
457 5
472 5
479 4
483 5
484 5
488 4
495 5
496 1
497 3
498 2
505 2
506 5
508 5
514 5
521 4
524 3
532 5
533 4
536 5
537 3
545 5
551 5
554 5
561 3
566 2
577 3
579 3
584 5
586 3
600 3
601 5
603 3
606 5
622 5
623 3
627 4
632 3
638 3
643 4
645 3
648 5
650 4
653 4
655 3
660 3
661 5
664 4
670 5
682 4
693 2
694 4
698 3
702 5
705 3
709 3
711 3
712 3
715 3
716 4
721 5
727 4
738 5
741 2
746 4
747 4
748 3
749 5
756 3
757 4
758 3
766 3
773 3
774 4
786 4
788 3
790 3
796 5
798 3
804 4
805 3
806 4
807 4
815 5
823 3
826 3
830 3
838 4
843 4
844 3
846 5
847 4
850 5
851 4
862 5
864 5
867 5
868 5
877 4
880 3
881 3
882 5
883 4
886 4
887 4
890 4
892 3
896 5
897 4
899 3
901 5
902 3
911 4
913 5
916 3
921 3
922 4
924 4
927 5
932 4
933 4
934 4
943 3
