1 4
5 3
7 3
10 4
11 4
13 3
16 5
22 4
23 4
28 4
37 4
42 5
44 2
56 5
59 4
60 4
62 2
64 5
70 4
72 1
82 2
85 3
87 5
91 4
92 3
94 2
102 2
109 5
110 3
127 5
130 3
135 3
145 5
151 3
158 2
160 2
162 2
178 4
183 5
194 1
197 4
198 3
200 5
201 3
210 3
211 3
215 3
221 3
222 4
235 4
246 3
254 4
256 4
264 4
267 4
268 3
270 3
275 3
276 4
279 4
280 3
288 2
290 4
293 2
295 4
297 2
301 4
303 3
307 5
308 4
311 5
313 3
315 4
326 3
327 4
328 3
332 5
334 4
337 5
347 4
363 2
373 4
374 5
378 3
379 4
387 3
394 3
398 3
399 3
405 2
407 4
411 3
416 4
417 3
425 4
429 2
435 3
442 3
450 4
455 3
457 4
459 4
472 5
474 3
479 4
483 5
484 5
487 5
488 3
495 5
497 2
506 4
508 2
521 3
524 3
532 5
533 4
536 5
537 2
542 4
545 5
551 5
554 5
561 3
562 1
566 2
577 3
584 4
586 2
588 1
600 4
601 4
603 4
606 2
622 3
627 4
638 5
648 5
650 4
653 3
660 3
661 4
664 3
693 2
694 4
698 3
702 4
705 4
709 2
711 3
712 3
716 3
727 3
734 2
738 4
745 2
746 1
749 3
756 3
757 4
758 4
763 3
766 3
774 2
778 2
786 4
788 3
790 4
796 5
804 4
806 4
807 4
815 5
823 3
826 4
830 3
833 1
843 3
846 3
862 3
864 2
868 3
880 3
881 4
882 5
886 2
890 3
892 4
896 4
897 4
899 4
901 5
916 3
921 3
922 4
927 5
932 4
933 3
943 1
