1 1
5 2
7 3
13 3
22 2
30 2
37 2
43 4
44 2
49 3
56 3
64 3
70 3
82 2
85 2
87 3
92 3
102 2
109 3
110 1
130 3
151 1
158 2
184 3
197 3
200 4
201 2
216 2
217 5
221 4
222 2
246 1
254 3
267 4
268 4
269 1
276 3
279 2
280 3
286 3
291 3
297 3
301 2
303 4
308 3
311 4
313 2
320 2
328 2
330 5
334 2
339 2
343 5
363 1
373 3
374 2
378 3
385 2
387 3
395 4
398 2
399 3
405 3
407 3
416 3
417 4
425 3
429 2
442 3
447 2
450 3
453 2
456 2
457 4
466 1
472 5
478 1
484 2
487 1
495 3
497 3
506 3
521 2
537 3
543 3
545 4
561 2
562 1
566 1
586 3
588 4
600 3
619 4
621 4
622 4
640 5
642 3
643 2
647 4
648 2
650 2
660 2
668 2
671 3
682 1
705 3
709 3
715 3
727 3
738 3
746 2
747 3
749 4
757 2
758 3
764 3
766 2
773 2
774 1
786 2
788 3
790 4
795 4
796 3
798 2
804 4
805 3
806 3
807 4
823 3
826 3
830 2
846 2
851 4
864 3
880 2
886 2
889 3
896 1
899 1
933 1
943 2
