1 3
7 3
13 3
56 4
59 3
62 3
64 2
85 3
87 3
94 3
95 4
99 4
110 3
158 3
167 1
178 5
194 2
197 4
201 2
222 4
244 4
246 3
256 3
268 3
269 1
276 3
280 3
286 4
291 4
293 2
295 3
301 4
303 4
311 3
313 3
320 4
326 2
327 4
328 3
332 5
336 3
346 3
363 2
373 3
387 2
394 4
399 2
405 4
407 3
416 5
417 3
425 3
429 4
450 4
456 2
457 4
466 4
472 4
476 3
478 2
487 4
495 5
497 3
508 3
521 3
545 3
551 5
561 3
586 3
600 3
627 3
650 3
653 2
670 3
682 3
690 4
709 5
711 3
712 3
715 4
727 3
746 3
749 4
757 3
773 3
774 2
781 3
790 4
796 3
826 3
846 3
864 4
868 1
880 4
886 3
889 3
896 3
897 5
916 3
933 1
943 4
