1 2
5 4
8 4
13 4
16 5
22 3
37 4
56 1
72 4
83 4
87 4
92 3
94 3
95 4
102 3
109 4
110 4
130 4
135 3
158 3
178 4
188 3
197 4
201 4
207 3
217 4
222 2
230 1
234 2
256 4
267 4
268 3
276 3
279 5
280 4
293 2
297 2
301 4
303 4
308 3
311 4
320 4
326 4
327 3
332 4
339 1
346 4
347 5
373 3
374 3
375 4
378 2
379 3
387 3
393 3
394 3
399 3
405 1
425 2
429 3
447 4
450 3
453 2
472 4
484 5
495 4
497 2
503 5
506 4
543 4
545 4
548 5
551 4
559 3
561 1
563 4
586 4
593 2
600 2
618 3
619 4
621 3
622 4
627 2
632 3
640 4
642 4
643 4
650 2
653 3
655 3
671 4
682 2
690 3
705 3
709 3
715 3
727 4
738 3
746 4
749 5
757 3
773 1
774 2
790 3
796 4
804 4
806 2
815 3
823 4
826 4
830 3
833 2
846 5
868 2
880 4
881 3
885 3
886 3
892 5
896 2
916 3
933 2
943 5
