1 4
5 2
7 5
10 4
13 5
16 5
18 3
21 5
23 2
28 4
38 5
42 4
56 4
59 5
60 4
64 4
69 5
72 4
80 3
83 4
85 4
90 4
91 5
92 4
94 5
95 2
96 4
102 3
103 3
109 4
115 5
118 5
130 5
135 4
144 4
145 5
148 3
151 4
152 4
160 5
163 3
169 4
175 5
178 4
188 4
189 5
193 3
194 3
195 5
198 3
200 4
201 5
210 4
213 4
215 4
216 4
222 2
230 4
232 3
233 4
234 4
239 3
244 3
248 4
250 3
253 4
254 4
255 5
256 5
262 3
263 4
264 4
268 4
269 1
270 5
271 5
272 4
274 5
276 5
279 2
280 3
286 3
288 4
290 3
291 4
292 5
293 5
297 3
303 5
308 3
311 4
312 5
313 4
315 3
316 1
322 4
325 3
326 3
327 5
328 4
331 4
332 5
339 4
343 1
345 4
346 2
352 4
361 4
363 3
366 1
367 4
368 3
371 5
372 5
374 4
375 5
377 5
378 4
379 5
380 2
385 1
389 4
391 4
398 4
399 3
402 4
405 5
406 4
407 3
416 5
417 4
421 5
422 4
425 3
429 4
430 4
435 4
436 3
437 4
442 4
447 4
450 3
452 3
453 3
454 3
455 4
456 3
457 5
458 4
472 4
474 5
479 5
480 4
484 4
488 4
493 5
495 5
497 2
498 4
500 3
503 5
504 3
506 5
508 4
514 3
524 4
527 5
532 5
533 2
536 4
537 3
538 3
541 5
543 4
545 3
546 4
548 4
551 4
561 3
562 5
566 3
567 3
568 3
577 3
579 3
586 3
588 5
592 5
593 2
601 1
604 5
606 4
608 5
617 3
618 4
620 3
623 4
629 4
632 3
633 4
638 4
642 1
643 4
648 5
650 4
653 3
655 3
659 4
664 3
665 3
666 3
667 2
671 4
682 3
686 4
690 4
693 2
696 4
699 3
709 5
710 4
712 2
715 4
716 5
727 2
738 4
741 4
747 5
748 4
749 4
756 3
758 4
763 3
766 4
773 2
774 2
776 5
778 3
786 3
788 3
795 4
796 2
802 5
804 4
805 5
806 4
807 3
814 3
821 5
823 4
833 3
835 5
840 5
843 4
846 5
847 2
848 4
849 5
851 4
864 4
868 4
878 1
880 5
881 3
883 4
886 3
889 4
890 5
896 4
897 5
899 4
901 4
903 4
913 4
916 4
932 3
933 3
934 2
942 4
943 3
