1 5
5 4
13 2
15 1
23 1
26 2
32 3
43 3
49 2
52 2
56 1
59 1
62 4
64 4
67 3
69 3
75 4
82 1
83 1
87 3
89 5
92 3
93 4
94 4
102 3
104 2
119 5
121 1
125 2
130 4
137 5
141 1
144 1
145 4
150 4
157 5
158 1
167 3
168 2
178 1
180 4
181 1
184 2
192 3
194 2
195 3
200 2
210 3
213 1
244 1
246 3
248 3
249 4
250 2
256 3
259 2
262 2
264 5
267 3
268 3
269 3
271 3
276 4
279 3
280 5
286 4
287 4
290 3
291 2
292 3
293 3
294 3
295 4
297 2
299 1
301 2
303 4
306 4
308 3
313 3
320 3
325 1
328 3
330 5
332 3
334 3
337 3
339 3
343 4
344 3
345 3
347 2
357 4
363 5
365 2
374 3
378 4
382 5
385 5
398 2
399 4
401 1
402 3
403 5
406 4
407 4
416 2
417 2
422 2
429 3
430 2
435 4
445 1
447 2
450 3
457 3
459 1
463 2
470 3
472 5
478 2
479 3
484 2
486 2
493 2
495 5
500 5
518 4
521 3
524 1
532 3
534 4
537 1
541 1
542 3
548 3
551 1
555 3
560 2
561 3
566 3
582 3
586 3
591 3
592 3
595 3
597 4
606 3
614 5
621 3
624 4
625 3
634 3
636 4
637 1
642 2
643 4
648 4
650 3
658 2
660 3
663 2
669 2
675 1
682 1
697 4
699 3
703 1
715 2
716 2
717 4
727 3
738 2
747 5
756 3
757 3
758 5
761 3
768 2
769 3
773 4
774 1
779 4
788 3
790 1
793 3
795 3
804 5
805 2
807 1
822 3
825 3
833 4
838 2
839 4
847 1
852 4
854 2
864 5
870 3
880 3
882 3
886 3
887 3
889 3
893 3
896 1
897 3
901 3
907 4
913 1
916 3
922 2
930 2
932 2
936 3
938 1
