1 2
2 4
6 2
7 5
11 4
13 5
15 3
16 5
17 2
18 3
24 4
26 3
42 4
43 4
44 3
45 4
52 4
54 4
56 5
57 4
58 4
59 3
60 4
62 3
63 3
64 4
65 4
66 4
68 5
69 3
72 3
74 4
75 2
78 5
80 4
81 4
82 3
84 4
85 3
89 4
90 4
92 4
95 2
99 5
101 5
104 3
108 3
109 4
113 3
115 2
117 4
119 5
120 3
121 5
128 4
130 5
136 4
137 4
139 3
141 4
144 4
145 5
152 5
159 3
160 3
162 4
164 2
167 4
174 4
176 3
178 4
181 5
182 3
184 4
185 4
186 2
188 3
190 5
193 4
194 3
198 2
201 4
203 3
207 4
215 4
216 5
222 4
223 5
224 3
225 5
230 5
234 3
235 4
236 4
238 3
242 4
243 2
244 5
249 5
250 2
251 5
253 4
256 4
257 2
262 3
263 2
265 5
266 3
269 2
270 1
271 4
274 4
276 5
277 4
280 3
285 4
286 2
287 5
288 4
291 4
293 3
294 4
295 4
296 5
297 4
298 5
299 2
301 4
303 5
304 5
305 2
308 3
313 2
314 5
318 5
326 2
327 4
328 4
330 4
332 5
334 4
336 5
342 4
343 4
344 3
345 4
346 4
347 4
348 4
349 2
357 5
360 4
361 4
363 2
365 3
371 5
374 5
376 3
378 4
383 4
388 5
391 4
393 4
395 4
396 4
398 3
399 3
401 3
402 4
403 5
406 1
413 4
416 3
422 4
423 4
429 3
430 5
432 5
434 5
437 4
438 5
439 5
445 2
447 4
450 5
452 2
453 4
454 4
455 3
457 4
458 4
462 5
463 4
468 4
474 4
477 4
478 5
480 2
483 3
484 3
486 4
487 4
490 1
491 3
494 4
497 3
498 2
500 3
501 4
503 4
504 3
505 3
514 4
517 1
518 4
524 3
525 4
530 4
533 2
534 4
535 4
537 3
538 4
542 4
543 4
548 4
549 4
550 3
551 4
552 4
554 3
563 5
569 4
573 4
576 4
577 4
582 3
586 4
588 2
590 3
591 3
592 4
593 4
594 3
595 3
599 5
602 4
605 3
606 4
612 3
614 2
615 4
618 4
620 4
624 4
627 4
630 5
632 3
633 4
634 5
635 3
637 2
639 1
642 5
644 4
647 3
653 2
654 4
655 3
661 4
663 4
664 2
665 3
666 3
671 5
672 2
677 4
678 3
682 3
684 5
689 3
690 4
694 4
697 5
701 5
703 5
706 4
708 5
714 3
715 4
716 5
717 5
719 2
721 3
722 4
728 4
730 3
731 4
733 3
735 4
742 4
744 4
748 4
749 3
751 2
754 3
758 4
759 3
760 3
761 5
762 3
763 3
764 4
765 3
768 4
769 3
771 5
786 5
788 4
790 4
792 3
793 3
796 5
800 4
804 4
806 2
821 5
823 4
825 4
829 3
831 4
834 5
835 4
837 3
839 3
854 3
864 4
868 1
869 4
871 3
872 4
877 4
878 3
879 4
880 4
882 5
883 3
885 5
886 4
888 5
889 4
890 3
891 5
892 4
893 4
894 4
896 5
899 4
900 4
901 3
904 5
905 3
906 4
907 5
910 4
913 4
916 3
917 5
919 4
921 3
922 4
923 4
924 4
926 3
927 4
930 3
931 3
934 4
935 5
936 4
937 4
938 2
939 5
943 4
