1 4
5 1
7 4
8 4
11 4
13 3
18 3
22 3
43 4
59 4
62 1
64 3
72 4
82 3
85 3
90 5
92 3
94 4
95 3
102 3
151 3
152 4
158 4
167 5
178 5
183 4
184 3
187 3
189 3
194 2
197 3
198 3
200 4
201 2
207 3
222 3
234 2
244 4
249 5
254 4
268 3
269 1
270 5
271 3
276 4
280 2
295 5
299 3
301 3
303 4
308 4
311 3
312 3
320 4
326 3
328 5
339 4
343 3
345 4
346 4
347 3
354 3
373 5
374 5
378 4
380 2
387 1
393 4
399 4
405 1
416 5
425 2
429 3
450 4
455 4
457 3
466 5
479 3
484 3
503 5
506 2
521 4
524 5
532 5
537 3
551 4
561 2
577 5
586 4
593 5
600 5
601 4
606 3
618 4
619 5
621 4
627 4
629 5
638 3
659 3
671 5
679 3
682 4
694 3
705 4
711 4
716 3
741 4
757 3
758 3
771 1
774 4
776 1
788 5
790 5
805 2
826 4
830 4
844 4
846 4
848 5
871 3
877 4
883 4
886 4
896 5
916 4
933 2
