1 5
2 5
6 4
9 4
12 5
13 2
14 4
18 5
21 3
30 5
34 5
35 2
40 4
63 3
86 4
90 4
111 4
113 2
123 5
129 4
131 5
139 3
144 4
145 5
154 3
173 5
181 1
195 4
196 3
199 5
201 4
202 3
204 5
205 4
206 3
207 4
209 4
226 5
234 4
239 5
240 5
249 5
270 5
271 4
279 3
296 4
305 5
306 5
309 4
331 4
354 5
355 4
360 4
408 4
416 4
417 3
428 4
439 5
440 5
451 1
460 4
461 3
463 2
473 3
485 5
486 4
492 5
497 1
500 3
520 5
523 5
532 4
533 4
537 3
539 5
566 5
568 4
574 5
592 5
594 4
597 4
617 3
624 4
628 5
639 4
641 5
651 5
655 4
673 4
675 4
680 4
695 5
697 5
707 4
720 4
721 3
724 1
733 4
735 5
740 4
743 4
753 4
758 3
765 5
767 4
771 4
794 5
803 5
845 4
861 5
863 4
866 3
869 2
871 3
894 4
898 4
937 3
