1 1
5 1
8 2
13 3
15 1
17 1
20 4
21 2
35 2
38 3
40 2
48 3
57 3
59 1
61 2
83 3
92 1
125 2
126 5
127 5
130 2
133 3
137 4
142 1
159 4
166 3
169 3
177 1
181 1
186 2
199 1
200 3
205 2
210 2
223 3
224 2
234 1
253 2
254 2
256 4
258 3
261 5
274 2
290 3
297 1
300 4
304 3
323 1
348 3
369 3
387 1
393 4
397 1
401 3
404 3
415 1
424 4
428 4
440 1
451 4
452 5
457 2
463 1
482 2
488 3
489 4
502 3
505 2
510 3
514 2
515 3
519 1
526 1
533 3
534 3
537 1
550 2
552 3
556 1
561 1
570 1
587 3
589 3
592 1
598 2
602 3
609 1
612 2
620 3
626 1
630 2
644 4
645 1
650 2
660 2
663 3
677 3
682 1
691 1
699 2
712 4
721 3
728 2
732 5
754 1
761 3
771 3
779 4
782 3
796 3
797 2
798 4
803 1
804 3
810 4
811 3
813 3
816 4
824 1
825 4
832 2
847 1
880 2
881 2
882 4
887 1
897 4
898 1
901 2
919 3
936 2
938 4
