1 2
3 1
10 4
17 2
21 1
29 3
32 2
33 3
34 4
40 3
44 4
46 3
54 4
57 4
62 2
68 3
69 1
74 3
83 2
84 4
90 3
92 4
94 1
99 3
102 3
104 2
109 3
110 3
112 4
113 3
119 4
120 3
126 3
128 2
129 2
130 1
133 3
140 3
141 3
146 5
149 3
155 2
159 5
164 5
170 5
171 3
173 4
177 3
178 3
181 2
190 4
197 4
200 3
204 3
206 1
207 3
222 3
224 3
225 2
229 3
240 4
249 2
255 1
256 4
257 4
261 4
263 4
265 4
266 1
276 3
278 3
280 3
291 2
293 3
294 3
297 3
302 2
303 3
305 1
313 3
317 4
323 2
327 1
328 4
329 3
332 4
334 2
335 4
344 3
345 2
346 4
347 5
348 4
351 3
353 4
357 4
362 4
378 3
393 3
396 3
402 1
404 3
413 2
416 2
417 4
423 4
427 5
428 5
431 4
433 3
435 2
438 5
440 4
443 3
444 4
445 2
446 4
450 4
451 2
452 2
454 3
455 3
458 2
459 3
460 3
476 4
482 4
485 3
486 3
488 3
489 3
494 3
500 2
501 3
504 4
505 4
507 5
509 2
510 3
526 2
529 3
531 4
533 3
540 3
548 4
551 3
554 3
564 4
570 1
574 5
578 3
579 2
587 1
592 1
593 3
594 3
599 3
605 3
616 3
619 4
624 3
627 4
629 3
634 3
637 3
642 4
652 4
653 4
656 1
663 4
666 3
670 4
674 4
676 4
677 5
682 3
683 2
687 3
696 4
697 3
706 3
717 4
721 3
724 2
725 4
732 4
733 3
735 3
749 4
750 3
755 4
756 3
759 3
761 5
764 4
768 2
772 5
775 3
777 5
781 2
782 4
787 3
791 4
796 3
801 3
803 4
804 4
808 4
809 3
812 2
817 2
818 4
819 3
824 2
825 5
827 3
831 2
832 3
834 4
853 3
860 3
864 4
865 3
871 3
880 2
885 2
894 4
896 4
905 3
907 4
910 2
919 2
920 2
921 1
923 3
925 3
926 3
930 3
931 4
938 3
