1 4
15 1
24 4
26 2
32 4
44 4
57 5
58 4
62 2
66 4
83 2
92 3
104 3
116 2
117 4
121 1
130 5
137 4
141 2
145 4
159 4
178 3
198 2
209 2
214 3
216 3
222 1
223 2
227 2
233 5
244 4
248 4
249 4
251 5
255 5
268 4
276 4
279 3
287 5
291 4
292 3
293 3
294 5
297 3
299 3
301 3
303 4
305 3
323 3
327 2
332 3
342 3
347 5
385 2
389 3
392 1
393 3
407 2
416 3
429 4
432 5
435 4
437 5
445 2
459 2
463 2
464 2
467 3
468 3
479 2
480 1
482 2
483 2
487 1
493 4
497 5
500 3
501 3
521 4
540 3
542 4
543 2
550 4
552 3
555 4
560 5
580 5
584 4
586 2
592 4
606 3
621 5
622 5
624 3
640 4
642 5
643 3
648 3
654 5
655 3
660 2
661 3
665 5
679 3
682 3
692 3
715 4
726 1
727 2
758 4
778 3
782 2
789 3
790 3
794 3
796 1
806 4
825 3
833 1
838 4
854 3
859 5
869 4
880 4
889 3
894 3
916 3
922 3
923 4
936 5
