1 4
5 3
22 5
23 4
26 3
32 4
43 2
44 5
52 3
53 2
54 4
57 3
62 5
63 5
77 3
85 3
92 4
94 4
95 4
103 4
104 3
109 2
116 4
119 2
121 2
130 3
137 5
141 4
145 5
157 1
158 4
159 3
160 4
176 4
178 4
183 2
184 4
186 1
203 4
214 2
221 5
222 2
226 4
227 2
232 4
246 4
248 3
249 4
251 3
263 2
267 5
268 4
270 2
276 4
279 3
286 4
287 3
291 4
292 3
293 3
294 5
296 2
297 1
301 4
303 4
320 4
324 4
327 2
329 3
334 3
337 3
339 5
343 5
346 3
359 4
363 1
367 5
385 3
387 4
392 3
393 4
394 4
407 4
413 3
416 4
417 4
422 5
425 4
429 2
432 1
435 4
454 4
455 3
458 1
459 5
460 2
463 4
472 5
479 4
483 3
484 4
486 1
493 4
497 3
500 4
506 2
507 5
513 3
516 4
521 3
525 3
526 2
528 3
532 3
540 4
546 4
548 5
552 3
560 4
578 2
580 5
582 3
586 3
592 4
597 4
601 4
603 5
606 4
621 4
622 4
624 4
625 4
630 1
642 5
644 4
647 3
648 4
649 3
654 1
655 3
660 4
671 5
676 4
682 4
689 5
697 4
699 4
709 4
711 2
714 5
715 2
717 1
727 5
733 1
738 4
742 3
748 5
749 3
751 3
757 4
758 4
770 5
774 3
782 4
790 5
793 4
796 5
804 4
807 4
815 1
825 5
829 3
831 5
833 3
837 2
843 4
851 5
852 4
854 4
862 5
864 3
867 4
880 3
883 3
889 4
894 4
896 3
899 2
901 3
902 4
910 1
916 4
919 3
922 2
931 2
936 5
938 3
