1 2
2 4
15 5
26 3
30 4
54 3
58 4
63 4
65 3
73 2
78 4
83 5
99 3
101 4
103 5
104 1
108 2
113 5
116 3
119 3
123 1
130 4
141 4
152 5
157 3
159 3
168 1
174 5
178 4
184 3
189 2
192 2
207 3
210 4
222 3
223 4
231 3
236 3
238 3
244 2
249 3
259 4
262 3
269 1
274 2
277 4
293 3
294 3
296 2
299 2
303 4
308 4
314 5
318 4
323 4
324 4
327 3
330 4
332 4
333 3
334 3
342 4
344 4
345 4
354 2
378 4
392 3
393 4
395 3
402 4
407 4
413 3
416 5
417 3
432 5
435 3
438 4
454 4
455 2
458 2
459 4
461 2
464 4
472 5
474 4
477 5
478 4
479 2
484 3
486 3
487 2
490 1
500 3
523 5
525 1
530 4
533 2
541 3
548 4
550 3
560 4
563 5
576 3
590 1
592 4
593 5
595 3
599 5
605 2
606 5
614 5
624 3
625 2
630 5
635 4
637 3
643 4
644 4
647 4
654 2
655 3
659 3
661 3
665 4
666 4
671 5
672 2
674 4
676 5
682 3
698 3
701 3
705 5
708 5
711 4
714 2
718 4
719 2
726 2
736 1
741 3
754 3
760 3
764 4
768 4
770 4
779 4
782 4
819 1
829 3
834 3
838 4
839 3
844 3
851 3
854 1
870 2
879 4
881 3
894 3
899 4
904 5
917 3
919 4
927 4
930 3
931 4
935 4
936 5
937 3
938 1
939 5
