1 1
5 1
6 1
7 3
8 1
11 3
21 2
29 4
30 4
32 2
34 2
35 4
38 3
40 2
48 4
63 3
83 2
85 2
86 4
90 2
107 2
116 4
119 4
134 2
141 1
142 3
145 3
159 4
168 2
170 3
173 3
178 1
181 1
184 3
188 3
193 2
194 2
197 1
199 1
204 2
221 4
223 3
234 2
247 3
250 1
253 2
254 2
255 3
261 4
268 3
279 3
281 3
284 2
296 1
299 3
303 3
304 1
308 3
319 2
324 5
341 3
346 2
373 5
381 2
388 3
393 4
400 3
404 5
416 2
424 2
425 1
428 4
441 3
450 3
451 4
452 2
454 4
455 2
459 4
461 2
462 3
464 4
474 1
475 5
487 2
488 1
489 2
502 3
505 3
510 2
514 4
515 3
519 1
524 3
531 1
532 3
537 1
541 1
544 1
550 2
559 3
576 2
587 4
589 5
592 2
598 3
601 1
602 4
609 1
612 3
615 1
642 5
644 4
646 3
652 2
660 4
663 2
676 4
681 2
682 3
683 3
688 5
702 3
703 1
704 2
721 3
724 2
727 4
743 3
752 5
755 3
772 2
782 1
787 4
790 2
791 3
797 3
798 5
801 3
802 2
803 2
804 4
805 1
813 2
816 2
824 4
829 2
852 4
853 3
857 4
863 1
871 3
873 1
881 3
893 3
901 2
919 4
921 4
936 3
938 2
940 4
942 4
