1 1
3 4
4 4
7 1
8 3
11 1
13 1
21 2
33 4
44 4
54 4
70 2
80 1
92 1
94 2
102 2
116 2
126 1
133 1
135 3
137 3
145 4
151 1
159 2
165 3
169 1
173 4
177 2
178 1
181 1
193 1
201 4
206 3
229 1
246 5
250 4
263 2
268 3
276 3
294 4
303 3
317 4
324 5
327 1
328 2
335 3
343 1
347 1
353 1
355 4
363 2
392 1
396 3
413 1
414 3
417 3
422 3
435 3
443 1
447 2
450 2
451 5
454 1
459 2
464 2
466 4
472 4
487 2
488 2
489 3
493 1
497 4
509 2
511 4
526 1
529 4
551 5
560 1
566 2
587 4
588 2
592 4
598 3
599 1
601 4
605 4
606 3
616 3
620 5
624 2
663 2
689 3
695 4
697 3
716 1
717 1
721 3
727 1
738 2
752 3
757 3
773 2
782 2
783 4
784 4
802 4
803 3
804 2
816 3
826 3
831 2
832 3
836 2
839 2
844 1
852 3
854 3
862 5
880 4
893 2
894 2
896 2
907 2
913 1
919 4
925 3
938 4
