1 2
3 2
4 3
7 4
13 4
21 3
29 3
35 2
57 2
70 4
76 3
91 4
102 2
105 2
107 3
116 3
181 2
195 3
220 3
250 3
255 2
268 3
276 3
292 3
293 3
294 2
299 2
300 1
303 3
308 2
317 4
327 2
332 3
355 4
362 1
363 3
372 4
391 1
399 3
409 1
414 3
416 3
417 2
429 3
430 2
435 3
436 2
450 3
451 3
459 4
464 4
467 2
472 3
479 3
486 3
489 4
493 3
502 3
519 2
529 2
548 4
551 3
560 3
587 4
592 2
597 4
626 1
630 2
666 3
683 2
687 3
695 1
710 2
721 1
724 3
725 1
755 2
772 4
773 2
775 4
782 4
783 4
802 4
803 2
808 5
816 4
820 3
832 3
833 2
839 3
851 2
852 3
853 3
854 1
863 3
893 3
894 3
908 3
919 3
923 3
940 1
