1 4
7 5
13 4
14 3
22 3
25 4
37 4
41 3
42 3
56 4
59 4
60 5
64 4
69 4
70 4
72 4
77 3
82 4
83 5
84 5
91 5
92 4
94 4
95 3
96 5
99 3
102 3
109 5
115 2
117 4
128 5
135 3
145 5
151 5
153 4
161 2
178 5
183 2
188 5
194 4
195 4
197 5
198 3
200 5
201 3
207 3
218 3
221 3
222 3
230 5
234 3
236 2
244 4
246 4
251 3
254 3
256 4
263 4
267 5
268 3
270 4
271 5
275 4
276 4
279 5
280 4
290 4
292 4
293 3
295 4
297 3
298 4
301 4
307 3
308 3
311 5
312 1
313 4
316 3
318 4
326 4
327 2
328 5
332 4
334 3
339 3
340 5
343 2
346 4
350 2
363 3
370 5
371 5
373 4
374 5
378 4
379 4
380 3
387 4
393 4
394 4
399 3
405 2
407 3
411 5
416 5
417 3
425 3
429 4
435 3
436 3
437 3
447 4
450 5
452 3
455 4
456 3
457 5
466 3
472 4
474 5
479 4
480 3
484 5
487 5
488 4
493 5
495 5
497 4
498 2
505 4
512 4
513 5
514 4
521 3
524 4
533 3
535 3
536 5
537 3
541 5
542 4
543 4
545 4
551 4
553 5
554 4
555 3
559 4
566 4
577 5
583 4
586 5
588 5
592 4
600 3
606 4
608 3
618 4
625 3
629 4
638 5
648 4
650 4
653 4
654 5
655 3
660 2
663 4
665 3
666 3
671 3
676 5
682 3
684 4
686 4
705 5
709 4
710 4
711 2
715 5
716 5
727 4
738 4
741 5
746 4
747 4
757 3
766 3
773 2
774 3
778 4
786 4
790 4
795 3
796 5
798 5
804 4
806 4
807 5
815 5
826 5
830 5
843 3
846 5
848 4
862 5
864 5
868 3
870 4
878 3
881 5
882 5
883 3
886 4
889 4
890 2
892 4
896 4
897 3
899 4
913 4
916 4
922 5
930 3
933 4
942 5
