1 5
2 4
6 4
7 3
10 4
13 2
14 4
15 5
17 4
18 5
23 5
25 4
26 4
29 4
36 3
39 4
40 1
43 5
47 4
48 1
58 4
61 3
63 3
64 5
73 4
78 3
79 5
80 3
81 3
85 3
86 4
89 5
90 5
100 4
102 2
104 5
105 4
107 5
111 5
112 3
114 4
115 3
116 3
119 3
122 5
125 1
129 4
130 4
131 5
133 4
134 3
136 5
145 5
146 4
147 4
149 5
157 4
163 3
171 4
173 4
174 5
178 4
179 3
181 1
185 5
186 1
190 4
191 3
192 3
193 4
196 3
199 5
201 3
202 4
204 4
205 3
206 4
207 4
209 2
212 3
214 3
218 4
219 5
220 5
229 4
232 3
233 5
235 4
239 5
240 5
247 4
254 2
257 3
259 3
262 3
263 4
264 5
268 4
271 4
276 4
278 5
279 4
282 4
284 4
285 4
286 5
288 5
294 5
296 5
297 4
301 5
303 5
305 4
306 5
307 4
312 5
315 5
318 5
319 3
325 4
327 3
329 4
331 5
333 2
334 3
335 4
338 4
339 5
343 4
344 4
345 5
354 4
360 4
361 4
364 4
365 4
370 5
373 5
376 5
378 4
392 5
400 4
404 4
407 3
410 5
413 4
415 4
416 4
418 5
419 4
421 3
423 3
425 4
428 5
431 3
433 5
438 4
443 3
444 4
446 4
448 5
449 5
450 5
451 2
452 5
455 4
461 3
463 5
464 5
466 2
467 4
475 4
482 4
485 4
486 4
488 3
489 3
498 4
503 5
507 2
508 4
514 4
515 2
517 3
520 5
523 5
524 4
525 5
526 5
529 3
532 4
535 4
537 3
539 5
540 4
547 3
555 5
557 3
558 4
568 4
574 5
579 3
581 3
582 4
587 3
592 4
594 4
598 3
600 4
605 4
608 3
611 4
615 4
616 4
617 1
624 4
629 3
634 4
635 5
639 3
640 5
650 4
651 5
654 4
655 3
656 3
657 5
659 4
666 5
667 5
668 5
669 3
672 3
673 4
675 5
676 2
680 4
683 3
685 3
687 4
699 4
701 5
704 4
707 4
708 3
710 3
711 5
713 4
717 5
720 3
721 5
724 4
730 5
732 5
735 3
738 2
740 4
743 4
747 4
750 4
751 5
752 5
753 5
755 5
758 4
768 3
769 5
775 4
782 3
783 4
784 5
785 5
787 3
790 3
791 4
794 5
796 3
797 3
803 5
805 5
810 5
818 3
827 5
828 4
834 5
836 5
842 5
845 4
846 5
854 4
858 4
860 2
863 3
866 3
869 4
871 3
873 2
875 4
877 4
878 4
880 4
883 3
884 5
888 5
889 4
894 3
913 5
926 5
928 5
930 4
931 3
934 2
936 4
940 4
942 2
