1 2
3 3
4 4
13 1
26 3
28 4
31 4
32 3
33 4
40 2
43 3
57 3
61 1
62 1
64 3
72 1
73 2
75 5
92 2
100 3
102 2
104 1
105 2
107 2
116 4
117 4
119 4
127 5
130 5
133 5
143 4
144 2
145 4
146 3
158 4
177 2
178 4
179 1
195 4
197 2
201 4
203 3
209 2
215 4
222 4
247 2
249 4
250 4
255 4
259 3
263 1
276 4
281 5
282 3
290 3
294 5
297 2
299 3
301 4
302 4
303 2
304 4
315 3
317 3
325 3
327 3
328 3
332 4
334 3
335 4
347 1
350 3
353 2
355 3
360 2
363 4
365 4
369 5
377 4
379 3
384 4
392 1
393 3
396 4
408 3
413 4
422 3
425 5
428 2
435 4
440 5
443 4
444 3
445 1
448 4
459 4
462 1
463 1
472 5
479 3
483 3
489 4
493 1
498 2
499 3
502 5
505 4
506 4
507 5
509 4
511 5
515 4
521 3
526 3
529 4
536 3
537 2
544 3
545 3
546 5
548 3
550 5
555 3
557 4
560 4
567 4
570 4
580 5
582 4
587 4
589 3
592 4
603 2
610 1
615 2
621 5
624 3
627 5
629 4
650 3
655 3
660 3
665 2
668 4
669 2
676 3
682 4
683 3
697 4
699 3
702 1
708 1
710 3
717 2
724 2
727 4
738 3
740 2
748 3
749 5
750 4
752 5
755 1
757 3
758 4
772 4
782 2
783 5
784 3
787 1
788 3
796 5
801 5
803 2
805 3
806 3
807 3
808 3
813 4
816 4
818 4
820 2
826 4
828 2
831 2
833 5
838 4
841 4
843 5
846 5
851 5
853 3
854 4
862 5
863 4
865 1
871 5
877 4
883 2
889 3
890 3
894 2
896 1
898 3
902 2
907 5
916 3
919 4
922 3
929 2
940 2
