1 3
2 5
3 2
6 4
13 4
39 2
40 2
43 5
54 5
58 5
60 4
73 4
74 5
85 4
90 5
100 4
102 3
104 4
105 4
110 4
111 3
112 5
116 3
119 5
126 3
129 4
130 5
133 5
143 4
146 5
149 3
152 5
159 5
161 5
163 4
171 5
174 5
176 5
179 5
184 4
190 5
191 4
197 4
201 3
206 5
215 3
221 5
228 5
229 3
232 4
239 5
240 5
247 4
258 5
260 3
263 5
266 4
269 3
271 3
273 4
276 5
284 5
286 5
288 5
293 4
296 5
297 5
305 3
322 4
325 3
328 5
329 5
334 4
344 5
345 5
353 5
354 3
356 5
365 4
377 5
378 4
380 4
383 3
384 5
392 5
393 4
401 3
404 4
408 4
410 4
414 5
416 5
423 5
425 4
428 5
440 5
444 5
445 3
450 5
453 5
454 5
462 5
479 4
480 4
487 5
489 5
499 5
514 4
526 5
532 5
537 4
543 3
548 2
551 5
564 3
574 4
578 2
587 5
588 5
589 5
592 5
593 5
610 4
611 5
613 5
616 5
624 5
626 5
630 5
631 4
634 5
636 5
646 4
650 4
653 4
655 3
656 3
659 4
660 4
661 4
663 5
667 5
668 5
673 5
675 3
676 4
682 5
683 4
693 4
701 5
704 5
711 5
713 4
720 4
724 5
729 4
751 4
752 4
753 4
758 4
766 4
768 5
772 5
775 4
782 5
784 4
796 4
809 5
822 3
827 4
831 5
834 4
835 4
840 4
841 4
842 4
845 3
851 5
856 5
860 3
863 5
866 2
870 4
871 2
872 4
880 5
894 4
898 4
903 4
907 5
911 4
919 5
920 3
926 5
931 5
936 4
940 4
942 5
