2 3
6 4
10 4
11 3
13 3
15 4
20 4
26 3
42 5
43 5
44 4
59 1
81 3
82 3
83 4
84 4
87 4
92 4
94 4
95 4
99 1
106 3
119 4
128 4
131 3
141 5
144 3
145 3
151 5
152 5
157 4
159 3
161 2
168 4
178 4
181 4
183 5
184 4
189 4
193 3
194 2
210 5
213 5
216 3
223 4
227 4
234 3
236 1
256 5
269 1
271 3
274 4
276 3
277 4
279 3
280 5
286 2
290 4
296 4
298 3
299 3
304 4
308 3
310 3
314 3
320 4
327 2
329 3
340 4
342 2
343 3
344 2
345 3
357 4
361 3
374 4
376 3
378 3
389 4
393 4
396 4
398 3
399 3
403 3
406 3
407 3
416 4
429 3
432 3
434 5
445 2
447 1
449 2
450 4
456 3
459 4
463 3
474 3
477 5
479 4
483 4
484 4
487 4
493 5
497 3
500 3
501 3
506 4
514 4
520 3
533 4
534 3
536 4
537 2
540 4
541 4
551 2
552 3
554 3
555 4
569 4
590 3
593 3
595 3
599 5
605 3
623 4
634 3
637 5
639 1
654 4
655 3
661 4
663 3
665 3
680 3
682 4
684 2
690 3
708 4
715 3
716 5
717 4
718 3
719 3
726 4
727 5
733 3
734 4
741 4
747 4
751 4
756 3
762 4
764 3
768 3
771 4
790 3
796 5
798 5
805 2
821 5
823 4
825 4
837 4
838 4
852 3
854 3
860 3
872 3
877 4
878 3
881 3
885 5
887 1
888 4
891 5
892 4
896 2
904 5
907 5
921 4
922 3
927 1
930 4
932 5
935 5
936 3
939 5
943 3
