2 5
6 4
7 4
10 4
13 3
14 4
15 4
18 5
23 5
24 5
25 4
43 4
52 4
58 5
60 4
62 4
64 4
68 5
79 4
81 4
82 2
85 3
89 5
90 5
93 4
95 3
99 1
106 4
108 5
116 2
119 5
121 4
123 4
125 5
128 5
131 2
132 3
136 4
145 2
151 5
152 4
158 5
168 3
178 5
181 3
184 5
185 4
187 5
189 5
201 4
211 2
214 3
226 3
228 3
232 2
233 5
235 5
236 3
242 5
243 3
249 4
251 4
252 5
257 4
262 4
264 5
266 5
270 5
271 4
274 5
279 3
286 4
293 3
296 4
297 5
298 3
299 4
304 4
305 2
306 4
308 4
310 5
311 4
312 5
316 5
318 4
321 4
324 4
327 4
328 4
330 5
334 4
336 4
338 5
343 5
344 4
354 4
357 5
360 4
361 4
365 4
373 5
376 5
378 5
389 5
390 5
393 4
401 4
402 5
406 3
409 4
413 5
416 5
419 5
420 5
422 5
424 5
429 4
434 3
437 5
444 4
450 4
452 4
454 2
455 4
457 5
458 5
459 4
460 3
463 5
465 4
468 4
473 5
474 3
477 5
483 4
484 3
486 4
492 2
493 1
498 3
499 3
500 1
503 5
514 5
517 5
524 3
527 3
530 5
533 4
535 4
536 5
537 4
538 4
539 4
548 3
550 4
553 5
554 4
558 4
560 4
573 4
576 3
581 3
585 4
588 3
590 4
591 4
593 3
595 4
597 4
605 4
607 4
608 5
610 4
612 5
615 4
618 3
623 5
624 4
629 5
632 3
634 3
636 3
637 3
639 4
648 5
649 2
652 4
654 5
655 4
662 4
667 4
672 5
678 2
694 4
698 4
699 3
701 5
703 4
705 5
707 4
711 5
716 5
727 3
733 3
734 4
735 4
741 4
745 1
756 3
759 4
761 4
763 5
764 4
765 4
768 4
770 5
771 5
779 4
780 4
786 4
790 4
791 5
794 4
796 4
798 4
800 4
821 5
825 3
828 3
829 4
834 3
837 4
838 5
843 3
854 4
857 5
859 3
861 5
864 4
869 4
871 3
874 4
877 4
878 4
882 5
883 4
884 4
894 4
895 5
896 4
899 4
901 3
902 4
904 5
907 5
909 5
918 4
919 5
921 1
924 4
930 4
931 5
936 4
937 4
938 4
939 4
