2 3
7 3
13 3
21 2
27 3
42 3
53 4
56 2
57 4
62 3
66 4
82 3
83 5
85 3
87 4
92 3
94 3
101 2
108 4
109 2
130 4
141 4
144 3
145 4
164 4
168 2
178 3
181 2
186 4
188 3
189 2
190 3
194 2
201 2
207 3
213 4
217 2
222 3
244 3
251 4
255 1
269 1
270 5
276 3
294 3
296 2
298 3
301 4
303 3
327 3
328 4
344 3
354 1
373 3
374 3
378 3
381 2
386 3
393 4
396 3
406 3
416 5
425 2
429 3
437 1
438 4
442 3
445 1
447 3
450 4
455 3
465 2
479 3
486 3
500 3
503 3
504 4
506 3
524 2
525 3
533 4
537 1
540 3
548 4
551 5
552 3
560 3
564 3
569 3
577 3
580 2
586 3
592 4
606 4
614 3
619 4
620 5
627 3
634 4
648 3
650 2
655 2
660 3
663 3
672 3
682 3
690 3
693 3
708 4
711 3
714 3
717 4
719 3
733 2
741 2
746 3
759 4
764 3
778 2
786 4
788 4
796 4
798 4
817 4
821 3
825 3
829 3
835 4
839 3
854 3
880 4
881 3
891 5
894 3
896 2
897 4
903 4
907 5
916 3
923 4
930 4
931 3
935 5
936 4
938 2
943 4
