2 4
12 5
15 3
16 5
26 4
28 4
42 4
45 4
52 4
57 5
63 1
66 3
68 1
69 3
71 3
81 5
84 4
85 3
92 4
94 3
95 4
99 3
101 3
104 3
108 3
109 3
115 4
117 5
119 5
120 4
121 1
128 3
130 5
141 5
144 4
145 5
160 4
164 5
168 5
178 3
181 4
190 3
193 5
194 3
200 4
201 2
203 1
207 4
216 5
221 4
222 4
223 4
224 4
236 5
248 2
251 4
253 4
256 3
265 5
270 3
271 2
274 5
276 4
277 4
280 3
289 3
291 4
292 4
293 2
294 3
296 4
297 3
298 4
301 4
303 3
305 3
311 5
314 5
318 4
323 3
324 5
326 2
328 3
329 3
332 5
334 4
336 3
342 1
345 3
347 5
363 2
374 5
378 4
391 4
393 4
394 3
396 4
399 3
401 3
403 5
406 3
416 5
423 4
429 3
432 5
438 5
439 3
441 4
447 4
449 3
450 5
453 4
455 3
456 3
457 4
458 2
459 3
463 3
474 4
477 4
478 3
479 5
486 2
487 4
495 5
500 4
501 4
504 4
525 4
526 3
532 5
533 4
534 5
535 3
542 3
548 4
549 3
551 5
552 3
554 3
580 5
588 5
590 2
592 4
593 5
595 4
599 5
605 4
606 4
618 3
624 4
627 2
630 3
632 4
634 4
637 3
643 3
649 4
652 4
653 3
654 3
655 3
657 3
663 3
665 4
666 3
674 5
678 3
682 4
684 4
693 4
697 4
705 5
709 5
710 2
714 4
715 3
716 3
717 5
718 5
719 4
721 4
727 4
728 4
733 3
734 4
742 3
747 2
754 4
758 3
761 4
764 4
768 4
770 5
776 3
788 4
790 4
792 3
793 4
796 4
804 4
823 3
825 4
834 4
854 2
859 3
862 5
864 3
869 3
872 5
879 4
880 2
881 4
886 3
889 4
891 5
896 2
899 5
903 4
905 3
907 4
910 3
917 4
919 4
921 2
923 4
930 4
933 3
935 4
936 2
942 5
943 5
