2 5
10 4
14 4
15 4
18 5
23 4
26 3
42 3
43 2
49 3
58 1
62 4
63 4
79 4
81 4
82 2
85 3
89 4
93 4
104 4
125 5
128 5
136 4
152 4
157 4
158 5
178 5
181 3
182 2
184 5
189 5
202 3
203 5
226 2
234 3
242 4
243 3
248 1
249 5
256 3
262 3
264 5
266 3
270 5
271 4
279 3
293 2
297 4
299 3
303 3
306 3
308 3
314 4
316 5
321 3
324 3
330 5
334 4
343 4
344 4
345 4
354 4
357 5
360 4
361 4
363 2
378 4
381 5
385 2
389 5
390 4
393 3
398 3
409 4
413 5
416 5
420 5
429 3
434 3
437 1
440 5
450 3
454 3
458 5
460 3
463 5
465 3
468 4
470 5
474 3
478 4
479 4
481 5
483 5
500 2
503 5
514 4
517 4
520 4
526 3
527 4
533 3
535 4
536 3
537 4
548 3
558 3
569 4
573 4
581 2
585 4
588 4
591 4
592 4
593 4
597 5
608 4
610 3
615 4
618 3
622 4
623 4
625 3
634 2
636 3
637 2
639 4
654 5
655 3
667 4
668 5
697 5
698 2
699 4
705 5
707 4
708 1
711 4
716 4
727 2
731 4
733 3
734 5
735 2
741 4
761 4
763 4
765 4
771 4
786 4
790 2
796 3
798 5
825 2
828 3
837 5
838 5
854 3
855 3
857 5
860 4
864 5
878 3
880 3
883 4
894 3
895 4
899 4
906 4
907 4
919 4
924 4
930 4
931 4
935 4
937 4
939 5
