2 4
6 2
16 1
18 3
26 3
42 3
43 5
45 4
53 2
57 3
58 4
59 2
63 3
64 4
66 3
75 2
81 3
82 4
84 3
85 3
92 2
101 4
108 3
115 2
128 3
130 2
141 5
144 3
145 4
152 5
158 5
161 3
168 2
174 4
178 4
181 2
192 5
194 3
201 3
207 3
213 5
222 3
223 2
224 3
230 1
234 3
246 1
256 4
265 4
268 3
271 3
276 4
277 4
279 1
280 3
291 4
293 2
296 4
297 4
298 4
301 4
303 4
308 4
314 3
318 3
320 4
328 3
329 3
330 5
332 5
336 4
344 3
345 4
347 3
349 5
357 4
360 3
363 2
374 1
378 3
379 4
398 2
399 2
401 3
403 1
406 1
413 4
416 4
429 3
432 4
435 2
438 2
447 4
450 4
457 3
458 4
463 3
470 4
474 4
486 2
490 3
491 3
493 4
500 3
517 2
518 4
524 3
532 5
533 1
535 4
537 3
548 3
551 4
552 3
554 3
560 3
561 1
569 4
572 3
577 4
586 3
590 2
593 4
599 4
601 4
605 2
606 4
622 1
627 2
629 4
634 4
654 4
655 2
663 4
666 3
672 4
682 4
690 4
697 5
698 1
705 3
708 5
714 3
715 4
716 3
718 4
719 2
721 4
727 3
733 2
742 3
749 4
754 3
764 4
768 1
769 3
779 3
788 3
789 3
790 4
796 3
804 4
821 3
825 3
829 3
831 3
833 1
834 4
837 1
851 3
869 1
870 2
872 3
880 4
882 3
887 4
892 5
894 3
895 3
896 4
899 3
900 2
906 4
907 5
910 3
916 2
919 3
921 4
929 2
933 2
935 4
938 2
943 2
