2 5
6 3
7 5
10 5
13 5
14 5
15 4
18 5
43 4
52 5
59 4
62 4
63 3
71 3
73 4
74 3
79 5
90 5
104 4
106 4
116 4
123 5
131 5
132 4
138 4
144 4
158 5
160 4
176 5
181 2
184 5
185 5
196 5
199 4
201 4
209 5
214 5
227 4
234 4
235 4
243 5
257 5
266 4
269 5
271 4
277 4
286 1
291 4
292 4
293 5
296 5
299 5
305 5
306 4
308 5
315 5
318 4
324 4
327 4
334 4
344 5
345 5
349 5
354 5
360 5
361 4
365 4
370 3
378 4
379 5
383 5
385 5
389 5
392 3
406 5
409 4
416 2
420 5
439 5
449 5
452 3
454 2
457 5
458 4
460 4
461 4
463 4
468 4
470 3
473 4
474 5
486 5
491 5
492 4
500 3
503 4
523 5
524 3
526 5
527 5
535 4
537 4
539 4
555 5
558 5
561 4
581 5
590 5
591 5
592 5
593 2
609 5
624 5
634 4
637 3
639 1
641 5
651 4
655 4
662 5
664 5
667 5
678 3
680 5
692 3
696 4
699 4
701 5
707 5
717 5
719 4
728 4
733 4
735 4
745 1
747 5
758 5
765 5
786 3
794 5
825 3
835 4
837 4
839 5
840 4
854 4
860 5
874 4
878 5
883 5
884 4
891 5
894 4
906 5
917 4
919 5
924 4
932 4
936 4
937 4
939 5
940 4
