2 4
6 2
7 4
9 5
10 4
11 5
13 3
15 2
16 2
17 3
18 5
21 3
24 5
26 3
27 3
28 3
29 5
30 5
34 5
40 2
41 4
43 4
46 5
47 3
48 3
50 2
59 3
60 5
62 3
63 4
66 1
68 5
71 4
73 4
76 5
79 5
82 4
84 5
85 4
86 3
88 5
90 5
94 4
95 5
100 3
102 3
104 1
105 4
106 4
107 2
111 4
112 4
113 4
116 3
119 5
120 5
123 5
126 3
127 1
129 5
130 5
131 5
132 3
133 2
134 3
136 5
139 4
140 5
141 4
143 2
144 4
145 3
146 3
147 5
149 5
151 5
152 5
154 4
155 4
157 5
158 4
159 1
161 2
163 3
166 1
171 3
173 5
174 5
176 2
178 3
181 1
184 4
185 4
191 4
193 4
194 1
196 5
197 1
199 5
200 4
201 2
202 1
204 3
205 2
207 2
209 2
211 4
212 4
213 3
216 4
220 5
221 4
223 1
224 3
225 4
226 4
227 3
228 5
229 4
232 3
233 3
234 3
236 5
237 3
238 5
239 1
240 5
241 5
243 4
252 5
254 1
257 5
258 5
259 4
264 2
266 4
268 5
270 5
271 4
273 3
277 5
278 5
280 4
284 4
285 3
288 4
293 3
294 5
296 5
297 5
298 4
299 4
303 5
304 1
305 4
306 4
307 3
309 4
315 5
316 5
318 3
321 4
323 3
324 5
325 4
327 2
328 5
329 4
330 5
331 4
334 4
338 4
339 5
342 4
343 4
344 3
345 3
347 3
350 5
351 5
353 5
354 4
355 5
356 3
359 5
360 5
361 5
364 5
372 5
373 3
378 5
379 4
380 5
382 2
383 5
384 4
385 3
387 2
389 2
390 4
391 4
392 2
395 4
397 4
400 4
401 2
402 5
404 1
406 3
407 4
408 3
409 5
410 4
413 5
416 5
417 5
419 4
420 4
422 5
423 4
424 4
425 1
427 4
428 3
430 4
431 4
433 5
437 2
438 2
442 2
443 5
444 2
446 3
447 2
448 2
449 4
450 4
451 1
452 4
454 3
455 5
456 3
458 4
459 4
460 4
463 4
464 3
465 4
468 4
469 5
470 4
474 5
475 2
479 1
482 3
483 3
485 2
486 2
487 2
488 1
489 4
490 2
491 4
492 4
494 4
500 1
503 3
510 3
512 5
515 2
516 5
520 5
524 5
527 2
529 4
531 5
533 4
534 3
535 2
537 3
539 4
540 4
544 4
546 2
548 1
551 4
552 4
554 4
556 4
558 4
561 4
562 4
568 3
569 5
570 4
572 4
573 3
574 3
579 4
580 4
583 4
585 4
587 4
588 4
589 3
590 5
591 4
592 5
593 5
594 3
596 4
597 3
598 5
605 4
608 4
611 5
614 2
615 4
616 5
623 2
624 5
625 4
626 5
629 4
631 3
634 5
637 5
639 4
645 4
646 3
648 1
650 3
651 4
652 3
653 4
655 3
656 1
657 4
662 3
663 3
664 4
665 4
666 5
668 4
673 4
675 4
676 4
677 1
679 5
680 4
681 5
683 2
685 1
687 3
695 3
696 5
697 4
699 3
701 4
704 5
705 3
707 5
710 4
711 4
713 3
717 3
720 5
721 5
722 4
723 3
724 1
725 5
728 3
732 5
733 4
735 5
736 4
739 2
740 5
743 3
745 1
747 4
748 3
750 4
752 1
753 3
754 3
755 5
758 5
762 4
763 4
764 4
765 5
771 2
773 3
775 4
777 2
780 4
781 1
782 2
783 3
784 3
786 4
787 3
788 5
789 1
791 3
794 3
796 2
797 2
799 5
802 2
803 5
806 3
808 4
809 4
810 4
811 5
812 2
818 4
819 5
820 4
823 5
824 2
825 4
827 3
828 4
829 4
832 3
834 4
835 3
836 3
837 4
838 4
839 4
841 5
845 5
851 4
853 3
854 1
856 4
858 4
860 4
861 4
863 5
864 5
867 5
870 4
871 3
873 2
874 4
875 3
876 5
877 2
878 4
881 2
883 3
888 5
890 5
891 5
893 4
894 5
898 2
906 5
907 5
909 4
910 3
915 4
916 4
919 4
920 2
924 3
926 4
930 3
931 5
934 4
935 5
936 5
937 4
938 3
940 3
