2 3
10 4
13 2
15 3
21 3
24 3
30 2
34 1
36 2
41 2
43 4
47 4
48 1
49 4
63 2
69 4
70 3
71 2
73 2
75 1
78 4
81 3
82 1
84 5
85 3
86 3
90 3
91 4
92 3
95 2
100 3
104 4
112 5
113 2
116 4
123 1
125 5
126 3
130 5
137 3
140 4
154 2
157 4
159 2
173 4
176 3
177 2
181 4
192 4
194 1
197 4
201 2
205 4
220 4
223 1
231 4
232 4
234 4
236 4
240 4
246 2
257 4
258 2
266 3
271 4
276 2
281 3
284 3
286 5
288 3
296 3
299 3
302 3
303 2
305 4
306 3
316 2
318 3
323 2
324 5
328 4
334 3
342 2
345 3
351 5
364 3
365 3
374 1
376 3
378 5
384 5
387 1
390 3
392 5
397 3
399 4
404 1
406 3
407 3
409 1
410 1
413 4
416 3
424 5
425 1
426 2
427 5
428 4
445 1
446 3
451 1
454 3
455 3
456 4
458 2
459 4
460 4
462 5
464 4
474 3
477 5
482 3
485 3
486 3
487 2
488 1
489 2
490 1
494 1
500 4
509 2
510 2
515 1
518 4
520 4
523 4
524 4
525 3
531 3
533 2
537 1
538 1
539 4
547 3
554 4
557 4
564 4
566 1
570 1
572 3
574 4
579 2
580 5
587 3
588 2
589 3
592 4
595 4
596 3
597 5
614 2
615 2
616 4
626 1
627 2
631 4
633 3
637 2
644 1
655 3
663 1
668 2
674 2
677 1
681 5
683 4
685 2
693 3
695 2
701 4
702 2
704 3
708 4
714 3
717 4
718 3
719 2
721 3
723 2
724 1
728 3
732 3
735 1
740 4
743 3
752 1
755 1
756 4
758 2
761 2
764 5
770 5
771 4
781 3
782 3
786 4
788 4
791 4
798 3
799 3
800 4
803 3
807 4
809 1
810 5
811 2
812 1
813 4
817 2
820 2
824 2
825 1
827 3
833 1
836 1
837 5
838 5
846 4
847 5
852 2
854 2
856 1
858 3
860 3
861 5
863 4
867 5
870 2
871 3
873 2
874 4
875 4
876 3
881 1
883 5
887 5
894 2
902 3
904 5
909 3
910 3
913 5
917 4
918 2
919 3
926 3
936 5
938 1
940 3
