2 3
11 3
13 4
22 5
32 3
42 3
43 4
49 2
59 3
62 3
75 4
79 3
95 3
99 4
104 4
108 4
125 4
130 3
141 1
151 1
157 4
158 4
167 3
181 2
207 2
210 4
234 3
244 3
248 3
249 2
252 3
268 3
276 4
279 4
286 3
291 4
293 2
295 4
303 4
334 3
336 3
344 2
347 3
363 3
373 5
382 4
385 3
393 3
407 3
417 4
429 3
435 3
439 4
447 4
450 4
452 2
483 3
521 3
524 2
534 4
537 2
595 4
601 3
634 3
648 3
650 2
653 3
660 4
669 2
677 1
679 2
682 1
717 3
733 4
741 3
747 3
758 5
804 4
825 4
847 4
851 4
852 4
854 1
864 3
872 2
882 4
885 1
889 2
893 3
894 2
897 4
907 4
916 3
922 4
931 2
938 3
