2 3
11 4
15 3
21 3
26 3
43 3
54 1
75 1
84 3
85 3
92 4
109 3
121 3
130 4
141 5
150 4
159 4
164 5
168 4
181 3
186 4
190 3
198 2
200 3
207 3
230 4
234 3
242 3
244 2
256 5
276 3
279 3
283 2
287 5
291 5
293 2
294 2
303 3
308 3
320 4
328 4
332 4
344 3
345 3
346 5
347 5
348 4
349 3
357 4
374 3
391 3
393 4
396 4
399 3
403 4
407 4
416 4
429 4
435 4
445 2
449 2
455 3
459 4
470 2
474 4
487 3
492 4
497 3
504 4
518 3
521 1
524 4
525 2
533 3
534 4
537 2
548 5
551 4
552 2
569 4
592 3
595 3
623 3
637 4
644 4
647 3
648 3
649 5
653 4
654 4
655 3
662 2
666 3
679 4
682 1
693 3
697 5
699 3
714 3
717 4
719 3
722 4
727 4
733 2
749 4
751 3
754 4
758 4
761 3
788 4
792 2
796 4
804 4
825 5
833 3
851 4
854 2
881 3
882 4
889 3
892 4
896 3
899 4
907 5
910 1
923 4
938 4
