2 4
6 3
26 3
76 4
94 4
104 3
130 5
131 3
141 2
144 4
145 4
150 4
157 5
158 4
159 4
160 5
164 4
174 5
176 5
178 4
182 3
207 2
209 4
222 3
227 5
233 4
250 4
259 4
262 2
265 4
267 4
269 3
276 4
277 4
291 5
293 4
294 4
296 5
297 3
303 4
308 4
323 4
324 4
327 3
330 3
332 4
334 3
339 5
342 4
345 4
346 3
347 5
363 4
385 3
387 4
392 4
416 5
417 4
422 3
423 4
425 4
429 4
430 3
432 5
433 3
439 3
445 3
447 4
449 4
454 4
455 4
458 5
460 4
464 5
467 4
468 5
470 4
473 4
474 4
484 5
486 3
487 5
490 2
498 4
501 4
503 4
514 3
525 3
526 5
533 3
540 4
542 3
548 4
567 5
582 5
590 3
592 5
593 1
595 4
597 5
605 3
606 5
614 3
619 3
621 3
624 4
634 3
637 3
644 4
653 3
655 4
665 4
666 3
682 4
703 4
707 4
709 4
716 4
717 5
719 3
733 4
735 3
736 4
749 4
754 4
758 3
761 4
774 1
782 2
789 4
793 4
796 5
825 3
833 4
834 3
854 5
858 3
859 4
880 4
894 4
903 4
910 4
919 4
923 4
931 4
937 4
938 3
