2 1
3 2
4 5
6 2
7 1
8 3
9 4
10 3
13 2
16 4
17 4
19 3
21 3
22 1
23 1
24 3
26 3
28 3
29 4
30 4
32 3
33 3
34 1
38 5
39 4
40 4
42 4
43 5
44 4
46 2
48 3
49 1
56 4
57 4
61 2
62 1
63 2
65 4
66 4
69 2
74 4
75 3
78 3
82 4
83 3
84 3
91 3
92 3
95 2
99 4
100 4
102 2
103 4
104 3
108 4
109 4
110 3
112 3
113 4
116 2
119 1
121 4
123 1
125 4
126 3
127 4
128 4
130 5
133 3
134 4
135 4
140 3
141 4
142 3
143 3
144 4
145 4
146 1
152 4
153 2
155 3
158 1
159 4
162 3
166 3
168 4
170 3
173 5
176 2
177 4
178 2
181 2
183 3
186 3
188 2
189 5
190 3
193 1
194 4
197 4
199 1
200 4
203 2
205 3
206 2
207 3
213 3
214 3
218 2
220 4
222 3
223 4
224 4
227 3
230 5
232 2
234 3
236 2
238 3
241 3
242 4
244 4
246 2
248 3
249 3
250 1
251 3
253 4
255 2
256 3
258 4
259 3
261 4
262 2
263 2
264 3
265 4
267 3
268 3
271 2
274 3
275 4
276 4
278 4
279 2
280 2
281 3
282 4
283 4
287 5
288 2
291 5
293 2
294 4
296 1
297 3
298 3
299 2
300 3
301 4
302 1
303 4
304 4
308 3
310 1
311 4
314 5
318 4
320 4
323 3
324 5
327 3
328 3
329 2
332 5
333 3
336 4
338 1
341 3
342 3
345 3
346 3
347 1
348 4
356 1
357 4
362 3
364 5
365 1
370 1
374 2
377 5
378 2
379 3
381 5
387 2
388 4
391 2
392 4
393 4
394 4
400 3
401 1
404 4
406 3
408 5
414 2
416 4
417 4
422 3
424 5
425 2
428 4
430 2
431 5
432 4
433 3
435 4
441 4
442 2
443 5
446 1
447 4
450 4
451 5
452 2
456 1
457 2
459 5
460 2
461 3
464 4
466 3
468 3
470 3
472 4
474 3
476 3
477 4
479 3
480 1
482 4
484 4
485 1
486 2
487 4
488 4
489 3
491 2
494 4
497 4
500 3
501 3
502 3
504 2
505 3
506 4
507 5
509 2
510 3
511 4
514 3
515 3
517 1
520 3
526 3
528 3
529 4
533 4
534 5
537 1
538 3
540 4
544 2
546 1
547 1
548 3
550 3
551 4
552 4
554 3
556 2
557 3
559 1
563 3
569 2
575 1
576 3
577 4
578 3
579 4
580 4
582 1
587 3
588 4
589 5
592 3
595 2
596 4
597 4
599 4
601 1
602 5
603 4
605 4
606 2
608 3
609 2
610 1
614 4
615 3
617 1
619 1
620 5
622 3
624 3
625 3
626 3
628 4
629 3
630 4
631 3
634 4
635 3
637 3
642 5
644 4
646 2
647 3
648 3
650 3
651 1
652 2
653 2
654 3
655 3
657 5
659 4
660 3
661 4
663 3
665 2
666 3
668 3
673 4
674 4
676 4
677 5
679 1
680 4
681 5
682 3
683 3
687 3
690 3
691 4
692 3
697 4
698 4
699 3
702 1
703 2
706 4
707 2
708 3
709 3
710 3
712 4
714 4
716 4
717 3
719 2
721 3
722 2
724 4
725 3
726 5
727 4
729 2
730 4
732 3
733 2
734 1
736 3
740 4
742 3
743 2
749 2
750 4
752 3
753 5
755 3
758 5
759 5
761 3
764 3
766 2
770 3
771 4
772 4
774 1
779 5
780 3
781 1
782 3
783 3
785 4
787 3
788 3
789 3
790 2
791 3
793 5
796 3
797 3
800 3
801 5
802 4
804 5
805 1
808 5
810 5
811 4
812 5
813 1
816 5
817 4
821 4
823 3
824 3
825 4
826 4
827 4
829 2
830 3
831 4
832 4
834 3
835 3
837 4
844 2
846 3
848 5
850 5
853 2
854 2
856 4
857 3
859 3
860 2
861 3
863 4
864 4
865 4
867 3
869 3
872 3
873 4
875 2
876 4
879 3
880 4
881 3
882 4
887 5
889 3
893 3
895 4
897 3
900 4
901 3
902 2
905 3
907 4
909 3
919 3
921 4
922 4
923 4
926 3
927 5
936 3
937 1
940 4
941 4
