2 4
4 5
6 2
8 4
11 4
13 1
15 4
21 4
30 4
39 3
43 5
47 4
49 3
61 1
63 5
74 3
75 4
78 5
79 3
83 2
85 4
88 4
89 5
90 4
102 3
103 4
104 2
110 2
111 4
112 3
116 3
119 4
134 2
140 3
145 4
146 2
147 5
149 3
151 4
152 3
159 2
163 3
169 4
173 5
179 4
181 2
184 3
191 4
192 4
193 4
204 4
209 3
210 4
220 4
224 3
234 3
238 3
240 5
244 2
257 3
261 4
276 4
278 2
279 4
281 3
284 5
286 5
287 3
294 4
296 5
297 4
302 4
315 2
318 4
319 4
324 5
327 3
328 2
334 2
338 4
342 5
344 4
345 4
351 3
353 3
363 3
365 5
376 3
378 3
388 4
389 4
391 4
399 4
400 4
404 3
413 3
414 3
416 5
418 2
420 3
425 4
428 4
429 3
437 3
438 4
439 3
446 3
448 1
450 4
451 4
455 2
458 1
459 2
460 3
463 5
464 4
482 4
485 2
486 4
487 4
489 3
499 4
500 2
502 1
509 2
514 4
523 4
524 4
526 2
529 4
532 4
535 4
537 2
539 5
544 2
547 3
550 2
552 4
555 4
560 3
563 4
568 1
569 4
570 3
572 4
587 3
588 5
589 2
592 1
593 4
605 3
608 1
611 4
616 3
621 4
624 3
628 4
629 3
631 4
635 3
637 1
640 2
641 4
645 2
650 2
651 3
652 1
655 2
656 3
657 3
660 3
665 4
666 4
667 1
672 4
673 3
683 2
695 3
697 5
710 3
711 4
717 4
721 4
724 4
725 4
730 1
735 3
739 5
743 4
744 3
747 1
750 4
751 5
752 4
755 3
758 3
768 5
770 4
782 3
783 4
785 4
788 2
791 3
796 1
801 5
810 5
811 5
820 2
827 4
828 2
831 2
847 5
851 3
853 1
860 2
861 4
863 4
871 4
880 4
895 4
902 2
905 4
907 4
913 1
915 2
919 3
920 2
936 3
937 1
940 3
