2 4
3 3
4 5
6 3
13 4
15 3
29 4
31 3
40 4
47 4
79 4
80 4
87 3
90 4
111 3
112 4
113 5
116 3
126 3
129 3
136 4
139 5
140 5
144 4
149 4
171 4
173 5
176 3
179 1
181 1
186 3
201 2
204 5
211 3
219 4
220 4
229 1
235 4
273 4
276 4
284 5
293 4
296 4
299 3
302 2
306 3
309 2
315 4
322 3
329 4
334 4
343 4
344 4
345 4
354 5
360 3
381 3
392 4
393 4
405 1
409 4
410 3
413 5
416 4
427 5
428 3
430 4
431 4
433 4
446 2
448 4
451 2
460 3
473 4
475 1
485 4
486 4
489 4
503 5
533 4
537 4
539 5
543 4
547 3
567 3
568 4
570 5
574 3
579 3
587 4
592 5
608 4
611 3
613 4
615 5
616 4
641 3
655 4
656 4
673 5
675 5
676 4
683 3
701 4
707 3
710 4
717 4
721 3
743 5
747 5
750 4
758 4
770 4
784 4
803 4
818 5
819 4
828 4
840 5
842 5
845 1
851 4
854 3
860 3
863 1
866 4
889 3
894 4
919 4
926 3
931 4
934 4
937 4
942 4
