2 3
13 4
40 4
46 5
47 5
107 4
111 2
130 4
147 4
149 4
163 2
171 2
173 5
176 5
179 4
181 2
220 4
239 4
242 5
257 4
273 4
282 4
284 4
288 4
299 3
305 3
315 5
318 2
325 2
327 5
331 5
334 2
335 4
345 4
354 4
385 4
416 3
425 3
428 3
448 4
450 4
451 3
461 2
470 4
486 3
532 3
537 4
548 1
557 3
570 5
574 3
587 4
592 4
608 3
611 4
624 4
628 5
639 1
641 5
655 4
675 4
683 4
695 3
696 4
697 5
707 5
721 3
724 3
732 2
747 5
750 4
751 2
752 4
758 4
775 4
787 3
803 5
860 4
861 4
863 4
866 2
871 3
874 4
887 5
894 4
915 2
919 4
