2 4
6 2
13 4
15 4
19 4
34 4
36 4
40 3
58 4
61 4
64 4
82 4
85 3
90 3
99 3
100 3
104 2
112 4
115 3
116 4
119 5
126 2
129 2
145 4
149 2
159 5
171 4
179 4
190 4
193 4
204 1
206 5
208 4
211 3
241 4
244 3
258 5
271 3
281 4
284 3
304 3
311 4
324 4
334 3
338 3
351 5
355 4
356 3
374 5
379 4
388 5
392 4
393 4
404 4
408 4
414 4
416 5
423 3
424 3
425 3
428 4
440 3
445 1
449 3
450 4
454 4
462 5
463 3
489 4
504 4
507 4
509 1
515 3
516 4
520 4
524 4
528 3
529 4
532 4
537 3
540 4
544 2
548 3
550 5
551 4
574 4
587 3
589 5
608 1
624 4
630 3
631 4
646 3
653 4
655 3
661 2
666 5
669 4
673 5
681 3
696 4
697 3
707 4
710 3
713 4
720 4
722 4
724 5
726 4
729 3
751 3
752 1
755 4
758 3
768 4
772 4
775 3
782 4
784 4
787 5
804 4
813 4
829 3
830 4
835 4
845 4
851 5
856 3
860 4
863 5
869 4
871 3
872 4
880 3
894 3
896 4
898 4
910 3
913 3
915 3
919 3
920 4
931 3
940 3
942 4
