2 5
13 5
26 3
40 3
43 5
85 3
90 5
100 5
102 3
104 4
112 5
119 4
126 4
130 4
133 4
134 4
144 5
145 5
161 5
163 5
178 4
179 5
191 5
197 4
204 4
205 4
207 5
229 1
234 4
263 5
269 4
273 4
276 4
280 5
286 5
293 3
328 5
333 5
334 4
344 4
353 5
356 4
363 3
365 4
369 5
377 4
383 5
384 5
392 5
393 5
401 5
407 4
410 4
416 3
423 4
425 4
428 4
448 1
450 4
454 4
474 5
475 5
489 5
500 3
507 5
532 4
547 5
548 4
551 5
574 4
587 4
588 5
616 4
624 4
650 3
655 4
656 3
659 4
660 4
663 4
667 4
676 4
683 4
701 5
704 4
711 4
720 4
747 4
751 4
752 3
753 4
758 5
782 4
796 5
818 4
820 3
827 3
828 5
831 3
834 5
841 4
856 5
860 3
863 5
880 5
883 5
894 4
898 5
931 5
934 4
940 4
942 4
