3 2
6 3
7 4
11 4
13 5
18 5
43 2
44 4
84 3
85 3
90 4
94 5
109 2
115 5
118 5
128 4
151 5
156 4
178 4
184 3
189 4
194 4
201 3
207 4
212 5
234 2
239 5
243 5
244 5
249 5
259 5
271 3
272 4
276 4
288 4
293 4
298 4
305 4
326 3
328 4
334 3
339 4
343 5
345 4
347 1
363 5
373 4
378 5
379 5
387 4
393 4
405 4
406 4
416 5
435 2
454 4
455 3
458 5
474 4
493 3
498 3
508 4
527 4
537 3
538 4
551 5
561 3
577 5
608 5
610 3
627 5
629 4
633 3
654 4
655 3
659 4
664 3
682 4
683 4
686 5
707 3
711 4
721 4
763 3
788 4
790 4
805 4
831 4
846 3
847 3
864 4
868 5
870 4
878 4
889 4
896 4
903 4
907 5
913 4
916 4
933 4
940 4
