3 3
13 3
15 3
21 3
26 3
28 2
35 3
47 2
63 2
75 1
83 3
84 3
90 4
91 4
92 3
98 3
99 3
102 3
107 1
109 2
112 4
113 3
116 2
119 4
126 3
128 2
130 4
133 2
140 3
141 4
142 2
143 4
151 2
153 3
155 2
159 5
164 4
166 5
170 5
173 4
177 2
178 3
181 1
186 5
197 3
199 2
204 3
205 3
207 3
223 4
224 2
227 3
234 2
250 3
255 2
256 4
260 4
261 4
263 3
276 3
280 4
281 4
284 3
293 2
294 1
300 4
302 2
304 4
308 2
311 4
313 3
314 4
317 3
323 2
324 4
328 3
329 3
332 4
334 3
335 4
344 2
346 3
351 5
356 3
357 3
362 3
363 2
370 3
372 3
374 4
391 3
393 4
396 4
397 1
401 2
409 2
415 4
416 3
417 3
423 3
425 3
427 3
428 4
431 4
432 3
433 2
446 3
450 4
451 4
454 2
459 4
460 3
462 5
464 3
474 4
481 4
486 2
488 3
489 5
494 2
504 4
510 3
511 3
515 3
524 4
525 2
529 4
530 4
533 4
534 4
537 1
546 4
548 4
552 3
557 3
559 4
575 3
587 3
589 3
591 2
592 1
593 2
612 3
616 4
629 3
630 3
633 3
634 3
637 3
644 5
651 3
656 1
663 4
673 4
677 4
679 3
683 2
691 3
699 3
703 3
704 2
708 3
717 5
721 4
722 3
723 2
724 1
725 4
728 4
729 4
730 1
732 3
733 2
740 3
743 3
749 4
750 2
752 1
753 3
755 3
772 4
781 2
782 4
786 3
788 4
791 4
796 3
803 2
804 5
805 2
809 3
816 4
818 2
824 4
825 5
828 3
832 3
836 2
841 4
853 3
854 1
856 4
863 1
881 4
883 5
884 3
889 3
894 3
901 4
905 3
907 5
908 2
919 3
921 3
923 4
924 2
926 2
942 3
