3 2
4 5
7 1
11 1
21 4
24 5
34 5
47 3
49 4
50 5
74 3
76 4
104 1
105 4
113 2
116 2
118 4
135 3
150 4
154 2
155 2
173 5
176 5
177 4
181 1
199 1
201 5
214 5
227 4
244 4
248 4
250 2
255 5
257 5
267 3
268 4
270 2
276 4
280 5
284 3
291 1
292 3
294 4
303 3
309 3
315 3
327 3
334 4
335 1
342 1
343 5
347 1
350 4
355 4
358 4
367 5
387 4
392 1
397 2
408 5
414 4
417 1
422 5
425 3
440 5
445 1
451 4
456 4
466 1
479 1
486 4
489 3
501 4
506 1
510 1
519 1
521 2
527 3
529 2
543 3
551 3
556 4
570 2
576 2
578 1
589 1
592 4
595 3
601 4
611 3
626 4
629 2
655 3
663 2
669 3
685 3
687 2
695 2
697 5
699 4
717 3
721 3
732 2
733 4
736 3
758 5
773 3
781 4
782 2
787 2
806 2
817 2
820 3
833 3
836 4
842 4
854 3
863 5
871 3
890 4
894 3
898 4
903 4
925 4
936 5
