3 1
19 4
21 4
27 2
49 3
50 1
54 3
63 2
76 2
79 5
85 2
104 1
107 3
110 3
112 1
113 4
116 3
135 4
140 3
143 5
149 2
150 1
153 2
155 2
158 4
160 3
165 4
168 1
176 3
181 2
195 2
200 5
201 5
214 3
220 1
224 1
250 4
255 1
266 1
268 3
276 3
282 1
286 1
291 4
293 2
294 3
303 1
325 1
345 1
346 1
349 3
363 1
364 4
372 4
385 4
387 2
392 4
397 3
409 4
414 3
417 2
422 2
425 3
433 2
436 3
445 1
451 3
456 3
476 1
479 1
486 2
489 5
491 1
497 2
500 3
510 1
512 2
519 1
526 3
529 3
534 4
537 1
544 1
556 2
557 3
569 1
578 1
587 5
592 2
595 3
601 4
605 2
615 2
630 3
634 1
637 1
643 2
655 2
682 4
683 2
685 3
697 4
699 5
706 1
721 3
735 1
750 1
752 2
756 3
770 4
782 2
803 4
808 1
824 4
825 5
828 2
833 4
835 5
841 3
857 1
874 2
896 1
900 1
919 4
923 4
925 4
926 1
936 5
