3 2
13 3
21 5
29 2
35 3
38 5
64 3
74 4
82 2
86 3
88 5
91 3
99 3
100 3
102 3
110 4
111 3
113 5
116 2
126 2
130 5
134 5
143 5
144 4
149 3
155 2
159 3
163 3
164 3
165 5
170 5
171 2
173 5
178 4
181 1
188 3
190 4
195 3
197 3
201 2
203 4
205 4
206 1
222 4
224 4
258 5
260 5
261 4
281 1
297 2
303 2
305 2
309 5
311 2
313 4
317 3
318 4
328 4
329 3
332 5
334 1
342 1
351 5
353 2
356 4
357 5
360 3
365 2
367 4
372 4
378 3
388 5
392 2
409 3
413 3
416 5
417 4
422 3
423 4
425 1
428 3
433 2
446 2
451 4
454 4
462 4
464 4
466 3
474 3
485 2
489 4
499 3
509 4
510 4
515 2
529 4
544 3
545 3
548 4
551 4
555 4
570 1
579 3
587 3
588 4
589 1
592 4
597 1
603 4
606 4
616 3
619 2
624 3
628 5
629 3
644 5
647 3
655 2
656 1
663 4
664 2
669 1
673 4
676 2
688 5
692 3
697 4
701 4
708 4
717 3
721 4
724 4
740 3
743 3
748 3
749 4
752 1
757 3
761 1
770 4
772 4
782 5
784 5
787 4
788 4
796 4
801 4
802 5
810 5
812 4
813 3
816 4
825 4
827 3
831 4
832 4
834 4
839 4
841 4
844 3
851 3
853 2
856 2
863 5
871 5
873 4
877 4
894 3
902 3
905 3
907 5
909 4
919 3
937 1
939 5
