3 4
4 5
13 3
21 3
35 3
46 4
47 4
50 3
54 5
60 4
61 2
76 3
78 1
85 3
86 4
91 4
102 2
104 2
105 4
107 3
110 3
112 1
113 5
126 3
129 3
135 4
137 4
144 3
145 5
146 3
149 2
155 2
171 4
173 5
176 3
177 3
181 3
186 3
190 2
193 1
210 4
214 5
221 4
228 1
235 3
249 4
265 3
270 5
282 5
287 5
288 1
294 3
303 1
305 3
314 4
315 4
323 4
324 4
327 3
328 3
332 5
339 4
342 4
351 5
353 2
372 5
384 4
397 2
404 2
408 5
409 2
413 3
416 4
418 1
422 3
423 2
425 4
431 3
435 3
436 5
443 4
445 2
446 2
448 2
451 4
454 3
460 4
461 4
466 3
467 4
470 3
473 3
475 4
478 3
486 3
489 5
493 5
519 4
529 4
531 3
537 2
544 2
548 3
556 5
557 3
566 3
570 4
574 3
579 3
587 3
589 3
592 4
608 2
616 3
619 3
624 4
626 4
629 3
635 5
651 4
655 3
656 2
657 1
671 1
673 4
679 4
682 3
683 4
685 2
686 5
696 4
710 3
713 2
717 3
721 2
724 4
730 2
735 3
739 5
747 4
750 4
752 5
755 2
772 4
775 5
781 4
784 4
788 3
791 5
797 2
802 2
808 5
817 4
819 4
828 4
831 2
836 3
851 4
853 3
856 4
858 3
860 3
863 5
868 4
870 4
875 4
880 3
889 3
894 4
896 5
898 5
902 3
919 4
925 3
936 4
