3 5
4 3
12 4
13 3
15 3
21 3
26 2
31 2
33 4
35 3
38 4
40 3
43 4
44 4
46 4
49 2
54 4
61 5
62 3
63 2
65 4
74 4
85 3
86 2
90 3
91 4
92 3
94 3
95 5
99 4
100 4
102 2
104 3
111 4
112 4
113 5
116 3
119 4
126 5
128 2
130 4
133 3
134 4
141 4
143 4
144 3
145 5
146 3
149 2
151 3
155 2
159 3
160 3
164 5
165 3
166 5
170 3
173 5
176 4
178 3
181 3
190 3
191 3
193 3
195 4
197 4
205 3
207 2
222 5
223 3
224 4
229 1
234 2
236 5
250 3
253 4
255 2
258 3
263 4
265 4
268 1
271 2
273 3
276 4
284 4
292 3
293 2
294 4
300 3
302 3
303 3
304 3
313 4
314 4
317 4
323 3
324 4
327 2
328 4
332 5
334 3
335 3
347 4
351 4
353 2
355 4
356 4
360 3
362 2
363 3
373 4
376 3
378 3
384 4
388 4
390 4
391 3
392 3
393 5
395 4
396 4
399 4
400 3
401 4
404 4
408 2
410 3
413 3
415 5
416 5
418 1
423 1
427 4
430 4
431 4
440 3
444 5
446 3
450 4
451 5
459 3
462 5
464 3
466 4
476 4
479 4
482 4
485 2
486 2
488 4
489 4
493 4
499 5
500 3
502 4
505 4
506 4
507 5
509 1
514 3
515 2
517 3
519 2
526 2
529 4
530 4
533 4
537 2
544 3
545 4
547 4
548 4
550 5
551 5
554 4
555 4
569 4
574 3
579 3
582 3
587 1
589 5
592 1
596 5
597 4
608 4
616 3
619 1
624 4
626 1
627 4
629 3
633 4
635 3
637 4
644 4
646 3
647 3
652 4
653 4
655 2
660 3
663 4
664 3
665 4
668 4
673 4
676 5
681 3
682 3
683 2
689 5
692 4
695 3
697 5
699 2
701 4
703 3
708 3
717 4
721 5
722 5
724 4
725 4
727 4
729 3
730 2
740 3
748 4
749 4
750 4
753 3
754 3
755 4
757 3
758 1
759 5
770 3
772 5
779 4
782 5
783 4
784 3
787 3
788 4
790 3
791 4
796 5
797 2
801 5
804 4
809 5
810 5
812 4
816 4
817 4
818 4
820 2
828 3
831 3
832 3
833 2
837 4
842 2
851 3
853 3
854 1
856 3
857 3
863 5
864 5
865 3
867 5
870 3
872 4
873 4
877 2
880 4
886 3
894 4
895 4
896 1
898 2
902 3
904 2
905 3
915 2
917 2
919 2
920 2
921 5
927 4
928 3
938 2
942 3
