3 4
13 3
15 3
61 2
74 4
91 5
99 3
104 3
112 4
116 3
129 2
130 3
143 5
145 3
146 5
155 3
164 5
169 5
173 4
178 4
179 2
181 1
183 3
186 3
191 4
201 4
242 5
250 3
253 3
276 4
281 3
292 5
294 4
309 5
313 3
317 4
324 4
328 4
329 3
353 4
356 3
367 4
379 4
390 2
404 3
416 4
418 3
420 3
421 2
427 4
428 4
435 5
451 5
466 5
486 2
489 5
526 3
529 4
532 4
534 4
544 3
548 4
551 5
574 1
579 3
587 3
592 3
610 3
616 4
619 4
629 3
634 4
635 4
666 4
683 2
697 3
706 5
717 3
721 3
724 3
735 3
750 4
752 4
755 3
758 4
770 3
772 5
775 4
782 3
783 3
784 4
787 3
788 4
791 1
799 4
802 4
805 4
809 2
810 4
816 5
827 3
828 4
831 4
841 5
851 3
853 2
858 3
863 4
871 3
883 3
894 4
919 4
920 3
