3 3
13 1
26 3
29 3
33 4
40 1
49 2
70 4
76 3
82 1
91 4
94 4
105 2
116 2
127 5
130 4
133 2
144 2
145 5
166 4
176 2
177 3
191 3
193 1
198 3
206 1
220 3
240 3
241 2
248 4
253 4
254 2
255 2
276 4
282 4
292 2
294 4
299 3
304 3
328 3
339 3
351 3
353 2
384 3
394 3
395 5
397 2
399 2
400 4
404 1
409 3
414 2
417 2
425 3
428 2
435 5
443 5
445 1
455 4
472 5
474 3
476 4
484 2
489 5
493 3
502 5
507 5
509 3
511 3
521 3
526 3
529 3
537 2
540 4
544 2
546 3
548 4
551 4
557 4
561 4
578 2
580 5
587 4
592 3
598 2
602 2
616 4
665 3
695 4
697 4
702 2
710 3
711 3
717 4
724 1
727 3
738 3
755 3
757 3
758 2
773 1
775 4
782 2
783 5
801 4
805 5
806 3
816 4
820 4
826 5
827 4
834 4
851 2
854 3
863 5
864 5
894 2
896 1
898 3
913 1
919 4
936 3
938 4
940 2
