3 5
13 4
40 2
49 4
54 4
71 4
94 4
99 4
100 3
104 3
112 5
116 4
125 1
126 3
130 4
133 3
141 1
142 5
145 5
146 4
149 4
156 3
166 1
171 4
179 3
197 3
201 4
206 5
214 3
221 5
235 4
241 3
269 2
271 4
276 4
284 4
285 4
287 5
288 5
293 3
294 3
299 3
319 3
322 3
334 5
339 5
353 4
363 4
369 4
385 3
389 4
392 4
397 4
414 5
416 4
418 2
425 5
445 5
456 5
458 4
462 1
466 3
474 5
482 3
485 4
489 5
511 4
519 4
526 3
532 5
537 3
542 3
544 4
546 5
548 4
551 4
557 2
561 5
574 4
578 3
592 4
595 4
611 5
616 3
619 3
624 3
631 4
640 4
646 2
655 4
656 3
657 4
665 2
682 2
683 4
695 5
702 1
710 4
724 1
729 1
752 4
758 2
768 3
782 2
783 5
784 4
805 4
808 5
818 4
819 5
828 4
833 5
834 3
845 3
851 5
863 5
871 3
874 3
880 5
883 4
894 4
903 3
913 3
915 2
920 4
936 4
