3 5
13 5
39 4
40 2
43 3
49 3
58 3
61 5
64 3
90 4
94 5
100 4
104 2
105 3
112 1
116 2
121 3
130 4
143 5
145 3
146 3
163 4
166 5
174 4
176 4
179 3
193 4
197 4
219 1
229 1
271 3
273 4
276 4
278 4
284 5
287 4
293 2
294 5
297 3
299 4
305 3
328 5
334 3
335 5
339 4
356 4
362 5
363 3
384 4
385 3
389 4
392 4
393 4
405 4
408 3
410 1
416 4
423 3
425 4
428 4
434 1
436 4
450 4
461 4
463 1
475 4
480 3
485 2
487 2
489 5
499 4
503 5
515 3
532 4
537 4
542 3
546 5
547 4
548 2
559 3
573 4
574 3
587 3
588 5
592 4
598 3
611 4
616 4
624 4
640 3
646 2
655 3
656 4
660 3
668 4
669 3
673 4
675 4
683 4
696 1
704 4
707 5
708 3
713 4
720 3
724 4
747 5
751 4
752 4
753 2
758 3
775 3
782 1
787 4
820 4
827 3
828 1
831 3
833 3
834 4
851 5
856 2
860 4
863 2
866 4
871 5
872 2
880 5
883 4
894 4
898 3
915 5
919 3
920 4
931 4
940 3
942 5
