4 2
8 2
13 3
21 3
22 5
24 3
29 2
35 1
36 5
40 3
49 1
74 2
76 2
99 2
102 3
109 2
116 2
117 4
130 4
142 2
145 4
159 1
162 3
177 2
178 1
181 2
195 2
200 5
201 1
221 3
222 2
229 1
234 1
240 2
262 3
268 3
276 3
282 3
294 2
302 3
303 2
319 3
320 4
341 1
343 1
346 4
353 1
355 4
369 3
377 3
394 3
397 2
408 4
417 2
422 2
425 4
429 3
431 2
433 2
435 4
443 1
451 1
459 2
462 1
464 3
472 5
479 1
488 3
489 5
493 4
494 3
497 4
500 4
502 4
505 3
510 1
511 1
528 2
531 1
548 2
560 3
570 2
574 2
580 4
586 4
587 3
592 1
595 2
602 4
624 3
626 1
627 3
635 1
660 2
668 3
677 5
682 3
683 2
689 4
695 5
708 2
717 2
721 1
724 1
725 3
727 2
749 3
750 3
752 4
757 3
761 3
770 3
782 4
790 2
801 4
802 3
804 3
805 3
807 3
812 3
813 3
814 2
817 4
820 1
822 3
827 2
831 2
841 1
852 3
853 1
854 2
868 2
873 2
875 3
893 2
896 1
898 4
919 3
928 5
936 4
938 4
940 1
941 2
