5 1
7 5
18 3
20 3
44 3
60 4
65 5
85 4
95 4
122 4
128 5
151 4
184 4
189 4
200 5
222 1
224 4
230 5
233 4
234 4
250 4
254 3
263 5
269 3
271 4
290 3
295 4
299 3
308 3
311 5
314 5
318 4
326 4
340 5
342 4
345 4
373 5
381 4
385 1
389 5
391 3
393 4
395 5
399 3
405 4
416 5
429 3
437 4
450 5
454 3
457 4
472 4
474 4
487 5
495 5
496 1
505 5
508 5
533 4
536 5
537 2
541 5
545 3
553 3
554 4
566 4
588 3
601 2
610 5
618 4
642 3
650 3
653 3
655 1
665 3
682 3
693 2
694 3
707 3
711 4
712 4
719 4
727 3
731 1
749 5
766 4
790 3
796 4
798 4
804 4
833 3
835 4
843 2
846 4
868 2
870 3
882 5
887 5
892 4
897 5
901 5
