5 1
12 4
18 4
23 4
58 4
59 5
64 4
89 4
94 4
95 4
128 3
151 5
167 5
174 5
184 4
189 3
196 4
198 3
201 3
208 3
233 4
234 3
244 4
256 5
257 5
264 4
268 3
271 3
280 3
286 5
295 5
299 3
303 4
318 1
327 4
342 5
345 4
354 5
378 4
379 5
387 4
405 1
406 3
409 2
429 3
435 4
436 4
437 5
449 4
450 2
474 4
475 4
478 5
497 3
498 3
500 4
503 5
535 3
537 3
538 3
543 4
565 2
576 3
579 3
591 4
629 4
639 2
653 2
654 3
655 3
666 3
684 2
704 3
707 3
711 5
716 4
751 1
771 3
786 3
795 2
796 3
807 2
819 4
828 3
833 4
846 4
859 4
860 3
861 4
870 3
877 4
880 4
884 5
886 2
889 4
894 3
911 5
914 3
916 3
918 5
