5 5
7 4
11 3
13 1
14 5
18 3
19 3
43 5
49 2
59 4
62 3
72 4
73 4
85 4
87 3
90 5
92 4
119 5
122 3
125 1
151 4
184 5
196 4
198 4
212 5
219 5
239 3
264 4
268 3
276 4
279 4
286 5
295 5
303 3
305 5
308 4
312 4
315 4
321 3
327 3
338 5
342 3
343 3
345 4
354 5
358 2
373 4
378 4
380 3
399 3
405 1
406 5
407 3
409 4
417 2
429 3
435 3
450 3
455 3
456 1
474 3
497 4
503 4
504 4
523 5
524 3
533 1
535 5
537 3
539 5
542 3
561 4
565 5
579 3
588 3
591 4
592 4
601 4
607 3
618 2
639 2
640 4
655 3
693 4
704 4
707 3
719 2
721 4
751 3
763 5
766 3
773 3
795 4
805 4
828 3
846 3
854 4
861 5
864 3
868 4
870 3
877 3
883 3
884 5
889 2
909 5
916 4
918 4
919 5
922 4
940 3
