5 4
7 5
8 1
9 5
10 4
13 3
16 5
22 4
23 4
37 4
42 5
43 5
44 3
49 1
56 4
59 4
60 4
64 4
76 2
83 4
84 4
85 3
87 5
90 4
92 4
94 2
95 4
102 3
109 4
110 3
119 5
130 5
137 5
151 3
158 3
178 4
186 4
194 2
197 2
198 3
200 5
201 2
207 3
217 2
221 4
222 4
230 1
234 2
246 1
256 5
262 2
267 3
268 3
276 4
279 4
280 5
290 4
291 4
295 4
301 3
303 4
305 1
308 4
311 5
313 4
318 4
320 4
326 3
328 3
330 5
332 5
343 3
344 2
345 3
346 5
347 4
352 4
363 4
373 3
374 4
378 4
379 2
385 1
387 3
393 4
394 5
398 3
399 3
401 3
405 1
407 4
416 5
417 5
425 2
429 3
435 5
442 3
450 4
452 4
453 3
454 3
455 3
457 4
466 4
472 5
474 4
479 2
484 4
487 4
488 4
495 3
497 3
503 1
504 4
505 4
506 4
514 3
521 3
524 3
533 4
536 4
537 2
538 3
543 3
545 3
551 5
559 4
561 2
562 2
566 3
577 5
586 3
588 3
593 4
600 3
603 4
606 4
618 4
619 5
621 5
622 5
625 4
627 2
632 4
633 4
638 5
640 5
642 5
643 3
648 5
650 4
653 4
654 4
655 3
659 5
660 3
666 3
671 5
682 3
694 4
698 4
705 4
709 4
712 5
716 1
727 3
738 5
746 5
749 3
751 4
757 3
758 4
766 3
774 1
780 4
786 4
788 3
796 5
804 4
805 1
807 4
825 5
826 5
830 4
833 3
838 4
843 3
846 5
850 5
868 2
870 3
880 4
881 4
883 1
886 3
887 4
889 3
890 4
892 3
896 4
897 3
899 3
916 3
922 3
927 4
932 2
933 3
943 4
