5 2
7 4
11 4
13 3
18 3
22 4
38 5
43 4
56 4
59 2
60 4
65 4
70 4
83 5
85 4
87 4
92 3
94 3
95 5
102 3
109 4
110 3
125 4
128 4
130 5
144 4
145 5
151 2
152 5
174 4
184 4
193 4
194 2
196 4
200 4
207 4
208 4
210 3
213 3
222 4
230 3
234 2
244 3
246 3
254 3
262 2
267 3
269 1
271 4
275 3
276 4
279 1
280 4
283 4
286 4
290 3
291 3
293 3
298 4
299 2
301 3
303 4
307 3
308 4
311 4
313 4
314 4
318 5
326 4
327 3
330 4
336 3
345 3
363 4
371 2
373 4
374 4
378 3
379 4
387 2
389 2
393 3
394 4
398 5
399 4
405 4
406 4
407 2
416 4
417 4
429 3
435 2
437 3
450 4
453 3
455 3
457 3
471 5
472 3
476 4
478 4
481 3
484 1
487 4
495 5
496 1
497 4
500 3
504 3
506 3
514 3
521 3
523 5
524 3
528 2
533 4
541 3
542 3
545 4
551 5
559 2
561 2
562 2
566 2
577 4
579 4
586 3
588 4
591 4
593 4
606 4
620 5
621 3
625 4
642 5
643 4
648 4
650 3
653 2
655 2
659 3
660 2
665 3
682 4
684 4
690 4
694 3
705 4
711 4
712 3
716 3
721 5
727 3
731 5
738 3
741 2
747 2
749 5
758 4
766 3
773 2
774 1
790 2
796 4
798 3
804 3
805 3
807 4
815 4
835 5
843 2
846 3
848 5
860 2
864 3
878 3
880 3
881 4
882 4
885 3
886 3
887 4
892 4
896 3
897 4
901 5
907 5
916 2
927 5
933 2
934 2
943 2
