5 3
7 4
11 3
22 4
56 4
70 4
94 4
95 4
102 2
125 3
158 3
184 3
194 2
197 2
221 3
222 4
268 3
276 2
279 4
299 2
311 4
314 3
320 3
326 4
328 2
336 3
373 3
378 3
387 3
393 4
398 4
399 3
405 1
407 3
416 4
417 3
435 3
450 4
476 3
484 4
487 5
497 4
504 4
506 5
532 3
537 2
541 3
542 2
545 4
551 3
577 4
588 3
600 4
627 3
642 3
643 3
648 4
650 3
682 4
705 5
712 5
715 2
716 3
727 3
741 2
746 3
749 3
751 3
756 2
757 3
774 2
788 3
796 4
798 5
804 4
807 4
826 4
830 5
864 4
881 4
883 5
886 3
889 3
896 1
911 5
916 3
932 4
933 3
943 1
