5 1
7 5
9 4
11 4
12 5
13 4
18 3
24 4
38 5
42 5
43 4
56 5
59 4
62 3
65 4
72 4
89 4
90 5
92 3
94 4
95 3
99 4
109 4
110 4
128 1
151 3
152 5
174 5
184 3
193 3
194 3
198 3
200 4
201 2
208 4
210 5
216 2
221 2
222 4
224 5
230 5
246 3
256 4
262 4
268 1
269 2
270 5
271 4
276 3
280 4
286 3
290 4
291 4
293 2
295 5
298 3
299 3
301 2
303 4
307 2
308 4
311 4
313 3
314 4
325 2
328 3
339 3
340 4
345 4
361 3
363 2
373 4
378 4
379 3
389 3
393 3
394 4
399 3
405 3
407 2
416 5
417 4
435 3
437 2
450 4
453 3
454 3
455 4
456 2
457 4
472 5
487 4
495 3
497 4
500 3
503 3
504 4
505 5
506 4
514 4
521 3
524 2
528 4
532 5
533 4
536 4
537 1
541 3
551 4
562 5
577 4
588 5
593 4
610 5
622 3
627 3
632 3
642 4
647 4
650 3
653 1
655 2
659 3
660 3
684 3
690 3
693 3
709 3
711 4
712 4
719 4
721 4
727 3
748 2
749 4
751 3
756 4
761 3
766 3
774 2
788 3
790 2
795 2
796 5
798 3
804 3
805 2
807 5
815 5
830 4
843 2
864 3
868 1
871 3
877 3
878 4
880 3
885 3
889 3
896 4
897 5
901 4
904 4
907 5
914 5
916 3
922 3
924 3
927 4
943 2
