5 3
6 1
7 3
11 3
13 2
15 2
20 3
22 1
23 4
26 2
32 4
37 4
38 5
42 4
43 4
44 3
52 4
54 4
55 1
56 4
57 4
58 2
59 3
60 4
62 3
63 4
64 3
66 3
67 5
68 3
70 3
72 3
75 4
77 3
81 3
82 3
83 5
84 3
85 2
87 4
89 3
92 2
94 3
95 3
99 4
101 4
102 2
103 3
104 3
108 3
109 5
117 5
119 4
120 4
121 2
128 4
130 4
137 5
141 3
144 4
145 3
151 3
157 3
159 5
160 3
164 5
168 4
176 2
178 3
181 4
183 4
184 2
186 3
189 2
190 4
193 3
194 2
198 2
199 2
200 3
201 4
213 3
216 3
217 3
221 3
222 3
223 1
226 4
227 2
230 4
231 4
238 4
248 4
249 3
251 3
254 3
255 4
256 4
257 3
259 3
262 2
267 3
268 2
269 1
271 2
274 4
275 2
276 3
277 3
279 3
280 2
286 3
289 2
290 2
291 4
292 3
293 1
294 4
295 5
301 4
303 4
305 3
313 3
314 4
318 2
320 4
327 2
328 4
330 5
332 4
334 3
336 3
340 5
343 4
344 2
345 4
346 3
347 4
348 4
357 5
359 3
360 3
363 4
374 4
378 3
379 3
385 2
386 4
393 4
394 3
396 3
399 3
401 2
403 5
406 3
407 3
411 4
416 5
417 3
419 3
425 2
429 3
432 4
435 4
439 4
441 3
442 3
445 4
447 2
450 4
455 3
456 1
457 5
458 4
459 3
466 3
468 2
472 5
474 4
479 4
483 3
484 4
486 4
487 4
488 3
493 2
497 3
500 4
501 4
503 3
507 5
513 3
514 2
517 4
518 5
521 2
524 2
525 4
533 3
534 3
536 2
537 2
538 3
540 3
541 3
545 4
548 4
549 4
550 4
551 3
552 3
554 4
555 4
560 4
561 2
566 5
569 3
577 3
580 2
582 3
586 5
592 4
593 3
601 1
605 3
606 4
614 2
619 3
621 5
622 4
624 4
625 3
627 3
633 4
634 4
637 1
638 3
642 3
643 3
647 4
648 4
653 3
654 4
655 2
660 2
663 3
665 3
666 2
671 3
674 4
677 4
682 2
689 5
699 3
705 4
708 4
709 3
714 5
715 3
716 4
717 3
718 5
722 3
727 3
733 2
738 2
746 2
749 2
751 3
757 4
758 4
759 4
764 4
768 4
769 2
774 1
778 3
786 4
788 4
790 3
792 3
793 3
795 1
796 5
798 5
800 4
804 4
805 3
806 3
807 4
815 4
817 3
821 4
825 5
833 3
834 4
835 3
838 4
840 4
844 2
847 3
848 5
851 5
852 3
854 4
862 2
864 5
865 2
868 1
872 4
880 4
881 4
882 4
883 3
885 4
886 3
887 5
889 2
891 3
892 4
893 5
894 3
896 2
897 5
900 3
901 4
903 4
906 3
907 4
910 4
916 2
917 3
921 3
923 4
927 5
930 3
932 4
933 3
934 5
935 4
936 2
938 3
939 4
943 4
