5 5
6 4
14 5
18 5
21 5
23 5
25 5
32 3
43 5
56 4
58 5
63 4
70 4
75 4
84 5
92 4
97 5
142 4
148 5
151 5
158 5
160 4
181 1
199 5
201 4
209 4
214 4
216 3
226 5
237 5
249 5
267 5
268 5
275 3
276 5
279 5
286 4
292 4
299 4
303 4
305 5
307 5
308 5
312 4
325 5
327 2
334 4
338 5
342 5
343 5
344 5
359 5
363 5
385 5
387 4
402 5
407 4
412 4
420 4
445 3
458 5
465 5
479 5
486 3
491 5
497 4
514 5
523 5
526 5
533 4
536 5
579 3
592 5
605 5
609 5
622 5
625 4
634 3
637 5
643 4
654 5
658 5
661 5
664 5
669 5
680 5
684 5
711 5
727 4
738 5
743 4
747 5
748 5
771 5
773 5
806 5
807 3
822 5
823 5
829 4
838 4
852 5
864 5
865 5
868 5
883 5
889 3
906 4
913 5
924 3
937 5
941 5
