5 3
44 1
63 3
67 1
78 4
81 1
82 1
83 1
85 3
92 2
93 2
94 2
101 2
104 3
119 4
125 3
130 4
145 4
152 2
159 3
160 3
174 1
181 2
184 2
193 3
216 2
222 1
234 2
246 1
269 3
279 3
283 5
291 3
293 1
295 2
301 4
303 3
314 3
342 3
345 3
348 2
349 1
357 2
374 4
378 2
389 3
393 3
399 2
416 2
429 4
435 3
437 3
453 2
457 2
478 4
487 1
497 1
500 1
518 1
523 3
525 2
532 2
533 1
552 2
563 2
630 1
642 2
648 1
682 1
692 4
708 1
715 2
716 2
722 2
758 5
774 3
790 4
795 3
804 2
805 3
851 2
865 1
868 5
869 5
880 3
881 1
882 1
887 5
893 3
903 2
919 2
927 1
943 2
