5 3
7 4
10 4
13 2
16 5
18 3
23 4
38 5
42 5
43 4
49 3
59 2
60 3
70 3
82 4
85 3
91 2
92 3
94 3
102 3
128 4
130 5
148 3
151 3
189 3
222 2
225 5
230 5
233 4
234 3
246 3
250 5
251 4
254 3
262 3
275 3
276 4
279 3
290 3
291 4
298 4
299 4
301 3
303 4
311 4
313 3
314 5
327 3
330 5
340 5
347 4
373 5
378 3
381 3
387 3
389 4
393 3
394 4
399 3
405 5
406 5
407 4
416 4
417 4
426 3
429 3
437 3
450 4
452 4
454 3
471 3
472 3
474 3
488 3
495 4
496 3
497 3
504 3
506 4
524 1
541 5
542 4
562 5
592 4
601 2
606 5
608 1
618 3
620 3
621 3
622 3
642 5
643 4
654 4
661 4
665 4
710 3
712 3
716 4
738 3
747 5
749 5
751 5
756 3
763 4
764 4
774 2
786 4
796 4
798 4
805 2
807 4
815 4
823 4
830 3
844 3
864 3
865 1
875 4
878 3
880 4
885 4
887 4
892 4
897 4
912 4
913 3
919 4
922 4
