5 3
6 4
7 3
13 3
18 3
23 3
25 4
38 5
42 5
44 4
49 4
57 3
59 2
60 3
64 2
70 5
85 5
94 3
95 4
128 3
130 5
151 3
165 4
175 5
188 5
194 2
200 4
210 4
222 2
230 4
232 4
234 4
235 5
236 5
239 3
254 4
262 3
263 5
271 3
275 3
276 5
280 3
286 5
290 4
292 4
293 3
295 4
297 3
298 5
301 3
303 4
307 4
308 4
311 3
312 3
313 3
314 4
318 5
321 4
326 3
327 4
330 5
334 3
354 4
378 4
379 4
380 3
381 5
385 2
389 3
393 4
394 5
399 3
405 4
406 1
416 4
417 4
429 4
437 5
450 5
452 4
454 4
456 4
472 4
474 4
484 4
487 3
488 3
495 1
496 2
504 3
505 3
514 4
524 1
532 5
535 3
536 3
537 2
541 5
545 3
566 2
588 5
601 4
603 2
606 4
608 4
610 5
618 4
620 2
621 4
622 4
632 4
642 4
643 4
650 4
659 5
660 2
665 4
670 4
679 3
682 3
693 2
694 4
698 3
705 3
707 3
710 4
711 5
712 3
716 5
727 2
731 4
734 4
747 5
749 5
751 4
756 3
758 4
766 3
780 4
786 4
795 3
796 5
798 4
804 3
805 4
806 5
807 5
815 3
823 4
836 2
838 5
840 5
843 2
846 5
847 3
848 5
850 5
864 4
868 3
881 5
882 5
885 4
886 3
887 2
892 3
897 4
901 5
908 4
911 5
912 4
913 5
918 3
919 5
921 5
929 4
934 4
943 2
