5 4
6 3
7 5
11 5
13 5
16 5
18 5
20 2
23 3
28 2
38 5
41 2
42 5
43 4
44 4
48 4
49 2
56 5
59 5
60 4
62 3
64 4
65 5
70 5
72 5
80 3
83 4
85 4
87 3
90 5
91 5
92 3
94 4
95 5
96 5
97 5
109 4
110 4
117 4
122 4
128 4
130 5
144 5
151 4
152 5
174 2
178 4
180 4
182 5
184 4
185 5
187 4
189 5
194 3
198 3
200 5
201 4
202 3
207 4
210 5
211 5
212 4
215 5
216 4
221 2
222 4
223 3
224 4
230 5
232 4
233 4
234 4
236 5
237 4
243 3
246 3
249 4
254 5
262 4
263 5
267 3
268 2
269 4
271 4
272 4
275 4
276 5
280 5
286 4
290 5
291 4
292 5
293 3
295 4
297 3
298 5
299 3
301 1
303 4
305 4
307 5
308 5
311 5
313 4
314 4
318 5
326 3
327 3
328 4
329 4
330 5
334 5
339 3
340 4
342 4
343 5
346 4
347 4
354 4
360 4
363 3
370 4
371 5
373 2
374 3
378 4
380 3
385 2
387 3
389 5
393 3
394 5
395 5
397 5
398 5
399 3
405 5
407 4
416 4
417 4
421 2
429 4
435 2
436 4
437 5
450 5
452 5
453 4
454 4
455 5
456 3
457 5
458 2
465 3
468 4
472 5
474 5
479 2
484 5
487 4
493 2
495 5
497 3
498 3
500 3
503 5
504 4
505 4
506 5
508 5
514 5
521 3
524 4
527 3
528 1
533 5
535 5
536 4
537 2
538 4
541 3
542 4
543 3
545 4
551 1
553 3
554 4
560 4
561 2
566 2
567 2
568 4
573 3
577 4
584 4
586 2
588 3
592 5
593 4
606 5
608 4
610 4
615 5
617 1
618 5
620 5
621 4
622 3
625 4
627 3
629 5
632 4
633 4
639 2
642 3
643 4
648 4
650 3
653 2
654 4
655 3
659 4
660 3
661 4
665 4
666 3
679 3
682 5
693 3
694 5
698 2
700 4
705 2
709 3
711 3
712 3
716 4
719 3
721 5
727 3
734 4
738 4
741 3
746 3
747 5
749 4
756 3
757 3
766 3
774 1
778 1
780 5
785 2
786 5
788 5
795 2
796 4
798 3
804 3
805 1
807 5
815 5
823 5
825 5
835 4
840 5
843 2
844 3
846 4
848 4
854 4
862 4
864 5
867 3
868 2
875 5
880 5
881 4
882 5
885 4
886 3
887 2
889 4
890 5
892 5
896 3
897 5
899 4
901 4
902 4
908 4
911 4
912 5
913 3
916 3
919 5
929 4
934 3
942 5
943 3
