5 3
6 4
7 5
11 4
13 5
14 5
16 5
18 5
23 5
24 5
25 4
42 4
44 3
48 4
52 5
59 5
60 5
65 5
69 3
72 5
75 4
85 3
87 4
90 5
91 4
118 5
121 4
122 3
123 3
125 4
128 5
130 5
151 5
178 5
187 5
194 4
198 4
212 4
214 5
225 5
228 4
230 5
234 4
236 5
239 5
249 5
251 4
253 5
262 4
269 5
271 5
276 5
288 5
291 4
293 4
295 4
296 5
298 5
301 4
303 4
305 5
307 3
308 4
312 5
313 5
316 5
326 4
328 3
330 5
334 4
338 4
339 5
342 4
343 5
347 4
350 5
370 5
373 4
374 3
376 4
379 5
380 4
383 5
385 4
389 5
391 5
398 4
405 5
406 4
407 4
409 5
412 4
416 5
421 4
424 4
426 5
429 5
435 3
436 3
450 5
452 4
453 3
454 4
456 4
458 4
468 5
474 5
478 4
481 4
484 5
494 5
499 5
503 5
521 3
527 4
528 4
532 5
533 4
535 4
536 5
537 4
541 4
542 5
553 5
556 5
559 4
561 4
562 4
567 3
568 4
573 4
575 4
577 4
586 3
592 5
601 4
606 4
608 4
610 5
615 5
617 4
618 5
622 4
639 4
641 4
642 3
645 5
647 4
650 4
655 4
661 4
664 4
665 5
666 4
667 5
669 4
675 5
682 4
686 5
693 4
694 4
696 5
698 1
705 2
707 4
709 4
711 5
716 5
719 4
731 5
737 3
741 5
745 4
747 5
748 4
753 5
758 4
773 3
776 3
780 3
788 2
790 4
796 4
799 5
807 4
815 5
821 5
823 4
829 4
830 5
833 3
835 4
843 2
846 4
848 5
849 4
868 4
870 4
878 5
882 5
887 5
889 4
890 5
896 4
899 5
903 5
907 5
908 5
911 3
912 5
913 4
916 4
922 5
924 4
932 4
934 4
940 5
942 5
943 4
