5 3
7 5
11 5
13 5
28 5
44 4
59 4
60 5
64 4
65 4
70 3
71 4
91 4
97 4
122 3
151 5
169 3
198 4
200 5
234 4
235 4
236 1
251 4
254 4
271 4
276 5
279 4
290 4
292 5
293 4
296 5
301 4
308 4
312 5
326 5
334 4
343 4
350 4
354 3
363 5
385 4
387 3
389 4
398 4
401 3
405 5
406 4
409 5
425 4
426 5
488 4
499 4
514 4
524 2
527 5
535 3
537 3
560 3
567 4
601 5
603 5
617 3
648 4
650 4
653 3
658 4
660 4
666 5
694 4
704 4
738 3
747 4
749 4
766 4
774 1
786 4
788 3
795 3
796 4
804 4
833 3
836 4
840 3
843 4
846 2
862 5
868 2
882 4
890 4
892 4
896 5
897 5
900 2
901 5
924 4
929 4
932 5
