5 5
7 3
10 3
11 3
13 5
14 5
18 4
22 4
25 4
41 5
59 5
60 5
82 5
90 3
97 5
125 4
151 4
158 5
160 5
172 3
208 4
218 3
234 4
239 3
264 5
271 5
293 3
297 1
298 5
303 4
308 4
312 5
313 5
321 3
325 5
334 4
361 5
385 5
387 3
389 5
398 4
401 2
405 1
406 4
409 4
426 3
429 4
435 5
450 4
452 3
458 5
474 3
476 4
481 4
498 4
499 3
503 5
506 4
514 4
522 5
523 4
524 3
533 5
537 3
561 3
567 4
568 3
638 5
643 5
645 5
648 5
650 4
660 4
666 4
686 4
716 5
747 4
749 4
758 5
833 4
840 5
846 3
848 5
881 4
883 5
889 4
892 5
896 3
901 3
913 2
918 1
932 4
940 4
