5 3
7 4
8 2
11 2
13 1
22 4
59 4
62 2
64 4
70 3
77 5
92 4
94 4
95 3
97 3
102 3
109 3
115 4
135 2
145 5
158 5
178 4
180 4
183 2
194 4
195 3
197 3
198 3
200 5
201 1
218 3
222 4
230 3
234 3
235 2
246 3
249 5
267 4
275 3
276 3
279 4
280 4
286 5
295 5
301 4
305 4
307 4
311 4
315 2
320 5
327 3
328 2
332 5
339 4
344 3
346 5
352 2
363 2
371 5
373 5
387 3
393 2
394 5
399 2
405 3
406 3
412 4
416 4
417 4
429 5
435 3
450 5
454 3
456 4
472 5
474 4
479 4
484 4
487 3
493 5
495 5
497 4
514 4
516 3
521 4
527 3
532 5
536 5
537 4
545 3
548 5
551 4
561 2
584 3
586 3
592 2
600 3
601 4
622 5
627 4
638 4
648 5
650 3
653 4
654 4
659 4
660 4
664 2
671 2
682 4
690 2
698 1
709 5
712 3
727 4
746 5
749 5
751 4
757 4
758 3
766 3
773 1
774 4
776 4
788 2
790 3
795 4
796 4
804 4
805 1
807 4
826 5
830 3
833 2
843 3
844 4
846 5
848 5
854 3
862 5
867 4
870 3
887 3
889 4
892 4
896 3
899 1
911 4
916 3
922 4
929 1
932 3
943 4
