5 4
6 4
7 4
10 4
13 4
18 4
23 4
25 2
38 1
42 3
43 3
44 5
49 5
56 5
59 4
70 3
81 2
82 4
85 4
92 3
94 4
95 3
97 4
102 3
123 5
128 2
148 5
151 5
160 3
165 5
194 4
200 5
201 3
213 4
215 5
222 3
230 4
233 3
234 4
236 5
239 5
246 3
254 2
262 3
263 2
268 3
269 4
275 4
276 5
279 3
283 5
286 3
290 5
293 5
297 4
298 4
299 3
303 3
308 4
311 4
312 5
313 5
321 5
325 5
328 1
330 4
347 4
354 3
373 5
378 4
381 5
387 4
398 3
399 3
405 3
406 5
407 4
415 4
416 2
426 3
429 4
435 3
437 3
450 4
452 2
456 4
468 5
471 1
472 5
483 3
487 3
495 5
496 4
497 3
503 5
506 4
514 4
523 5
524 1
536 4
541 4
542 5
543 4
554 4
561 5
562 5
588 4
592 1
606 5
618 5
620 4
621 4
622 5
632 3
641 5
642 2
643 5
648 5
650 4
660 4
665 4
666 3
679 4
693 4
694 4
704 5
710 5
711 4
712 4
716 5
727 2
747 5
751 4
756 4
757 3
763 5
764 5
766 3
767 5
773 4
776 1
788 1
795 3
796 2
798 4
804 3
805 5
807 5
815 5
822 3
826 3
830 3
833 4
840 5
843 2
844 5
846 3
848 2
862 5
864 2
865 1
868 2
878 3
881 3
882 5
885 4
887 5
892 4
911 3
913 3
919 4
922 5
932 4
934 5
