5 5
7 5
11 4
13 4
22 3
23 5
38 5
42 2
44 4
48 3
49 5
56 4
58 5
59 5
60 4
62 5
64 2
73 4
85 3
87 3
90 3
92 5
94 4
95 4
99 4
118 5
128 4
130 3
151 3
158 3
163 1
174 5
177 4
178 4
180 5
187 4
189 5
194 3
195 3
198 2
207 3
215 3
216 3
219 5
222 4
234 2
235 4
239 5
244 5
246 5
253 3
262 4
264 5
267 5
268 4
269 3
276 4
279 4
283 4
286 5
293 3
299 5
303 4
305 2
307 5
308 5
311 3
314 3
315 4
320 4
326 2
327 4
328 2
334 5
339 4
342 5
344 4
345 4
354 3
363 4
370 3
373 3
378 4
379 4
380 3
385 4
394 4
399 3
405 4
406 3
407 4
409 4
414 5
416 4
417 4
429 3
435 5
436 5
437 3
442 4
445 2
450 3
456 4
457 5
458 4
476 4
478 3
495 4
496 4
497 3
514 5
524 5
527 4
535 5
537 4
542 3
551 5
561 1
567 4
579 3
588 5
592 5
618 2
622 4
625 3
645 4
655 2
658 4
661 5
664 3
666 3
682 3
698 4
711 4
712 3
715 2
723 3
727 5
747 3
749 3
751 3
757 4
758 5
766 3
773 3
780 1
788 2
795 4
796 2
804 4
805 4
806 4
815 3
823 4
833 3
846 4
848 3
862 4
864 3
868 4
870 3
886 2
889 4
897 4
899 4
916 3
918 2
922 4
924 5
929 2
933 1
