5 4
7 5
13 4
16 5
18 3
21 4
28 4
42 3
44 5
56 4
59 5
60 4
62 3
72 3
85 4
90 4
94 4
95 3
102 3
115 4
130 5
135 4
145 3
151 5
169 4
184 3
188 4
193 4
194 3
200 5
201 3
210 4
211 1
215 4
230 4
234 3
236 4
239 5
254 3
255 1
256 3
262 3
263 5
264 5
270 3
271 3
276 4
293 4
297 2
301 4
303 4
308 3
311 3
312 4
313 5
325 4
326 5
328 4
330 4
334 3
338 5
345 5
361 3
363 4
366 5
367 4
370 5
371 4
372 4
374 5
375 4
377 4
378 4
379 4
380 4
381 5
385 3
393 3
405 4
406 4
407 3
416 5
421 5
425 2
429 4
435 3
437 4
450 4
452 5
456 4
457 4
472 4
480 4
496 2
498 3
500 4
503 5
504 3
506 4
508 4
524 4
530 4
533 3
536 3
537 3
543 4
548 4
561 4
562 5
566 4
577 4
588 3
592 5
601 4
604 3
608 5
617 4
618 4
642 2
643 4
648 2
650 5
655 4
659 5
661 4
666 4
671 3
682 3
690 3
693 2
707 3
716 4
747 5
749 4
766 3
776 3
788 4
796 2
798 3
802 4
804 5
805 5
814 3
815 3
833 3
840 5
843 4
846 4
848 5
864 4
870 3
881 5
887 4
890 4
897 5
901 3
903 5
911 4
912 4
918 3
932 4
943 2
