5 1
7 5
11 2
13 1
18 3
22 4
23 2
38 5
42 2
56 3
59 5
62 3
64 2
70 4
85 4
87 4
89 3
92 3
94 4
95 3
109 5
110 4
119 5
125 4
128 4
151 5
152 5
159 5
174 5
184 4
194 2
195 5
200 4
210 3
215 3
222 3
230 4
234 3
244 4
246 2
254 2
256 4
262 4
264 4
269 1
271 3
275 3
276 3
279 1
280 5
286 5
293 3
295 4
301 4
303 5
305 3
311 3
318 4
326 2
327 4
328 4
330 5
332 5
336 2
339 3
344 4
345 5
354 3
361 3
363 2
373 5
378 4
379 4
385 1
389 2
393 3
399 3
401 2
405 5
406 2
411 4
416 5
417 4
435 4
437 5
450 4
453 2
454 4
457 4
476 3
477 5
478 5
484 4
495 4
497 2
503 4
504 1
508 3
523 5
524 3
532 4
533 2
542 3
545 3
551 1
561 2
586 4
588 5
591 3
593 3
606 3
621 1
622 4
623 4
632 4
639 4
642 5
643 2
650 2
653 2
655 3
659 5
671 4
682 3
686 4
690 4
694 4
709 1
711 5
712 5
716 4
727 5
741 3
748 1
760 5
766 2
774 1
778 1
786 2
788 4
790 3
796 5
798 2
804 2
805 5
807 5
815 3
830 4
833 1
846 4
848 4
864 4
868 2
877 4
878 2
880 2
881 1
885 2
886 3
889 3
890 2
897 4
901 4
904 4
911 2
914 2
916 3
922 4
933 1
934 4
