5 4
7 4
11 3
13 3
14 4
15 1
22 5
25 4
26 3
32 2
49 1
62 3
77 3
82 4
92 2
94 3
119 4
125 5
130 4
144 3
158 4
160 4
178 3
181 1
188 4
198 3
200 3
201 3
211 3
213 4
222 3
244 2
249 4
255 2
267 3
268 3
276 4
279 5
283 4
285 4
286 1
289 4
291 5
293 2
294 3
296 1
297 4
301 5
303 3
308 4
327 2
346 3
347 2
349 2
357 5
359 4
363 5
385 4
386 3
387 4
394 4
396 2
399 4
402 3
407 3
425 2
429 3
435 3
450 4
452 1
455 3
457 4
459 2
463 3
466 3
467 3
472 4
479 4
487 2
490 4
493 5
497 4
506 3
534 5
537 1
540 4
551 1
552 3
561 3
569 3
580 4
582 1
592 4
601 4
606 2
621 4
624 3
638 3
648 3
653 3
654 3
657 1
663 2
671 4
677 5
682 4
697 4
699 3
715 3
717 2
721 5
727 3
738 4
746 4
757 3
758 4
761 2
773 4
786 1
794 4
804 5
805 4
806 3
817 3
825 4
833 3
838 4
839 4
847 2
851 3
854 2
865 4
868 5
882 3
883 4
887 5
889 4
896 2
897 3
899 3
922 4
923 4
930 1
936 3
941 4
