6 1
15 5
26 3
59 4
68 1
82 1
85 3
94 4
119 5
121 1
128 4
139 4
150 4
160 5
164 4
168 1
174 4
176 4
178 3
181 3
184 3
201 4
203 3
207 3
213 4
238 4
243 4
244 3
250 5
276 4
303 3
318 4
320 4
324 4
325 3
343 5
349 4
374 5
378 4
385 3
387 1
391 4
395 3
422 3
445 2
452 1
457 3
460 2
470 4
486 3
490 3
518 3
537 3
546 1
548 3
551 2
560 3
561 4
562 2
569 2
582 4
592 3
614 4
618 3
627 3
634 4
648 2
653 2
655 3
658 3
664 3
699 4
703 3
707 3
722 4
733 2
761 1
786 3
793 3
829 3
835 4
839 5
854 3
859 3
870 1
896 1
900 2
905 4
919 2
938 4
