6 5
10 3
13 5
18 3
42 2
49 2
58 4
59 5
62 2
71 5
82 4
85 4
90 5
95 4
115 4
123 4
128 4
151 4
154 3
160 4
172 3
180 5
184 4
187 5
188 4
189 5
198 3
200 4
201 1
207 3
211 4
214 4
232 4
233 5
234 4
235 3
236 4
239 5
249 5
257 4
269 3
271 4
276 4
279 3
286 5
292 3
293 4
296 4
299 5
301 2
303 3
305 5
307 4
316 3
321 4
334 4
338 4
343 4
344 2
345 5
347 2
354 3
380 4
381 4
385 2
391 4
399 3
401 4
405 2
406 5
416 5
429 4
430 3
435 5
437 5
440 5
449 5
450 4
452 4
455 3
456 3
457 5
468 4
474 4
480 4
483 3
487 2
492 3
493 2
498 3
500 4
504 4
514 4
527 3
533 2
537 3
543 4
561 3
562 5
565 4
566 4
568 4
571 4
585 3
605 5
607 4
608 4
615 4
618 2
639 5
642 4
654 4
655 3
660 2
664 4
669 5
707 4
712 3
715 4
731 5
747 5
753 4
758 4
763 5
771 3
773 5
828 3
829 4
840 3
848 5
855 4
861 4
862 4
870 4
875 4
878 4
883 5
884 4
889 5
894 4
896 3
907 4
913 3
916 4
918 3
919 3
932 4
934 4
