6 2
7 4
12 5
13 1
15 4
16 3
17 2
26 2
42 4
43 3
52 4
54 4
57 4
65 4
66 5
68 3
72 4
81 3
83 3
90 4
92 4
94 4
95 5
99 4
101 3
103 4
104 3
108 2
115 2
119 4
128 4
130 2
141 4
144 4
145 4
158 4
159 4
164 5
174 5
178 4
181 2
182 4
190 5
194 3
201 2
203 4
207 3
213 3
222 3
231 5
232 3
234 3
238 4
244 1
249 4
251 3
256 5
265 4
270 5
271 3
274 4
276 4
277 3
280 3
289 4
291 4
293 3
294 4
297 3
298 4
305 4
308 3
311 4
313 4
324 5
328 3
332 4
337 5
343 4
344 3
345 3
347 4
349 3
357 5
360 4
373 3
374 4
378 3
389 4
391 2
393 4
396 4
399 3
401 4
402 4
403 5
413 4
416 5
423 3
432 3
434 2
438 4
447 4
450 4
453 4
454 3
455 4
457 4
459 3
468 3
470 5
474 3
479 4
484 4
486 5
487 3
500 4
505 4
518 3
524 4
533 4
534 5
535 4
537 3
540 4
543 3
548 5
551 5
552 3
569 3
576 4
577 3
580 3
588 5
592 4
593 3
599 4
605 3
606 4
613 3
618 3
624 4
627 3
630 4
634 4
637 2
639 2
648 4
649 5
653 2
655 3
658 4
661 4
663 3
665 3
666 4
676 3
677 4
682 3
689 4
693 3
699 3
703 4
705 5
706 4
708 4
714 4
715 4
716 2
717 4
718 5
721 5
722 4
727 3
728 4
733 3
757 4
758 3
759 4
761 3
768 3
779 4
786 4
788 3
792 4
807 4
815 2
821 4
823 3
832 4
844 3
854 2
864 5
865 1
870 4
880 4
882 4
887 3
889 3
891 5
893 4
894 4
896 3
899 4
900 2
905 4
906 3
907 5
917 4
919 3
921 2
922 3
924 4
927 4
931 3
933 3
935 4
938 3
939 5
940 4
943 5
