6 1
7 2
13 5
15 3
23 2
37 2
45 3
57 1
59 3
62 2
67 4
70 3
75 4
82 3
87 4
94 3
95 5
99 3
101 3
109 2
119 4
121 3
130 4
137 4
141 5
145 3
158 3
164 5
168 3
178 4
181 1
200 4
217 3
222 2
234 2
249 3
251 3
254 3
255 1
256 4
265 3
268 1
271 2
274 3
275 3
276 3
277 1
279 3
280 2
286 3
290 4
292 3
294 3
307 3
308 2
320 3
332 3
344 3
346 4
347 5
348 4
357 3
359 4
363 1
373 3
374 2
393 3
395 3
396 5
403 4
406 3
416 4
417 2
429 3
435 2
450 4
452 5
454 3
457 4
459 5
463 3
472 5
479 1
484 4
495 5
497 3
500 3
513 4
517 2
524 3
525 2
532 5
536 3
537 2
545 5
548 2
549 3
560 2
564 4
577 4
582 4
588 4
592 1
595 3
601 1
606 4
614 3
621 3
622 3
630 3
638 3
642 5
648 3
650 3
653 1
660 2
665 3
671 5
682 3
683 3
693 3
709 4
711 1
714 2
716 3
717 4
727 2
749 4
751 2
757 3
764 3
790 2
795 3
798 3
804 3
805 2
807 4
815 1
825 5
837 3
851 3
852 3
854 1
862 5
864 4
865 1
881 4
886 3
887 4
892 3
894 3
896 2
897 5
907 5
916 3
921 2
923 4
938 4
