6 5
10 4
13 3
14 3
17 4
24 4
26 3
27 2
32 5
49 4
50 5
52 4
54 5
57 2
58 5
62 4
63 4
64 5
66 2
68 5
69 3
71 5
73 4
75 5
81 5
82 1
89 5
90 3
92 5
94 5
99 5
104 4
109 1
115 5
117 5
118 5
119 4
125 1
130 3
135 4
136 4
139 5
144 1
150 5
154 4
157 3
160 5
176 5
177 4
181 2
198 4
199 5
201 4
203 3
207 2
213 4
214 5
216 5
221 4
222 4
227 4
228 3
232 5
239 5
242 3
244 4
246 4
248 5
250 4
252 5
257 5
259 5
264 5
267 5
268 4
269 5
270 5
276 5
286 4
291 5
292 5
294 5
296 4
297 5
299 4
303 4
305 4
308 4
315 4
323 3
324 5
325 4
327 4
331 3
334 4
336 4
339 5
342 5
343 5
347 4
349 4
361 4
374 1
382 3
383 2
387 3
389 5
390 1
397 4
399 5
402 3
409 4
416 2
417 4
420 4
422 4
425 5
429 4
432 4
437 3
439 3
445 5
449 5
452 2
453 5
455 4
456 5
458 4
463 3
465 3
467 4
468 4
470 4
472 5
473 5
474 4
479 1
486 4
490 4
491 4
493 3
497 4
498 3
500 5
501 5
503 2
506 1
518 4
521 3
525 3
526 5
527 3
533 1
534 4
537 4
540 4
542 3
548 4
551 5
561 3
567 4
568 4
569 3
576 1
581 4
582 5
588 2
590 4
592 5
595 5
601 4
605 3
606 4
607 4
608 3
609 2
615 4
617 1
624 4
629 4
632 3
634 5
637 1
648 1
655 3
657 4
658 4
663 4
665 3
667 5
668 4
669 3
677 4
682 3
689 4
699 4
711 5
715 4
717 5
735 4
737 4
741 3
742 4
747 5
758 5
762 5
763 4
768 2
770 5
773 3
789 5
790 3
794 5
805 5
806 4
823 5
828 4
829 4
833 3
834 5
839 5
851 4
854 4
855 4
857 5
859 4
861 3
865 4
867 5
868 4
870 5
877 4
880 4
884 4
886 5
889 4
894 3
903 4
905 3
906 3
907 3
913 4
916 4
919 3
923 5
932 4
933 2
936 5
941 4
943 5
