6 1
13 4
14 4
24 5
25 4
49 2
57 4
59 3
75 4
82 3
83 2
84 4
87 3
93 5
94 2
130 4
145 2
181 1
186 4
195 2
203 4
222 2
223 3
234 1
243 4
246 4
250 3
265 3
268 3
271 3
286 3
289 2
298 4
303 3
308 4
314 3
344 3
348 3
374 1
387 1
389 4
393 3
401 1
403 4
416 4
422 4
434 5
450 4
459 1
463 2
465 4
471 5
472 5
523 3
532 4
533 4
534 3
541 4
548 1
562 4
582 4
597 5
606 4
610 2
612 2
618 2
624 3
630 4
634 3
642 5
648 3
658 3
684 5
699 3
714 2
749 3
754 5
761 1
770 4
771 5
795 3
796 2
805 4
807 4
870 4
880 3
881 4
883 5
887 1
892 4
897 3
901 3
919 4
927 3
938 1
