6 5
7 4
9 4
10 5
16 5
18 4
23 5
25 5
28 4
42 4
43 4
48 4
51 3
59 5
60 5
72 4
73 5
82 4
83 5
85 4
90 5
91 4
96 4
115 5
116 4
121 5
123 4
125 4
154 4
182 5
189 5
194 3
201 4
213 4
214 4
225 4
234 5
237 5
239 5
249 5
267 4
268 4
269 4
271 4
276 5
292 4
293 4
297 5
298 5
299 4
303 5
305 3
308 5
311 5
312 5
313 5
321 4
322 5
323 4
326 5
330 5
331 2
334 4
338 5
339 5
344 4
345 4
350 5
354 4
360 4
378 4
380 4
381 5
383 4
385 5
389 4
391 4
393 4
397 4
398 4
402 5
406 4
407 4
409 5
415 4
416 5
429 4
435 3
437 5
445 3
450 4
452 5
454 4
456 5
464 4
474 5
479 4
480 4
481 4
492 3
494 3
495 4
498 3
500 5
503 4
504 4
506 4
524 4
527 4
528 4
533 4
535 4
537 4
542 4
543 4
551 3
553 5
556 5
561 4
566 4
567 5
568 5
573 4
592 4
601 4
608 5
622 4
625 4
648 4
650 5
655 4
659 5
664 5
666 4
669 5
670 5
698 2
699 3
707 3
710 5
716 4
734 4
741 5
744 5
747 5
748 4
751 2
758 5
776 4
796 4
799 5
804 4
815 4
831 4
833 2
840 4
846 4
847 3
848 5
854 4
862 4
870 5
875 4
883 5
889 4
890 5
892 5
894 5
896 3
897 4
899 4
902 4
903 4
908 4
911 5
912 4
929 4
932 5
942 4
