6 5
7 4
9 5
10 5
13 5
18 4
23 4
48 5
56 4
58 5
59 5
60 5
62 4
70 5
77 4
80 5
82 5
85 5
90 5
91 4
94 5
95 3
96 5
114 4
123 4
125 4
128 5
138 5
151 5
152 5
158 5
160 5
161 3
169 3
172 3
175 5
178 4
183 5
184 5
188 5
189 5
194 4
200 5
201 3
207 5
210 5
213 5
214 4
215 4
232 5
233 5
234 5
235 5
236 5
237 5
239 5
249 5
253 5
263 5
267 5
268 5
269 4
272 5
280 4
286 5
290 5
292 5
293 5
294 4
295 5
296 5
298 5
299 5
301 4
303 5
305 5
307 5
308 3
311 4
312 5
313 5
316 4
321 5
322 5
325 5
326 5
328 5
329 4
333 4
334 5
338 4
339 5
342 4
343 5
350 5
354 4
360 5
374 3
380 4
381 5
383 5
385 4
389 5
391 3
393 4
397 5
398 5
401 4
402 5
406 4
407 4
409 4
415 5
417 5
426 5
429 5
437 5
447 5
450 3
452 5
454 3
456 4
457 5
458 5
469 5
474 5
479 4
480 3
488 3
492 2
493 5
496 4
498 3
499 5
500 4
514 4
524 4
530 3
532 5
533 4
535 5
536 4
537 4
538 5
539 5
553 5
560 5
561 4
562 4
566 4
567 5
568 5
575 3
583 5
588 4
592 5
594 3
601 4
605 5
606 5
607 4
608 4
610 5
618 5
623 5
625 5
632 5
639 5
641 5
643 4
645 5
648 5
650 5
655 4
659 4
660 4
664 4
665 4
666 5
669 3
670 5
676 4
679 5
684 5
693 3
694 5
698 3
707 5
710 5
711 5
716 5
727 4
734 4
744 4
745 1
747 5
748 4
749 4
751 5
753 5
758 5
763 4
766 3
767 5
776 5
781 5
788 5
796 5
804 5
806 4
807 5
815 5
821 5
833 4
840 5
846 5
848 5
851 4
854 4
862 5
864 5
867 5
870 5
881 4
886 4
889 4
890 5
892 5
896 3
897 3
899 4
900 4
902 4
907 4
908 4
911 3
912 5
913 3
916 5
929 4
932 5
933 4
934 3
