6 5
7 5
13 1
18 5
51 1
59 2
60 4
85 5
90 5
95 5
114 3
123 5
125 5
128 3
151 5
172 3
183 5
184 4
188 3
189 4
193 5
194 3
221 2
230 5
234 3
237 4
250 4
253 5
262 4
271 4
293 3
295 4
296 5
297 3
298 3
299 4
305 2
308 3
311 1
312 4
313 3
318 5
321 4
325 3
326 5
330 5
334 3
339 5
345 4
354 4
373 4
378 4
381 4
385 4
389 5
393 2
398 5
401 4
406 3
409 2
411 4
417 3
429 3
437 4
450 5
452 2
454 4
456 4
457 4
472 3
474 4
479 3
480 4
488 3
496 3
503 4
504 4
524 2
528 2
532 5
537 3
553 3
562 5
566 3
588 5
607 3
610 5
618 3
632 4
642 5
650 3
660 3
670 5
694 4
698 4
707 4
711 4
716 5
731 4
734 5
747 5
749 4
751 4
766 3
776 2
780 4
790 3
796 4
798 5
806 5
807 5
815 4
835 5
843 2
846 5
847 3
848 5
850 5
862 5
878 3
897 3
907 5
911 3
918 3
943 5
