6 4
7 5
10 5
16 5
18 5
20 5
42 5
43 5
44 4
48 5
51 4
57 4
58 2
59 4
60 4
64 5
70 4
75 5
82 4
85 4
87 5
90 4
94 3
95 4
97 2
114 4
115 1
124 1
125 5
128 5
130 5
138 4
148 3
151 4
154 3
161 3
175 5
184 5
189 5
194 4
195 4
200 5
214 4
215 5
216 5
221 3
230 5
234 4
235 4
236 3
250 4
253 5
254 4
262 4
263 5
269 5
271 5
274 5
275 3
276 4
280 5
290 4
291 5
293 5
295 5
298 5
299 3
301 5
308 3
311 5
312 5
313 5
314 4
321 4
326 5
330 5
334 3
339 5
342 4
343 5
344 4
346 5
354 3
360 3
363 4
371 4
373 5
378 3
379 5
380 4
382 3
383 5
385 2
387 3
389 4
393 5
394 5
398 5
399 3
406 4
407 5
409 5
416 5
417 3
426 3
429 4
435 4
437 4
450 5
452 5
453 4
454 4
458 3
465 3
472 4
474 4
478 5
479 3
488 4
495 5
496 1
498 3
503 5
505 5
506 5
521 2
524 2
527 4
532 5
533 5
535 5
536 5
537 4
538 5
539 3
542 4
553 3
556 5
560 3
561 3
566 5
567 5
571 3
577 5
586 3
588 3
593 5
601 4
605 5
617 1
618 4
622 4
630 3
640 4
641 2
642 4
643 4
645 3
647 4
648 4
650 4
653 2
654 4
659 5
660 3
661 5
664 5
665 3
666 4
690 4
691 5
694 4
698 3
704 5
707 3
710 4
711 5
716 5
731 5
734 5
738 4
741 5
747 5
748 4
749 5
758 3
764 5
766 5
771 5
776 3
778 1
780 4
785 4
786 5
790 3
796 5
804 5
806 5
807 5
815 5
836 4
840 5
846 3
847 4
848 2
850 5
862 5
864 5
867 5
868 2
870 5
875 4
878 5
882 5
883 2
886 4
887 4
890 5
892 5
896 4
897 5
899 5
907 4
908 5
911 3
912 4
924 5
928 5
929 3
932 4
942 5
