6 5
7 5
13 5
25 3
38 5
42 5
43 4
49 3
56 3
58 2
59 1
60 3
70 4
85 3
90 5
91 2
92 2
94 4
102 2
128 3
130 5
148 4
189 4
194 3
198 4
200 4
210 4
222 2
230 3
233 3
234 4
250 5
254 3
275 3
276 4
279 3
291 4
293 4
299 3
301 3
303 4
308 4
311 5
313 5
314 4
318 4
320 3
326 3
330 5
347 4
378 4
381 4
387 4
389 5
393 3
398 3
399 2
401 2
405 3
406 5
416 5
417 3
435 3
437 4
450 4
452 3
471 3
472 3
487 4
495 3
497 2
505 2
524 2
532 5
536 3
537 3
541 4
542 4
561 3
562 5
592 4
593 2
606 4
618 4
620 4
621 3
622 3
642 2
643 4
650 3
661 4
710 3
712 3
716 5
737 1
747 5
749 4
756 3
774 1
786 4
805 5
807 3
815 3
826 3
830 3
840 4
843 2
847 3
848 3
864 3
865 1
868 3
875 4
882 5
885 3
887 4
890 4
892 3
897 5
911 3
912 4
927 4
934 4
