6 4
7 5
10 4
13 5
14 5
16 2
18 4
62 4
64 3
72 4
85 4
90 5
94 5
95 4
121 5
122 4
138 4
148 5
151 4
184 4
194 3
198 4
200 4
201 3
207 4
213 4
214 4
226 4
233 4
239 5
243 4
244 5
262 3
269 4
270 3
271 4
279 3
293 3
299 4
307 3
308 4
311 3
312 5
318 5
339 4
344 4
354 5
378 4
381 5
389 4
401 4
405 1
406 3
416 5
421 2
450 4
452 4
453 4
454 2
457 4
458 4
474 5
479 4
488 2
496 3
498 3
500 4
503 5
523 4
537 4
542 4
543 3
551 4
565 4
568 4
585 4
608 1
613 4
615 4
629 5
639 3
643 3
650 3
653 4
655 3
663 4
664 4
675 5
682 2
693 3
711 4
719 2
747 5
758 5
763 5
773 4
776 5
777 4
779 2
805 5
821 5
828 2
829 5
835 4
840 3
846 4
848 4
854 4
855 3
861 5
864 5
868 3
878 4
884 4
889 2
894 4
901 4
903 4
909 5
916 4
932 3
