6 4
7 5
8 4
10 5
13 5
16 4
18 4
22 5
59 4
60 5
85 4
87 5
91 3
94 5
95 4
102 4
122 4
145 4
153 3
156 4
158 3
178 4
188 3
189 5
194 4
197 5
225 5
234 4
236 3
253 5
263 4
271 4
292 4
293 3
296 5
299 5
308 3
311 4
312 5
321 5
325 4
326 5
328 5
334 4
343 5
373 3
389 3
391 5
392 4
398 4
402 5
405 1
407 4
416 4
426 4
429 4
450 4
452 4
464 4
466 2
469 4
474 4
479 4
480 4
483 3
484 4
488 4
497 3
505 3
506 5
514 3
522 5
532 5
536 4
537 3
545 3
561 3
585 5
600 5
627 4
632 5
638 3
639 3
648 5
650 3
653 2
658 3
660 3
666 4
671 3
694 5
710 4
712 2
719 4
727 4
731 1
745 3
747 5
749 4
753 4
758 3
763 4
766 3
774 2
776 5
780 4
788 5
796 3
804 5
807 5
826 4
828 3
830 4
846 4
855 4
871 3
882 5
884 5
897 3
932 4
934 5
