6 4
11 2
13 5
14 4
18 2
59 5
60 4
76 5
85 5
89 5
90 3
98 5
138 4
151 2
184 4
189 4
194 3
207 3
208 3
210 4
215 5
218 3
234 3
264 5
269 4
271 3
279 4
299 4
303 5
308 4
318 3
325 4
327 2
338 5
342 5
361 5
378 3
379 4
381 4
383 5
389 4
392 5
405 3
406 2
421 2
437 4
452 2
458 4
474 4
480 4
498 4
500 4
504 4
506 2
524 4
527 5
535 4
537 4
567 5
591 4
608 4
615 5
625 3
639 2
650 3
653 1
655 4
659 5
666 4
669 3
680 4
694 4
707 3
716 5
738 3
747 5
748 3
758 3
796 2
823 5
833 2
840 4
848 5
860 4
870 2
878 4
883 4
912 4
918 3
929 5
932 5
