6 3
8 4
10 4
13 4
23 5
24 4
41 3
49 4
72 4
73 5
76 3
77 4
82 4
90 2
92 5
94 5
95 4
138 4
144 3
158 4
194 4
197 1
198 3
201 4
214 3
224 1
239 3
253 5
267 5
269 4
271 4
276 4
293 5
303 4
311 3
328 2
334 4
339 5
342 3
345 4
346 4
354 3
363 4
380 3
387 4
389 4
405 1
409 1
417 5
437 2
450 4
452 5
455 4
466 4
474 4
478 4
506 4
524 3
535 5
537 4
543 3
551 4
561 4
592 5
600 5
615 4
627 4
645 5
653 2
655 2
658 4
664 4
666 4
682 4
686 5
721 2
763 4
766 3
774 1
788 3
806 3
815 3
833 3
846 4
875 4
886 4
896 3
899 4
913 4
