6 4
7 5
13 4
18 4
25 3
44 5
64 5
72 5
82 3
85 3
91 4
95 4
109 5
114 3
125 5
178 5
189 5
194 5
207 4
211 4
234 4
235 4
236 4
251 5
263 3
271 5
275 4
288 5
290 3
294 5
308 4
311 5
312 5
313 5
315 4
326 5
328 5
333 4
337 5
340 5
346 5
354 3
360 4
373 4
379 5
381 5
385 3
387 4
389 3
398 5
401 3
405 2
406 4
409 2
416 5
425 3
429 3
435 4
450 5
452 3
454 4
464 5
469 4
474 5
488 4
499 3
506 5
521 3
524 3
532 5
535 4
545 4
551 4
553 5
556 5
559 5
561 4
568 2
579 4
594 4
627 5
648 4
650 4
653 3
655 3
659 3
666 3
676 4
679 4
682 4
684 4
693 2
694 5
696 5
716 4
719 5
727 4
731 4
745 3
758 5
766 4
774 3
780 4
786 4
788 4
796 3
804 4
807 5
840 5
846 5
848 5
862 4
868 4
870 5
881 5
889 4
890 4
901 5
903 4
907 5
912 2
918 3
932 4
942 5
