6 4
7 5
9 4
10 4
11 2
42 2
59 5
62 5
72 4
85 3
87 3
90 4
92 4
132 4
144 4
148 1
167 5
184 4
194 4
201 2
207 4
213 4
222 5
233 5
234 3
236 3
244 4
263 3
269 4
271 5
272 5
293 3
296 4
301 3
308 3
311 4
312 5
313 4
316 5
321 2
322 5
325 4
326 2
328 4
334 4
339 4
343 5
360 5
374 4
380 2
385 3
387 3
389 3
398 5
405 4
406 3
407 3
437 4
450 4
452 3
458 4
474 5
488 3
492 5
495 5
499 4
506 5
522 5
524 4
533 3
535 5
537 2
543 4
559 2
566 4
567 3
592 5
605 5
615 4
618 2
622 5
627 2
643 4
645 4
650 3
653 4
655 3
659 5
663 3
669 4
670 4
686 5
693 5
694 3
716 3
731 1
747 5
749 4
766 4
774 2
777 5
788 4
806 3
815 4
833 4
840 5
843 2
846 3
862 5
870 3
874 5
881 4
890 5
892 5
897 5
901 2
903 5
929 5
932 5
940 4
