6 5
7 4
13 4
14 4
18 4
22 5
42 5
44 4
48 5
56 4
59 4
60 4
77 5
82 5
84 4
85 4
87 5
90 4
95 4
98 5
123 3
132 4
138 5
144 5
151 5
154 5
161 3
184 4
187 3
189 4
194 5
200 4
208 4
210 4
215 4
232 4
233 4
234 4
235 5
236 2
253 4
263 5
269 5
271 4
275 4
276 4
290 3
292 4
296 4
298 4
301 4
308 4
311 5
313 5
315 4
321 3
325 3
326 4
327 4
328 5
338 3
339 5
342 4
343 5
360 3
363 3
370 3
371 4
379 4
385 4
398 4
405 2
406 3
409 4
430 4
437 3
450 5
452 2
455 4
456 4
459 4
474 5
479 4
488 3
492 4
495 5
506 5
516 3
522 5
523 3
524 4
528 4
532 5
537 3
542 4
553 4
556 5
559 4
561 4
566 4
567 3
568 3
573 4
579 3
591 4
605 5
615 5
623 4
627 4
629 3
632 3
638 4
645 5
648 3
650 3
653 4
655 3
660 3
666 4
669 4
690 4
692 3
693 4
694 4
696 5
699 2
704 5
746 3
749 4
753 4
766 3
774 2
776 4
777 4
781 5
788 4
804 5
807 3
815 4
830 4
833 3
835 3
836 5
846 4
848 5
864 4
870 5
875 4
876 5
881 4
883 5
885 3
889 4
890 4
892 5
897 5
901 4
903 5
912 4
916 3
924 5
930 2
932 4
933 4
