6 3
7 5
11 3
13 3
18 4
22 4
23 3
38 1
59 4
65 4
72 4
85 4
90 5
91 4
97 3
106 4
119 2
189 4
194 4
197 5
198 4
207 4
211 4
224 4
230 3
234 3
236 3
254 3
256 3
263 5
271 5
276 4
298 5
308 3
311 5
312 5
313 4
321 3
325 3
326 5
340 5
374 4
379 4
381 4
385 3
387 4
389 3
399 3
405 1
406 5
409 3
412 4
416 5
426 4
450 4
452 4
454 4
458 5
474 5
479 4
488 4
496 3
497 3
503 3
504 3
505 5
521 3
524 3
527 5
528 4
532 5
533 2
537 3
541 4
554 4
561 3
592 5
600 4
605 5
615 4
618 5
627 4
633 4
639 4
648 3
650 4
653 3
659 5
671 2
694 5
698 2
705 3
707 1
716 5
727 4
739 5
747 5
749 5
758 4
766 2
774 4
780 5
804 4
807 5
815 4
826 3
833 4
835 3
840 4
843 3
846 4
862 4
864 4
871 5
881 5
882 4
892 4
896 4
897 5
921 4
924 3
932 5
934 2
943 4
