6 4
7 5
9 3
10 4
11 4
13 5
18 4
23 4
25 4
48 4
52 5
59 5
62 4
64 4
70 4
72 4
77 4
82 3
83 4
85 4
90 5
91 4
92 3
94 5
95 4
103 5
109 3
114 3
130 5
144 5
152 4
154 4
177 4
184 4
189 5
194 4
198 4
200 4
201 3
207 4
210 5
212 5
214 4
222 4
226 4
233 5
234 3
239 5
244 5
250 4
253 5
263 5
268 4
269 5
271 5
280 5
286 4
288 3
290 4
293 4
295 4
297 5
298 5
301 4
305 5
307 5
311 4
313 4
318 5
321 3
325 4
326 5
327 4
330 3
334 3
339 4
343 5
354 4
361 4
371 5
373 4
374 4
378 4
379 3
380 4
389 3
391 3
393 3
399 3
401 4
405 5
406 4
409 4
411 4
426 3
429 5
430 4
435 4
450 5
452 3
454 4
457 5
458 2
474 5
480 4
488 3
492 5
493 5
498 3
499 5
504 4
508 5
512 5
514 4
524 5
530 4
533 4
535 3
537 4
538 3
539 4
541 3
551 5
553 3
554 4
559 4
567 3
592 5
605 4
606 4
610 4
615 4
632 4
639 4
642 4
643 3
648 4
650 3
653 2
655 3
658 5
660 3
661 4
665 3
666 4
667 4
669 3
679 4
682 3
686 3
693 3
694 5
707 5
716 5
721 5
731 5
738 5
745 3
748 5
749 4
753 4
756 3
758 5
763 3
764 4
766 5
774 1
777 4
796 3
804 4
805 3
807 5
815 5
835 4
843 3
846 5
847 2
848 3
851 5
870 5
875 4
876 5
880 4
881 3
890 4
896 4
899 4
908 3
913 5
916 4
919 4
924 4
932 4
934 3
940 3
