7 4
8 3
13 4
22 5
37 4
38 2
43 3
56 4
59 5
72 4
87 4
94 1
95 4
102 2
109 5
110 3
119 4
124 4
130 5
158 3
186 4
194 3
197 3
217 1
221 4
222 3
234 2
244 1
246 3
256 5
267 4
268 2
276 4
279 4
280 2
290 3
291 4
293 1
301 3
303 3
305 3
308 4
311 3
313 4
320 5
326 5
327 2
328 3
332 5
339 2
345 3
346 4
347 5
363 4
373 3
374 5
378 2
387 2
389 3
393 3
394 4
399 3
405 2
416 4
417 3
425 4
429 3
435 3
436 4
442 2
450 4
453 3
455 4
456 2
466 3
472 5
484 4
487 3
493 4
495 3
497 4
506 4
521 3
524 3
533 4
537 2
543 2
545 3
551 5
559 4
561 1
562 4
577 3
586 4
588 3
600 4
618 3
619 5
622 4
627 1
630 3
632 2
638 5
640 4
643 3
648 4
650 3
653 3
655 2
660 2
671 3
682 2
705 2
709 3
727 4
738 3
746 4
749 4
756 2
757 3
758 4
766 3
774 2
778 4
788 3
790 4
795 3
796 3
804 4
805 3
807 5
826 3
830 5
833 2
843 3
846 4
864 4
868 4
870 3
880 4
881 3
883 3
886 4
889 3
896 2
897 3
916 2
922 3
932 2
933 1
934 4
