7 3
13 2
22 1
56 4
62 1
70 3
87 4
92 2
95 3
102 2
130 4
135 3
145 3
167 1
186 1
188 2
193 3
197 4
207 2
217 3
222 2
244 3
254 3
256 4
267 3
268 3
270 1
276 2
279 1
280 1
286 4
293 1
301 3
303 2
320 4
325 1
326 3
328 3
330 3
332 3
363 1
374 2
378 3
379 4
380 2
393 4
394 4
399 3
405 1
416 3
435 3
442 2
452 3
457 4
472 5
484 4
496 2
498 3
500 3
506 3
524 4
532 4
533 1
545 3
551 5
588 3
600 4
619 3
621 4
627 2
638 3
642 4
647 4
648 4
650 2
668 3
671 4
682 3
690 3
705 2
709 4
749 3
756 1
757 3
758 3
774 1
788 3
795 3
796 2
798 2
804 2
805 1
807 4
826 4
830 5
846 4
870 2
880 3
881 1
889 4
896 2
934 4
