7 4
8 3
13 5
22 3
37 4
42 5
43 3
59 4
64 3
72 4
83 4
85 3
87 5
92 4
94 2
95 2
102 2
106 4
109 4
110 4
130 4
135 3
145 5
151 3
158 3
175 3
178 4
186 5
188 5
194 4
197 4
201 3
207 4
217 4
221 3
222 4
225 4
234 2
244 4
253 4
256 5
267 3
268 3
270 5
271 4
276 4
279 4
280 4
290 3
291 4
293 3
301 3
305 3
308 4
311 4
313 4
318 4
320 3
326 4
328 5
332 4
334 3
339 3
345 3
346 5
363 3
373 4
374 3
375 4
378 3
379 4
380 3
381 2
387 3
393 3
399 4
401 5
405 1
411 4
425 2
429 3
435 4
437 3
450 4
453 3
454 4
457 4
466 3
472 4
474 5
479 3
484 4
487 4
495 4
497 3
505 3
506 4
521 3
533 4
535 3
536 5
537 2
538 3
543 4
545 4
551 5
559 5
561 3
562 4
563 4
577 4
586 3
588 2
600 3
618 3
619 4
627 3
629 5
632 4
633 3
640 4
643 3
648 4
650 3
653 5
655 3
659 3
661 4
664 4
665 2
666 3
671 4
682 3
693 2
705 4
711 2
716 3
727 3
741 4
746 4
749 3
756 4
757 3
758 4
774 2
788 4
790 3
796 4
804 4
807 4
823 4
825 5
826 3
830 3
840 5
843 3
846 5
848 4
850 5
862 3
864 4
868 1
870 2
871 3
877 4
880 3
881 4
882 4
883 3
886 3
889 3
892 4
896 4
897 2
899 3
901 5
916 3
932 4
943 4
