7 5
13 3
70 2
83 4
87 3
92 2
94 2
102 2
109 3
110 2
158 4
194 2
197 4
200 4
207 3
217 1
221 3
222 3
246 1
256 3
267 3
268 1
276 3
279 3
280 3
291 4
301 4
303 3
311 3
313 3
320 3
346 3
374 3
378 3
379 4
393 3
394 2
399 3
405 1
416 5
417 3
425 3
435 3
442 2
452 2
472 5
495 3
506 4
532 5
543 4
551 2
554 4
566 2
586 3
600 3
606 3
613 3
618 4
619 4
621 2
627 3
648 4
650 1
653 1
655 2
671 5
682 4
693 2
705 4
709 4
715 2
727 4
749 3
757 3
758 4
774 1
795 2
796 3
798 3
804 4
805 4
807 4
826 4
833 3
846 4
881 3
889 3
892 4
896 2
922 4
932 2
933 1
943 4
