7 3
13 3
37 3
56 3
87 3
102 2
110 3
130 5
178 4
197 3
200 5
201 2
217 5
221 4
222 3
246 2
267 3
268 2
276 4
279 4
291 4
293 2
303 2
308 2
311 2
313 3
314 4
328 2
346 2
363 4
387 2
393 4
394 2
399 2
405 1
416 4
417 3
429 3
435 5
442 2
453 3
456 2
472 5
484 3
487 3
495 3
497 4
506 3
524 5
543 3
545 4
551 5
561 3
586 3
588 5
600 2
619 4
621 5
622 4
627 3
640 3
648 4
650 3
653 1
655 2
659 3
671 3
682 3
705 3
709 4
727 3
746 4
749 3
751 4
758 4
796 4
807 4
826 5
833 1
843 3
846 3
847 3
864 3
868 2
880 3
886 4
887 4
892 4
896 2
901 3
916 1
933 1
