7 4
10 4
13 4
14 4
18 4
20 4
23 4
28 3
38 5
42 5
43 4
44 4
49 4
52 4
56 4
57 4
59 2
64 4
70 5
73 2
82 5
85 3
94 4
95 3
102 4
109 4
117 3
128 5
130 4
144 4
148 4
159 2
178 4
184 5
186 4
189 4
194 4
200 5
201 4
221 3
222 4
230 5
233 5
234 3
246 4
249 3
250 5
253 5
254 3
262 4
263 3
268 3
275 3
276 4
280 5
283 4
286 5
290 4
291 4
293 3
295 4
297 4
298 4
299 4
301 5
303 5
307 4
308 5
311 4
312 5
313 4
314 5
316 1
320 3
326 3
327 4
330 5
340 5
344 5
345 3
347 3
360 3
363 2
373 3
378 5
381 3
387 3
389 5
393 4
397 4
398 4
399 5
401 2
405 2
406 4
407 4
416 5
417 3
435 4
437 3
450 4
452 3
454 3
456 3
457 5
458 5
465 4
471 1
472 3
479 1
484 5
487 5
497 4
499 4
505 5
527 4
528 2
532 5
536 3
537 1
541 4
542 4
545 4
561 2
577 4
588 4
601 3
606 5
618 4
620 5
621 3
622 4
625 4
632 2
642 5
647 4
650 3
654 4
663 4
664 3
665 4
679 3
683 4
686 4
698 4
705 3
711 4
712 4
715 4
716 4
727 4
731 3
747 5
748 4
751 5
756 4
757 3
763 4
764 5
766 3
771 5
773 1
776 4
786 5
795 5
796 5
798 4
804 4
805 2
806 4
807 5
815 5
822 2
823 3
826 4
830 5
835 3
840 4
843 2
844 4
846 4
848 3
849 5
851 4
864 3
865 2
867 3
868 1
878 2
880 4
881 3
882 4
885 4
887 4
892 5
896 5
897 4
899 3
911 4
913 3
922 4
927 5
