7 3
12 5
15 2
16 4
21 3
26 3
32 3
42 4
43 5
44 4
59 4
63 3
64 4
69 3
72 5
81 5
83 4
84 4
92 4
95 5
99 4
104 4
119 4
128 4
141 4
144 3
145 4
159 4
178 5
181 4
184 3
186 4
188 5
190 4
195 4
201 3
207 3
213 4
218 3
222 4
223 3
224 3
234 3
236 4
249 5
253 3
256 5
265 5
271 4
274 4
276 3
277 4
279 2
287 5
293 3
303 4
308 3
314 5
322 3
328 3
329 2
334 4
336 5
342 3
363 4
365 4
374 4
378 4
388 4
389 3
391 4
393 5
396 3
397 4
398 3
399 3
401 3
402 4
406 3
416 5
423 5
429 3
439 4
442 3
445 2
447 4
450 4
453 3
455 4
458 3
460 2
463 4
474 3
478 3
486 4
487 2
498 4
501 4
505 4
518 3
526 4
532 5
533 4
534 5
535 4
537 3
540 3
543 4
548 3
551 5
552 3
562 4
586 3
590 3
592 4
593 4
595 4
601 3
606 3
610 3
624 3
627 3
632 4
634 4
637 3
640 4
654 5
655 3
662 4
663 3
666 2
671 3
682 3
693 3
697 4
699 2
703 4
715 4
717 4
718 4
731 1
733 3
734 4
742 4
747 2
751 1
756 4
759 3
764 3
768 4
788 3
789 3
792 2
793 4
796 3
825 4
831 4
833 2
835 4
851 5
854 2
864 4
870 2
872 3
880 4
886 3
891 4
894 4
896 3
905 4
907 5
908 4
917 3
919 3
923 5
936 4
938 3
939 5
