7 5
13 3
14 3
21 3
27 2
43 3
45 3
56 4
63 2
68 2
70 3
81 3
82 3
85 3
92 2
95 2
101 3
102 2
115 1
116 5
117 3
130 4
148 5
152 2
168 4
178 3
181 4
182 5
184 4
186 4
189 3
200 4
201 4
211 3
222 3
223 3
226 3
234 2
236 4
244 4
245 4
246 3
250 5
251 3
254 4
261 2
262 4
270 5
274 3
286 3
290 4
297 3
298 3
303 4
312 5
330 5
348 4
349 2
373 3
378 5
381 3
388 4
393 4
395 2
406 3
417 3
429 3
435 4
458 4
459 3
463 3
471 1
481 4
487 5
490 1
525 4
533 2
536 3
540 4
541 4
550 2
551 5
554 3
561 2
606 4
618 4
620 2
634 3
636 5
637 2
642 5
648 3
654 3
668 3
684 3
689 3
697 4
699 3
703 3
708 4
727 4
747 5
751 4
764 3
770 4
771 4
779 4
792 3
807 4
815 5
837 3
838 5
843 3
847 3
864 4
869 3
879 2
881 3
885 4
887 5
892 3
896 2
907 4
913 1
919 3
922 4
938 5
