7 3
11 2
13 3
20 3
23 3
26 2
37 5
43 3
45 3
54 2
55 2
56 3
57 3
59 2
62 2
66 3
70 3
75 3
82 3
83 2
84 3
92 2
94 2
95 3
99 4
101 3
102 3
109 2
117 4
119 4
130 4
137 5
141 4
144 4
145 4
157 3
159 5
162 4
164 4
168 3
174 3
178 4
181 3
190 2
200 4
201 2
207 3
213 5
217 4
222 1
223 4
231 3
245 4
246 2
249 2
251 3
255 4
256 4
261 4
267 3
268 2
269 1
274 3
275 3
276 3
279 5
286 3
291 3
294 3
299 3
301 3
303 1
305 2
308 3
314 4
320 3
324 4
328 3
332 5
344 2
346 3
347 3
357 4
363 4
374 4
378 3
386 3
393 3
394 2
396 4
399 3
403 2
416 3
417 3
425 1
435 3
445 1
447 3
450 4
452 5
455 3
457 3
458 3
459 3
463 2
472 5
484 3
486 3
487 4
493 4
497 3
501 3
507 5
517 4
521 2
525 3
533 3
534 5
540 4
548 4
551 4
554 4
560 2
561 3
564 4
580 1
582 3
588 4
592 2
593 2
595 2
605 3
618 4
619 4
622 5
624 3
625 2
627 3
630 4
634 4
642 4
643 2
644 4
650 3
653 4
654 4
663 3
665 3
671 4
674 3
682 1
689 4
699 3
705 4
708 2
709 4
714 3
717 4
718 5
722 3
727 3
746 4
751 2
758 2
764 4
768 2
769 2
774 2
788 3
790 3
792 3
793 3
796 5
800 4
804 3
805 3
807 4
817 2
821 3
825 5
833 1
844 3
851 4
852 3
854 2
862 3
864 4
865 1
872 4
879 2
880 3
882 4
887 5
889 3
891 3
893 4
895 2
896 4
897 5
899 2
910 3
916 2
933 1
935 4
938 3
939 4
