7 4
10 5
11 4
13 4
14 4
16 5
18 3
23 4
28 3
42 4
44 4
48 4
51 3
58 5
59 5
60 5
64 3
72 4
76 3
82 5
90 5
91 5
94 4
97 4
116 3
118 4
128 5
135 4
138 4
145 5
151 5
160 4
167 4
169 5
172 3
189 5
201 4
213 5
214 4
218 4
225 5
232 4
233 4
234 4
235 3
237 5
239 5
249 5
264 5
269 5
270 5
271 4
276 5
278 5
292 5
293 5
294 5
297 5
298 5
299 3
303 5
308 5
312 5
313 5
315 5
321 5
322 5
326 4
327 4
330 5
334 5
338 5
339 5
350 5
354 5
361 5
363 4
370 5
373 4
375 4
376 4
379 5
383 5
385 5
387 4
389 5
391 5
398 4
401 4
405 3
407 4
409 5
411 5
416 5
420 4
421 4
426 5
429 4
435 3
437 5
445 3
450 5
452 4
454 4
456 5
458 4
464 5
465 4
468 5
469 5
472 5
474 5
480 4
494 3
497 3
498 4
503 3
506 5
509 4
524 3
527 4
532 5
533 4
535 4
536 4
537 4
539 4
543 5
548 5
551 5
553 5
556 5
561 4
567 5
568 5
575 5
579 5
591 5
592 5
608 5
613 5
623 4
625 4
643 5
648 5
650 4
655 4
658 4
659 5
660 4
661 3
663 4
664 5
666 4
669 5
670 5
686 5
691 5
694 4
698 4
704 5
707 3
710 4
716 5
731 5
734 4
738 5
739 4
744 5
745 4
747 5
748 5
749 5
751 4
756 5
758 5
776 4
780 2
796 4
798 3
804 5
805 4
815 3
831 5
836 5
840 5
843 2
846 5
847 3
848 5
854 4
862 5
864 4
867 5
870 5
875 4
880 5
883 4
889 4
890 5
896 4
897 5
899 4
904 4
908 4
911 5
913 4
921 3
932 5
