7 3
14 5
17 1
21 3
26 3
32 4
43 3
49 4
53 5
69 3
72 4
76 2
84 3
87 4
92 4
99 4
104 4
109 2
115 5
117 5
119 4
121 3
145 2
150 4
151 5
159 3
160 3
162 4
177 2
178 4
181 3
188 5
190 4
194 3
203 4
207 3
213 5
216 4
222 5
230 3
234 2
244 4
246 1
249 3
250 4
256 5
262 2
265 4
274 4
276 4
277 4
285 2
286 4
292 3
293 3
296 5
297 4
305 4
308 3
313 4
314 5
318 4
325 3
327 2
328 3
332 4
334 4
336 3
344 4
345 3
348 4
372 4
374 3
388 4
391 4
393 4
399 3
402 3
413 4
416 4
417 3
423 4
429 3
430 3
432 5
434 1
435 5
436 5
442 4
445 1
450 4
453 3
455 4
457 4
474 4
486 3
487 4
498 4
501 4
504 4
516 4
518 5
527 3
534 5
535 4
537 2
540 3
548 2
551 5
552 3
586 3
592 3
606 4
618 2
624 4
627 4
634 4
642 3
650 3
653 4
655 3
657 3
658 3
663 4
671 3
682 4
693 4
697 4
703 4
706 4
708 3
709 3
716 3
717 5
722 4
727 3
735 3
744 2
749 4
758 4
761 4
768 3
789 3
793 3
796 4
806 3
825 4
833 4
834 5
835 3
837 3
840 4
843 2
854 2
864 4
872 4
880 2
886 3
894 3
903 3
904 3
906 5
907 5
910 1
917 5
919 3
923 4
936 1
940 4
