7 4
13 3
18 5
43 2
44 1
83 2
85 4
90 5
92 4
94 5
95 4
109 3
121 4
145 4
151 3
180 5
184 4
194 2
198 3
201 2
207 2
210 5
212 5
219 5
234 3
243 4
244 4
262 4
269 4
276 3
280 5
291 5
292 5
295 5
301 1
303 4
305 3
307 3
312 5
313 2
318 4
321 4
327 3
334 4
337 4
339 5
343 4
354 4
363 1
370 4
378 4
379 5
380 4
381 4
385 3
389 5
406 5
409 3
416 3
417 3
426 3
429 4
435 2
450 4
452 4
454 2
457 4
458 4
495 2
498 3
504 4
514 4
527 4
535 5
536 2
553 5
561 3
566 4
567 3
568 5
592 3
593 3
615 4
617 2
627 3
643 3
647 4
650 3
653 2
655 4
661 3
664 4
665 2
682 3
691 4
693 3
704 3
707 4
716 5
721 5
747 5
751 5
760 3
804 3
805 5
815 4
823 4
840 4
868 4
870 2
886 4
888 4
889 3
892 4
896 2
908 4
916 4
918 4
922 3
