7 3
16 5
23 3
59 5
72 4
85 4
92 3
94 4
110 2
115 5
130 4
135 4
145 3
151 3
154 3
172 4
177 4
184 4
194 2
201 4
207 3
218 3
222 3
234 3
256 4
267 4
269 3
271 5
286 3
293 3
295 4
299 4
308 5
311 4
315 5
334 5
339 5
343 4
346 3
374 1
387 4
389 4
405 1
406 3
407 2
417 5
429 4
436 4
437 1
447 4
450 4
454 2
468 3
474 4
480 4
495 4
497 3
506 4
524 4
537 4
538 3
543 3
548 4
561 3
623 3
650 3
653 1
655 3
659 2
664 4
666 5
690 3
749 2
756 2
804 3
805 4
823 4
833 3
840 4
846 5
848 5
864 3
870 4
878 3
881 4
889 3
896 2
903 4
916 3
