7 5
8 5
10 4
13 5
22 4
58 4
59 5
62 4
64 4
65 4
87 4
90 5
91 5
92 4
94 5
95 5
99 5
110 4
128 5
144 4
154 4
156 4
158 5
165 5
177 3
178 4
184 3
187 5
188 4
194 3
195 5
197 5
198 4
201 4
210 4
216 5
221 4
222 4
228 4
232 3
234 4
244 4
246 4
271 4
272 4
288 4
290 3
293 3
298 5
301 5
303 5
311 4
313 3
315 3
316 5
321 3
323 5
326 4
327 4
328 5
329 4
330 5
332 5
345 4
354 3
360 4
363 3
373 4
374 4
378 4
379 4
380 3
387 2
391 5
393 4
394 4
399 3
401 4
405 5
406 3
411 4
412 4
416 4
417 4
426 4
429 4
437 4
450 5
453 4
454 4
457 5
458 3
459 3
465 3
466 3
472 4
474 5
479 5
484 5
487 5
488 5
492 3
496 2
497 4
499 4
504 4
505 3
514 4
521 3
524 4
527 5
533 4
537 3
541 5
543 3
551 4
561 3
566 4
577 5
586 3
600 4
606 4
618 5
619 5
627 4
629 5
632 5
633 3
639 4
642 4
655 4
666 5
667 5
670 4
682 4
686 5
693 3
700 4
709 4
711 4
716 5
727 3
738 4
741 4
747 5
757 4
788 4
804 4
823 5
826 4
830 4
843 2
846 3
862 5
864 5
867 5
868 5
870 3
871 2
875 5
880 5
881 5
886 5
889 4
896 4
897 3
903 5
921 3
930 3
933 3
940 4
