7 3
10 3
11 4
13 5
23 4
49 5
58 5
62 4
64 2
90 4
94 4
102 2
128 3
145 5
151 5
158 4
189 5
198 3
200 2
214 4
216 4
226 3
235 4
239 5
244 5
246 5
268 4
276 4
279 4
286 4
287 4
296 4
297 3
298 3
299 3
327 4
334 5
354 4
361 4
363 4
380 3
381 5
385 5
391 4
393 3
397 3
405 1
406 2
416 4
429 4
435 4
437 4
453 3
474 4
487 5
493 5
496 5
497 5
498 5
514 4
523 2
527 4
537 3
559 4
561 5
565 5
585 4
588 2
592 4
606 3
625 4
660 4
661 2
663 4
711 4
712 3
751 4
758 5
771 4
773 3
777 5
828 5
847 5
854 3
867 5
875 5
889 5
916 4
932 3
933 3
