7 5
13 5
16 4
29 5
48 5
60 4
65 4
82 4
85 4
90 5
97 5
116 4
122 4
151 4
156 4
175 4
189 4
194 5
234 5
236 3
263 5
269 4
271 4
292 5
308 4
311 3
312 5
313 4
328 5
339 5
354 4
360 5
370 5
385 4
389 4
391 5
398 3
401 3
405 3
406 5
409 5
426 4
450 3
452 4
454 4
474 4
480 4
496 3
499 3
506 5
524 3
527 5
537 4
539 5
553 5
559 3
561 4
568 4
573 4
593 2
608 3
639 4
650 3
659 5
666 4
694 5
704 4
716 3
739 2
747 5
749 5
776 5
785 3
788 5
805 4
830 4
840 5
843 3
846 4
848 3
883 4
892 5
896 4
900 4
912 2
932 5
934 4
942 4
