7 5
13 4
23 3
38 5
42 2
51 3
59 4
64 3
72 2
87 3
92 4
94 4
95 2
109 3
114 2
178 4
194 2
197 1
200 4
201 3
210 3
217 5
222 2
246 2
253 3
254 2
256 3
267 4
268 4
269 1
275 3
276 3
279 4
293 2
298 3
303 2
305 3
308 4
311 4
320 4
326 3
328 2
332 5
363 4
373 2
387 5
394 3
399 3
405 1
417 2
425 3
429 4
435 3
450 1
457 4
466 3
484 2
487 2
495 3
497 3
521 3
524 2
532 5
536 4
545 2
561 3
567 4
586 3
600 2
618 1
622 3
627 3
632 4
638 3
642 2
643 3
648 3
650 3
653 2
660 2
671 3
704 2
727 5
757 4
766 3
774 5
776 4
788 2
796 4
804 4
805 4
807 4
826 2
830 3
833 3
843 4
846 3
848 3
868 3
881 1
892 3
896 3
897 5
901 4
916 3
932 2
933 1
