8 4
12 5
13 5
16 5
22 3
42 4
43 4
58 4
59 3
60 4
64 4
70 3
72 4
83 4
87 5
90 3
92 3
94 4
102 2
106 4
110 4
115 3
119 4
128 4
130 5
145 5
151 3
158 3
169 5
178 5
180 5
186 4
188 3
193 4
197 4
198 3
201 3
207 3
210 3
213 4
217 5
221 4
235 4
249 4
256 5
267 4
268 3
270 4
276 4
279 3
293 3
301 3
305 3
308 3
311 4
312 5
313 4
327 4
328 5
332 5
334 4
343 3
344 3
345 4
346 4
361 4
373 4
374 5
375 4
378 3
379 4
380 3
387 3
389 4
393 4
398 4
399 3
401 4
405 3
407 3
409 4
412 4
415 3
416 5
417 3
425 2
429 4
435 4
437 3
442 3
452 4
453 3
466 4
474 4
478 4
484 5
487 5
491 5
493 4
495 5
497 3
503 4
506 5
521 3
524 4
532 5
533 4
537 3
542 4
543 4
545 4
551 5
554 4
561 3
562 4
566 4
577 4
588 4
600 4
606 3
618 3
619 4
627 4
629 5
632 5
640 4
648 4
653 5
655 3
661 3
664 4
665 3
666 4
671 3
682 3
690 4
693 3
694 4
705 3
711 3
721 4
727 4
746 4
757 4
758 4
774 1
786 4
788 5
796 5
807 5
815 4
823 4
826 3
833 3
844 3
846 5
864 4
870 3
880 4
882 3
883 3
889 2
892 5
896 4
897 2
899 3
903 3
910 4
916 3
