10 4
13 5
16 5
18 3
23 4
31 5
43 4
51 1
59 4
60 4
64 5
82 3
85 5
87 4
90 5
95 5
125 5
128 3
151 5
169 5
189 4
194 2
201 3
211 4
214 4
225 5
232 5
234 5
235 5
236 4
237 3
239 4
253 5
269 2
271 4
292 4
293 5
295 4
296 5
297 2
298 4
303 5
308 5
311 3
312 5
321 3
326 3
329 3
331 2
354 4
361 5
363 2
370 3
373 4
376 3
379 4
381 5
385 3
389 5
391 5
392 5
393 4
397 5
398 5
406 4
407 4
409 2
419 5
426 5
429 4
437 4
450 4
454 3
464 5
465 4
469 5
474 3
480 4
488 4
495 4
496 2
504 4
505 3
506 5
509 4
524 3
537 3
561 3
566 4
567 5
592 5
610 3
618 3
622 3
625 3
632 5
647 4
650 4
659 5
664 4
670 5
690 1
694 5
698 4
707 4
716 5
731 5
734 4
747 5
749 4
758 5
766 4
780 5
795 4
796 4
798 4
806 4
807 4
815 5
821 5
829 4
838 5
840 4
846 3
847 3
850 5
854 4
881 1
889 4
892 4
896 5
897 3
924 5
930 2
932 4
934 4
942 4
