10 4
13 4
14 5
18 5
58 5
59 5
85 5
87 3
89 3
90 5
92 2
125 3
144 4
151 5
158 5
174 4
234 4
262 5
264 5
271 3
276 4
279 4
283 5
286 4
303 5
305 5
308 3
315 4
321 4
327 4
334 4
339 5
344 5
345 4
354 5
361 5
363 4
373 5
378 4
379 5
380 4
389 4
405 1
406 5
409 4
411 5
417 3
421 4
429 4
435 4
437 5
450 3
455 3
457 5
458 4
464 5
474 5
477 5
500 4
514 3
524 5
527 5
535 5
537 4
541 5
543 3
561 3
579 5
591 4
606 5
618 2
629 3
639 3
645 3
655 3
661 4
666 4
698 4
748 4
751 4
762 3
771 5
786 2
790 3
796 3
798 5
805 4
823 3
854 4
868 4
883 5
886 3
896 3
903 4
904 3
908 4
911 5
916 3
918 4
919 3
930 4
932 4
934 3
940 5
