11 3
49 3
56 1
59 5
62 2
85 4
87 3
92 4
94 4
95 1
109 2
110 2
122 5
128 4
174 3
184 4
193 3
194 3
201 4
213 5
222 2
224 1
267 4
268 1
269 4
276 3
280 2
291 5
293 3
299 4
303 4
308 5
311 2
327 4
328 2
343 5
344 4
345 4
373 2
378 4
385 3
387 5
389 3
391 2
393 1
394 4
398 2
405 1
406 4
407 4
417 2
435 3
436 4
450 3
456 3
472 4
476 4
506 2
514 4
524 4
537 4
543 3
551 1
561 3
643 5
650 3
655 3
664 3
707 3
711 4
721 2
747 5
758 4
788 3
805 4
823 5
833 2
846 4
860 4
864 4
870 3
883 5
886 1
896 3
916 4
919 5
922 3
