11 1
13 4
38 5
42 4
56 3
83 4
92 3
94 1
95 2
102 2
152 5
178 3
183 4
194 2
197 2
200 4
217 3
224 4
246 1
267 3
276 2
290 3
293 1
295 4
303 2
311 3
313 2
326 2
328 3
346 2
378 2
393 3
394 2
399 3
405 1
411 3
416 4
435 2
456 3
457 3
472 5
484 4
487 4
497 2
536 4
543 2
545 3
551 2
562 4
577 4
586 4
588 4
600 3
618 3
619 4
627 2
632 3
640 3
642 5
654 4
659 3
671 3
682 4
705 5
710 3
711 3
721 5
727 2
731 3
746 3
773 1
788 3
796 4
797 2
798 5
804 3
807 4
826 3
846 4
864 3
880 2
887 5
896 1
916 2
921 4
943 1
