11 3
13 5
16 5
18 3
22 4
42 5
43 4
49 3
56 4
58 3
59 3
64 4
83 4
85 3
87 4
89 5
90 5
92 3
94 3
102 3
109 3
110 3
125 4
128 4
145 4
151 4
180 3
187 3
188 3
189 2
194 3
210 4
221 4
222 4
234 2
243 4
244 1
253 4
256 5
263 5
267 4
268 3
271 4
276 4
279 3
283 4
286 5
290 4
291 4
293 3
299 4
301 4
308 4
311 4
315 3
318 5
320 3
326 5
327 1
330 5
336 3
342 3
345 4
346 3
354 2
373 3
374 4
378 4
379 5
380 4
385 3
387 1
389 4
393 4
398 4
399 2
405 5
406 4
407 4
411 4
416 5
417 4
429 4
435 4
437 4
450 3
453 3
454 4
457 4
476 3
477 4
479 4
484 5
487 5
488 4
495 4
503 3
506 4
514 5
521 3
523 4
537 3
541 3
542 3
543 3
545 4
551 4
554 4
561 3
577 4
579 4
588 4
591 3
593 3
615 4
625 3
627 3
629 5
630 4
640 4
642 4
643 3
650 3
653 2
655 3
664 3
682 3
684 4
707 4
711 4
712 5
715 3
716 5
721 4
738 3
741 4
747 3
748 4
749 4
757 3
758 4
763 3
764 3
773 3
774 1
786 4
796 5
798 2
804 4
815 5
823 5
830 5
838 4
840 3
846 4
847 4
848 5
860 4
864 4
868 3
870 2
877 4
878 4
880 4
881 5
883 3
886 3
889 2
892 4
896 4
899 3
901 5
904 3
908 3
914 2
916 3
919 3
933 3
934 5
943 4
