11 3
12 5
13 3
16 3
18 4
42 4
43 4
56 2
59 5
60 5
65 4
85 3
91 4
92 3
94 5
109 5
123 2
151 5
167 4
178 5
180 4
184 3
187 4
194 4
201 3
207 4
210 4
212 4
213 5
216 5
222 5
233 5
234 3
236 5
244 5
246 4
262 4
268 3
269 2
271 4
276 4
280 2
291 4
295 5
301 2
303 4
305 4
311 4
313 3
314 5
316 4
318 5
327 2
331 4
339 4
343 5
347 2
354 3
360 5
363 3
373 5
374 5
378 4
379 4
387 2
398 4
399 3
401 5
405 5
406 3
416 5
429 4
450 4
454 2
458 2
474 4
487 4
500 4
504 5
508 4
514 4
535 5
537 3
538 3
543 4
551 5
554 3
561 3
568 2
577 5
586 3
588 5
592 5
593 4
606 5
608 4
610 3
615 3
618 3
621 4
627 4
630 2
632 4
650 3
654 4
655 3
658 3
659 3
664 4
682 4
691 5
693 4
704 4
707 4
711 5
715 4
716 5
719 5
721 4
747 4
749 5
751 4
758 5
796 2
805 4
815 5
823 4
835 5
846 2
847 4
854 3
864 5
870 3
885 3
896 3
916 4
933 3
