11 3
15 2
20 4
21 3
24 4
25 4
26 3
27 3
32 3
38 5
42 4
43 5
45 4
52 4
54 5
59 3
62 2
66 5
68 1
69 3
75 1
81 2
84 3
92 3
94 3
95 4
99 5
101 4
109 5
113 3
117 4
119 5
120 4
121 5
128 3
130 5
138 4
141 4
144 4
145 4
158 4
159 2
162 4
164 5
168 5
174 4
178 3
181 4
184 3
186 3
188 5
189 3
190 3
193 4
200 4
203 3
207 4
222 5
223 3
230 5
249 3
250 3
251 5
252 4
253 4
256 5
264 2
265 5
267 3
270 2
271 3
274 4
276 4
277 4
280 4
286 5
287 3
288 3
289 4
290 2
291 3
293 2
294 4
297 3
298 3
299 4
301 4
303 4
304 3
308 4
313 3
314 4
320 4
324 5
328 4
332 5
334 2
336 3
337 5
344 3
345 4
346 4
347 5
348 4
357 4
361 1
363 2
365 3
374 5
378 4
381 4
387 2
388 5
390 4
393 4
394 5
396 4
399 4
416 4
417 2
422 2
429 4
432 4
435 4
436 5
442 3
445 1
447 3
449 3
450 4
453 3
454 3
457 4
458 4
459 4
467 2
468 3
470 4
472 5
484 3
486 2
487 5
488 4
493 3
495 5
499 4
500 3
504 4
505 4
506 5
518 5
521 3
524 3
525 3
526 3
533 4
534 5
540 4
543 3
545 4
548 5
551 5
552 4
554 3
566 3
577 4
582 3
586 3
588 4
592 4
593 4
595 2
597 4
608 4
620 5
622 3
624 4
630 5
634 4
635 3
637 4
642 5
647 4
648 5
650 3
653 3
654 4
655 3
660 2
663 4
665 4
666 3
671 5
674 5
677 4
678 4
682 3
684 4
690 3
693 3
697 3
703 3
706 2
708 1
717 5
718 5
719 4
728 4
730 3
733 3
734 4
741 4
749 4
751 3
754 3
756 3
757 4
758 4
759 5
761 2
763 4
764 3
768 3
770 4
788 3
789 3
790 4
792 3
793 3
795 2
796 3
800 4
804 4
805 3
821 4
823 4
825 4
831 3
833 3
839 3
847 3
850 5
851 5
854 2
862 5
864 4
872 4
880 4
881 4
889 3
891 4
895 4
896 1
897 3
899 4
905 4
906 3
907 5
910 4
913 3
919 4
923 4
924 3
927 5
935 5
938 3
939 5
