11 4
15 4
17 3
57 5
62 3
71 4
84 4
94 4
104 1
120 4
121 3
131 4
135 4
136 5
139 5
141 5
158 4
168 5
178 3
181 2
194 3
203 2
224 1
232 3
244 3
271 4
274 5
279 2
303 3
306 4
313 3
323 5
328 4
334 3
343 4
345 4
349 2
354 4
357 5
360 4
378 3
380 3
387 3
399 3
423 4
429 4
430 3
445 2
455 3
457 3
458 4
460 3
463 3
474 3
503 2
518 4
533 2
537 3
542 2
558 4
561 3
590 4
592 3
593 3
594 3
595 3
634 5
637 4
655 2
657 4
666 3
707 3
711 4
718 3
733 4
735 3
743 5
754 3
768 3
788 4
819 5
834 4
854 2
865 4
877 5
894 3
896 3
900 2
906 4
907 5
909 3
931 4
