11 4
13 3
41 3
42 3
56 4
59 5
64 5
70 3
94 4
102 2
125 3
130 5
178 3
198 4
207 4
222 5
234 2
244 3
246 4
249 5
253 3
264 3
268 3
272 3
275 4
276 4
279 5
280 4
286 4
293 3
297 3
299 4
301 3
303 4
307 4
308 4
315 3
327 3
332 5
334 3
336 3
342 4
346 3
352 4
363 4
371 4
373 4
379 3
387 1
394 2
399 5
405 1
406 3
407 4
416 5
417 5
429 3
435 4
436 5
437 4
442 3
454 2
472 5
476 3
484 4
487 4
488 4
493 4
496 3
497 5
506 5
514 5
521 4
532 5
536 5
537 3
542 4
545 4
551 5
561 3
606 5
618 2
621 4
632 3
642 3
645 4
648 4
653 5
654 3
655 3
660 4
682 3
690 2
712 4
715 5
727 4
749 5
751 4
757 3
758 4
795 3
796 3
798 4
804 4
825 5
846 3
868 2
870 3
880 4
882 4
886 3
889 4
896 3
899 4
903 2
916 3
922 4
933 4
940 3
