11 5
13 5
14 3
26 4
40 3
88 2
90 4
91 5
94 4
100 4
104 5
112 4
116 4
127 1
131 5
133 4
141 1
144 4
145 4
147 5
176 4
179 1
191 4
193 4
197 5
201 3
206 3
222 5
228 3
229 2
232 3
236 5
241 5
247 4
259 4
271 4
276 4
280 5
284 3
296 5
297 5
311 5
318 4
319 3
328 4
351 5
353 4
380 4
395 5
404 3
416 5
418 2
420 4
423 5
425 2
428 5
440 5
448 5
450 3
453 4
458 5
489 5
499 5
507 5
514 4
515 2
526 4
532 5
537 3
544 3
548 4
557 4
564 3
574 3
582 5
587 3
592 5
598 5
609 4
610 4
611 5
616 5
619 3
624 4
639 2
640 5
646 3
655 2
656 2
673 5
675 4
676 4
681 5
701 5
713 3
718 3
724 2
752 2
753 2
758 2
775 5
782 4
783 4
784 5
787 5
808 5
813 4
827 3
831 4
836 3
838 4
840 4
845 3
856 5
863 4
871 3
873 3
883 3
894 4
913 4
915 4
919 3
931 5
942 4
