13 3
42 4
43 3
44 3
56 3
59 4
60 4
70 3
83 5
92 3
109 5
119 1
151 3
193 4
200 5
210 3
222 4
254 3
262 3
276 3
280 2
290 4
291 2
301 4
303 2
308 3
311 4
328 3
378 3
393 3
399 2
405 2
407 3
416 4
429 3
435 2
437 3
455 3
457 4
472 4
484 4
500 3
504 4
505 3
506 4
517 3
521 3
533 3
536 4
541 5
551 4
566 2
588 3
610 5
618 2
620 5
621 3
622 4
642 3
650 3
653 2
660 2
705 5
711 3
712 4
715 2
721 4
727 2
738 3
749 4
751 4
756 3
778 2
788 3
790 3
795 3
796 4
798 3
804 3
805 3
846 3
848 5
864 4
868 4
878 2
880 3
881 4
887 5
889 3
892 4
916 2
919 3
921 4
927 5
932 2
934 4
