13 5
14 3
18 3
45 4
52 3
59 4
63 3
70 3
89 3
90 3
99 2
109 3
115 4
119 4
144 3
145 3
160 3
174 5
178 3
180 4
181 2
194 3
196 3
218 4
221 4
222 3
244 3
259 2
262 2
264 3
268 2
269 1
274 5
277 3
279 3
286 2
303 4
314 4
323 4
334 3
336 5
342 2
344 3
345 5
361 2
365 4
374 5
376 4
378 3
401 2
416 3
417 3
429 4
435 4
436 4
445 1
447 3
450 3
458 3
467 3
478 4
486 4
493 4
500 4
506 3
525 4
537 3
540 4
548 4
551 5
555 4
561 3
569 3
588 4
592 5
593 4
595 4
618 3
624 4
634 3
655 2
659 3
661 2
663 4
665 4
682 3
692 4
699 3
708 5
709 3
711 3
712 4
733 4
768 1
771 2
789 3
790 5
792 4
796 3
823 4
834 4
837 2
854 2
859 5
868 4
880 4
886 5
888 5
889 3
904 2
907 5
916 3
921 2
923 4
938 4
