13 1
20 1
24 5
45 2
57 5
62 1
66 4
68 1
69 3
79 5
92 3
94 3
99 5
101 3
109 2
115 2
117 5
125 3
128 4
130 5
145 4
152 5
160 4
168 2
174 1
178 4
181 1
182 3
193 3
198 3
207 3
210 2
216 4
221 4
222 3
223 3
244 4
255 5
269 1
271 3
276 3
279 3
286 2
291 4
301 4
303 4
304 4
314 5
318 3
320 4
323 4
324 5
330 5
332 5
336 3
342 3
347 5
374 3
389 1
393 5
394 3
399 2
416 5
429 4
432 5
434 5
435 5
436 4
445 2
449 2
453 4
456 4
472 4
478 5
493 4
497 3
500 3
513 3
518 1
521 4
532 5
534 4
541 3
542 4
551 5
566 4
576 3
577 3
582 2
586 4
592 5
593 3
595 3
597 4
599 5
601 5
606 5
618 2
621 4
622 4
624 3
632 3
634 3
648 2
653 1
663 5
665 4
674 5
682 4
684 2
689 4
690 4
692 3
697 4
708 4
711 1
714 4
726 2
749 1
768 2
790 3
804 4
821 3
837 1
847 1
859 4
865 1
870 4
872 3
879 5
880 3
881 3
887 5
889 4
892 2
896 2
897 3
903 5
907 5
916 3
917 3
921 3
923 4
927 4
930 3
933 3
938 4
941 3
943 4
