13 5
14 5
18 5
22 4
43 1
59 4
72 3
85 4
94 4
102 3
121 3
122 3
151 4
178 5
184 4
187 5
188 2
189 5
194 4
201 4
207 2
210 3
234 4
235 4
264 5
269 4
271 4
279 3
286 3
299 4
303 5
305 4
308 3
315 5
318 2
327 4
334 4
338 4
342 3
343 5
354 4
363 4
378 4
389 4
393 1
405 5
416 4
417 4
435 4
450 4
452 5
457 4
458 4
474 4
476 4
497 3
506 2
514 4
523 4
524 4
533 3
535 4
537 3
543 4
591 4
615 4
627 4
639 2
655 3
659 4
664 4
666 4
707 4
716 4
747 5
773 4
790 2
823 3
846 4
870 3
883 4
888 5
916 3
918 3
934 3
940 2
