13 4
15 4
26 2
52 3
57 3
75 4
83 4
94 2
125 3
130 2
141 3
160 1
178 2
181 2
182 4
188 2
194 2
207 3
210 3
223 3
236 2
256 4
271 3
279 5
297 3
298 3
301 4
306 3
318 2
330 4
336 1
344 3
357 5
393 3
402 3
403 4
416 3
432 2
438 3
456 4
459 4
463 3
486 3
497 3
518 3
532 4
542 3
551 5
552 3
554 4
560 3
590 1
595 4
601 1
612 4
624 3
630 4
634 3
642 3
648 3
663 3
666 3
671 3
672 3
703 2
707 4
708 3
758 4
761 4
764 4
790 4
800 4
825 3
839 3
844 3
872 3
880 3
881 3
897 4
900 2
901 5
919 2
935 5
936 4
937 3
938 4
