13 2
15 3
29 3
33 3
35 4
40 2
43 4
64 3
69 1
84 4
86 2
90 3
100 4
102 3
112 4
116 2
119 5
134 4
145 5
163 2
169 5
173 5
181 2
193 3
197 4
203 4
219 4
224 3
240 3
255 3
263 2
276 3
282 2
294 4
302 2
304 3
309 4
317 3
319 5
324 4
328 3
329 2
332 4
334 3
337 3
345 2
346 5
347 3
351 5
360 3
362 5
384 4
393 3
404 3
407 3
409 1
416 3
421 4
423 3
425 2
428 4
431 3
445 2
446 3
447 3
451 4
454 4
459 4
464 4
479 4
484 4
486 3
489 5
493 4
499 3
502 3
507 5
509 1
519 5
526 3
532 3
533 3
566 2
570 2
587 1
589 4
605 3
616 4
619 4
621 4
624 3
626 1
635 3
652 3
669 2
676 3
683 3
687 3
688 5
689 2
697 4
702 1
718 2
721 4
724 1
725 4
727 4
729 3
743 4
749 4
750 4
755 4
763 3
772 4
779 3
782 3
787 4
788 4
796 4
802 5
806 3
810 5
851 4
853 4
856 3
863 2
873 2
880 3
889 3
894 4
902 4
905 3
917 2
919 3
940 3
942 4
