14 4
17 4
23 5
24 3
49 5
52 5
59 4
64 4
76 3
82 3
97 5
118 5
151 5
154 4
176 2
177 4
181 1
201 3
232 3
246 4
249 5
269 4
276 4
279 3
292 5
297 1
299 3
303 4
312 3
327 5
343 5
345 2
363 5
367 5
369 5
385 4
387 5
399 2
406 2
422 5
433 5
435 5
445 1
456 4
467 2
470 3
486 3
490 4
498 4
500 3
518 5
526 3
533 2
534 5
535 4
537 4
543 2
567 4
581 5
582 5
585 2
592 5
606 2
624 4
634 2
640 5
655 2
658 2
663 3
738 4
756 5
758 5
770 5
773 5
795 4
815 5
823 4
825 1
833 2
838 5
844 3
854 4
855 3
862 4
865 5
868 4
883 4
886 4
889 5
894 4
913 4
916 5
919 2
922 5
936 5
941 5
