15 3
42 3
53 3
62 1
63 3
85 1
101 4
109 3
119 4
120 4
128 3
145 2
168 2
181 3
200 5
201 3
213 4
223 1
224 3
231 5
244 4
266 2
271 3
274 3
286 4
291 4
293 2
314 5
329 3
348 4
374 5
378 3
391 2
393 4
395 4
399 5
406 4
416 5
423 4
435 3
452 5
455 3
472 2
474 4
484 5
486 3
494 4
495 3
518 3
537 3
541 5
548 3
550 4
551 5
564 3
569 3
572 1
606 5
612 5
618 4
620 3
624 4
634 4
648 1
663 3
665 4
666 2
678 2
682 5
684 2
714 3
733 4
761 4
770 5
773 1
798 3
817 3
825 2
851 4
854 4
881 3
891 5
907 5
921 3
935 4
