15 1
22 1
26 2
42 3
43 2
45 3
49 1
57 3
59 1
68 1
75 3
81 3
87 4
92 3
99 3
101 3
104 1
125 3
141 4
145 3
160 2
164 2
178 4
181 1
210 2
223 4
230 3
238 3
244 2
267 2
268 2
279 4
287 4
289 3
290 3
294 3
303 2
336 1
344 2
347 1
348 3
357 4
378 1
389 3
393 4
399 2
416 2
422 2
435 3
447 3
450 4
459 4
463 1
468 2
484 4
486 2
490 2
497 2
532 3
534 4
551 2
552 2
586 4
595 1
606 3
612 2
621 3
637 2
640 3
642 5
648 3
650 3
654 4
660 2
665 3
703 4
708 3
715 4
718 2
727 3
738 3
774 1
779 4
790 2
792 3
795 2
798 4
804 4
822 2
825 4
837 1
847 1
852 3
865 1
872 4
880 3
887 5
897 4
923 4
936 4
938 3
