15 1
21 3
49 2
59 4
81 4
92 3
94 3
101 2
109 3
117 3
130 4
145 3
181 3
188 3
193 2
216 3
234 2
248 3
259 4
268 1
269 1
270 4
276 3
280 5
291 2
294 3
303 3
308 4
332 5
342 3
344 2
347 3
348 5
357 4
374 1
378 2
394 4
399 2
403 3
416 3
417 3
429 2
434 5
435 3
436 4
442 3
450 3
472 4
497 3
501 3
504 4
524 4
525 3
537 1
546 4
548 3
560 3
561 2
586 3
588 4
595 3
599 4
601 1
606 4
620 5
624 3
642 5
643 4
648 4
650 2
663 3
697 3
722 3
727 3
760 1
790 3
793 3
795 1
796 2
804 4
805 3
817 3
825 3
833 2
835 3
847 3
849 5
854 3
859 3
862 4
865 1
872 2
880 2
887 5
893 3
896 3
897 5
903 2
907 5
923 4
927 4
936 3
938 5
943 5
