21 1
22 1
48 2
57 4
75 2
91 2
98 1
140 3
141 3
145 1
155 2
159 3
168 2
170 3
174 1
181 2
186 4
199 1
250 4
256 4
261 3
286 3
302 2
316 1
345 2
348 3
364 2
369 3
397 1
428 1
431 2
440 1
442 1
451 1
454 2
463 2
482 4
489 3
500 3
505 3
514 2
533 2
537 1
552 3
556 1
568 1
582 1
587 2
592 1
594 2
597 1
599 4
602 4
603 4
615 1
626 1
630 2
634 1
644 4
677 4
687 3
698 1
721 3
723 1
724 1
761 1
770 3
796 3
797 1
798 3
803 1
804 4
811 4
813 3
825 3
835 3
857 2
870 2
882 5
895 3
901 4
907 3
919 3
936 3
937 2
938 3
