26 3
52 4
57 3
63 1
92 3
94 4
104 3
109 3
145 5
158 4
162 4
178 3
181 1
194 3
201 3
221 4
222 4
227 4
234 3
242 3
249 5
269 4
276 3
277 3
279 3
293 3
294 2
303 2
320 3
329 3
332 3
334 4
336 2
342 3
345 3
346 1
347 3
365 3
374 4
387 3
401 3
416 4
417 3
423 3
429 4
445 1
449 4
458 3
460 4
467 2
472 4
474 4
486 4
487 3
501 4
518 4
525 3
532 5
537 3
540 4
548 2
551 5
592 4
606 3
634 4
637 1
642 3
655 3
663 3
666 4
677 3
682 4
699 4
715 4
717 4
733 4
751 4
769 3
792 3
825 3
854 2
862 5
865 1
872 1
889 3
896 2
905 3
906 4
916 4
923 4
924 3
936 4
943 2
