38 5
42 4
49 2
56 4
57 3
59 1
62 1
63 3
68 4
75 4
77 1
81 1
82 2
83 4
84 3
87 4
92 2
94 2
101 3
104 2
106 3
109 4
130 4
137 5
141 4
144 3
145 5
152 5
159 5
168 2
174 4
178 3
181 2
194 2
200 2
207 3
210 3
227 2
244 3
245 5
246 3
251 3
254 2
256 4
267 3
269 2
271 2
276 3
279 4
280 5
290 3
291 3
294 3
295 5
301 5
306 2
307 4
308 2
314 3
321 2
330 4
332 4
347 2
348 4
349 2
357 5
374 1
378 2
393 3
395 2
396 3
407 3
417 3
429 3
435 2
436 4
438 2
447 3
450 4
455 2
457 3
463 2
474 1
479 1
518 3
520 1
533 2
534 5
545 4
551 4
554 3
566 2
577 4
580 3
591 3
593 3
595 3
601 2
621 4
624 3
632 2
634 3
637 3
642 4
643 3
648 2
653 2
665 4
672 4
682 3
684 4
690 4
692 3
694 3
699 2
708 2
714 4
718 4
726 2
727 2
747 1
749 4
764 4
769 3
774 2
779 4
790 3
804 3
825 3
851 3
854 2
865 1
868 3
872 3
881 3
887 5
891 3
896 2
897 4
900 2
907 5
921 4
923 4
933 2
938 5
939 5
942 4
943 2
