869 0.659608
627 0.127526
1095 0.343303
340 0.301996
1394 0.371820
967 0.235100
59 0.334120
180 2.351144
861 0.868741
314 0.166823
48 0.108653
659 0.184745
1328 0.072397
268 0.236592
282 0.555506
664 0.075511
341 0.204662
677 0.190582
17 0.130868
427 0.211305
25 0.212349
387 0.135841
32 0.518860
926 1.091720
501 0.284352
978 1.243022
1115 1.318485
160 0.800319
454 0.696222
301 0.060090
1349 0.533529
589 0.631955
1326 0.223561
476 0.674409
343 0.612909
615 0.351896
1165 0.510123
572 0.202642
648 0.447938
513 0.110480
94 0.052219
334 0.428317
681 0.273878
