248 0.605809
785 0.280907
864 0.106454
673 0.575560
884 0.253284
622 0.525933
823 0.529650
198 5.414282
988 1.008438
1362 0.224180
646 0.108584
1300 0.387437
235 1.453910
431 0.216320
285 0.778238
733 0.739487
767 0.886263
1030 0.915833
341 0.100363
1081 0.713954
500 0.899181
299 0.590334
373 0.020641
1226 0.048910
1167 0.025357
1069 0.012998
60 0.016646
836 0.004318
301 0.024987
949 0.645910
926 1.200946
694 0.966441
126 0.898952
10 1.139685
1018 0.095229
468 0.759893
259 0.083211
1213 0.400574
150 0.314943
698 1.242640
457 0.958658
1294 1.305619
686 0.840021
214 0.231941
86 0.519414
462 0.041364
159 0.337757
5 0.407713
540 0.570500
720 0.408121
1323 0.953491
721 0.847886
1124 0.118920
240 0.887724
250 1.238258
1244 0.965705
844 0.710065
