1130 0.980324
1251 0.766674
429 1.042702
721 10.722077
297 0.655910
183 0.629973
74 0.250013
150 0.521394
675 0.009958
676 0.017475
594 0.011667
296 0.009787
522 0.004942
1389 0.010230
312 0.009338
763 0.019159
1281 0.065029
241 0.283364
615 0.182095
483 0.112458
79 0.052855
650 0.116761
1181 0.639674
72 0.306201
652 0.710359
87 0.087805
1260 0.511293
664 0.380704
1019 0.747358
280 0.326088
606 1.351881
1195 1.468700
1289 0.342724
839 0.534504
1249 1.402475
987 0.003724
994 0.163963
442 0.158103
307 0.042299
1398 0.065029
921 0.008442
768 0.226881
1323 1.603767
1124 0.200024
198 0.847886
240 1.493148
250 2.082744
1244 1.624312
844 1.194325
350 3.492281
693 3.341259
730 1.394473
1303 2.506834
783 3.744149
383 0.826465
964 1.883821
970 0.763581
1132 0.000573
1159 0.686283
277 0.176714
535 0.264919
596 0.220338
1176 0.388472
219 1.959593
1040 1.502097
26 4.910063
109 6.131473
569 4.807257
536 3.044750
1333 3.120437
