509 0.367245
171 0.209486
881 0.168808
896 0.219797
830 0.148460
1151 0.445191
952 0.011637
2 15.334475
160 0.123651
181 0.148569
846 0.059676
514 0.012270
323 0.076978
991 0.036895
502 0.088197
1362 0.237946
69 0.342248
475 0.843740
1389 0.369218
943 1.300998
623 1.718332
564 0.896298
46 0.538881
1321 0.829491
397 0.160967
335 0.798357
322 0.189232
1227 0.818342
574 0.424655
592 0.498010
328 0.166638
1218 0.461786
169 0.625354
327 0.176851
708 0.083995
583 0.315241
223 0.902049
666 0.069354
793 1.288796
933 0.095212
755 0.640414
565 1.307441
815 0.690819
126 5.371489
282 5.231737
749 4.786351
1260 0.599583
833 3.263654
620 2.844766
1194 3.162321
1395 1.860874
979 3.397493
1315 2.343746
1154 1.828569
936 6.817171
318 0.106248
1220 3.666229
