218 0.215867
1392 0.242767
975 0.379750
613 0.175597
736 0.187408
224 0.469423
618 0.382323
6 1.705823
326 0.347429
348 0.369577
30 0.309639
882 0.169096
260 0.064036
759 0.262337
341 0.241935
836 0.726494
824 0.663036
1001 0.156688
550 0.312409
971 0.270479
1268 0.512470
698 0.414305
686 0.188084
220 0.444770
1294 0.080283
546 0.952207
929 0.477862
837 0.705946
935 0.601647
387 0.774393
1363 1.541709
344 1.435897
321 0.339952
213 0.263237
295 1.010336
948 0.896780
704 0.429491
630 0.638556
923 0.797581
865 0.357615
132 0.382161
956 0.760274
1214 0.454681
