695 0.390607
868 0.070296
659 0.126303
679 0.129469
317 0.089002
388 0.274810
123 2.597687
117 0.206538
1019 0.591847
485 0.194244
258 0.578971
1091 0.270403
572 0.122225
1185 0.459544
60 0.198236
284 0.238972
260 0.781925
1099 0.366739
10 0.367258
725 0.115144
1001 0.849448
151 0.519719
407 0.132664
958 0.082871
1387 0.150539
420 0.029513
1272 0.100104
1050 0.106209
323 0.077321
599 0.140646
732 0.259558
1097 0.096723
582 0.214302
447 0.028180
211 0.039840
324 0.142270
261 0.656074
7 0.794207
236 0.831323
1208 0.253102
1206 0.780219
280 0.160918
826 0.784796
741 1.349105
578 1.038628
1298 0.955275
612 0.576217
535 0.526092
600 0.286686
869 0.796166
618 0.041615
904 0.093516
788 0.056830
1171 0.017059
521 0.127016
56 0.003954
1095 0.064214
