1385 0.047043
791 0.004027
427 0.302471
1386 0.077648
636 0.273959
423 0.330156
615 37.392189
67 0.187351
173 0.579375
387 0.179119
1240 0.455443
210 0.632396
1159 0.169721
971 0.230811
174 0.343182
1052 0.205930
980 0.110289
736 0.069148
547 0.022749
1129 0.148618
177 0.269978
741 0.450106
473 0.123858
765 0.246888
1171 0.193603
1154 0.336715
738 0.455686
208 0.229995
301 0.117192
1349 1.040531
589 1.232490
1326 0.436007
180 0.351896
476 1.315287
343 1.195345
763 0.186033
1281 0.631425
241 2.103696
483 1.091958
79 0.513219
721 0.182095
650 1.133739
640 1.520067
1380 1.450660
489 0.094863
950 1.357755
1280 0.782981
874 1.346050
936 0.839330
12 2.678754
320 0.382328
60 0.681508
910 0.532932
1247 0.287014
456 0.197071
953 0.366392
1287 0.393858
1121 0.726698
157 2.922605
532 2.825939
1156 1.869918
1051 1.986979
1037 1.475217
217 1.699260
601 0.119001
1275 6.602739
1092 1.522573
784 3.005225
1084 4.744169
1114 2.455130
512 2.263424
197 2.801805
1338 1.413096
749 2.521415
130 1.219722
1191 3.037799
1077 2.095662
265 4.882375
1145 3.709062
41 3.261088
455 4.757616
926 0.099722
1212 2.651224
1202 2.699671
667 0.597594
748 1.441050
700 1.884150
204 1.393720
606 3.090007
1076 0.808297
787 1.059399
895 1.997190
1318 1.769423
966 1.212485
1308 1.160261
246 5.174903
56 2.533436
442 3.246427
430 6.031057
1210 1.950575
1137 2.462640
1342 3.708892
828 7.070064
824 0.392943
332 1.262705
1261 3.980222
753 1.196969
206 1.801118
1350 3.734991
171 3.164959
80 7.163024
482 4.301873
786 8.360618
655 7.992524
454 6.563295
1362 4.508826
