1373 0.157495
1256 0.307996
390 0.366407
1216 0.195516
1268 0.426015
101 0.398728
401 0.354453
14 8.564557
1398 0.358996
277 0.129722
1143 0.123477
1347 0.682051
53 0.000216
448 0.691332
56 0.427522
151 0.112286
852 0.119815
800 0.079298
520 0.202469
1148 0.203928
997 0.054114
110 0.112121
1101 1.329051
1179 0.503057
379 0.274492
634 0.195863
791 1.355909
475 1.063891
310 0.744675
270 2.202961
1292 1.862498
1242 1.661899
29 1.947642
380 1.672998
414 0.252439
772 1.256666
204 0.207207
313 0.044545
596 0.042086
1180 0.155178
1272 0.185769
182 0.235768
1230 0.154930
552 4.142445
738 1.363485
1358 0.011102
1275 2.540217
1182 5.686013
530 4.506183
1249 2.951677
