1340 0.294729
1021 0.356033
282 0.234492
1042 5.343002
949 0.508185
432 0.403667
552 0.480515
97 1.306775
547 0.097138
965 0.234683
311 0.347383
354 0.435184
269 0.254219
903 0.347656
219 0.279537
936 1.115171
10 0.183399
1270 0.551387
878 0.981585
763 0.772845
224 0.560151
1008 0.058733
1376 0.172561
597 0.030393
381 0.094268
378 0.118827
778 0.176737
310 0.043810
1200 0.061748
1212 0.102715
40 0.124132
592 0.237616
648 0.127069
1083 0.281564
680 0.287992
1307 0.232060
558 0.616766
1099 1.237664
849 0.923698
1094 0.052790
870 0.277095
628 0.651082
1071 0.049904
360 0.496646
1114 0.310861
987 0.410680
512 2.128458
1065 2.757121
507 1.756381
1165 1.296717
1049 2.372367
1024 2.263370
955 1.014124
344 2.258193
387 1.741763
754 2.244981
1291 0.943045
842 0.644602
640 0.118396
1210 1.904282
