1029 18.504736
23 0.090014
799 0.171261
152 0.062105
1132 0.011710
1197 0.007410
829 0.166458
39 0.088789
861 0.022958
1293 0.186896
558 0.490998
1285 0.240173
256 0.744824
902 0.028508
118 0.561118
132 0.352226
824 0.125920
1121 0.194289
1105 0.083303
998 0.339022
646 0.035679
119 0.192113
1113 0.555244
115 0.050663
1279 0.065770
1011 0.045340
243 0.084805
581 0.045948
269 0.045328
442 0.170709
163 0.722481
238 0.532140
1296 0.492972
613 0.369583
355 0.506974
27 0.175913
295 0.173202
186 0.461991
232 0.407336
1335 0.874907
153 0.648673
434 0.480126
591 0.003125
886 1.003584
1380 0.729597
707 0.055513
1166 0.062387
1150 0.039376
439 0.483552
18 0.594213
903 1.010822
687 0.254740
185 0.479350
70 0.293067
979 1.216423
486 0.627077
104 0.436984
668 0.315497
1323 0.858912
1395 0.880395
1247 0.796505
653 0.605364
1099 0.008141
1161 0.074745
301 1.344033
455 0.323954
383 1.306797
1350 2.563847
818 1.575299
1348 0.009249
993 0.013654
1054 0.022028
822 0.031969
912 0.020629
611 1.013846
1204 1.754809
388 2.547094
734 1.980986
1371 1.973034
532 2.637492
741 2.618370
887 0.296767
1336 3.936991
688 0.707349
266 2.872272
881 4.139146
361 1.537252
1177 2.418113
511 2.075244
315 6.287395
331 3.876776
1097 4.544408
280 2.433638
681 4.384232
1354 4.107491
