14 0.195863
1101 0.195081
1179 1.948093
379 0.040291
634 14.000495
791 0.199023
475 0.156160
310 0.109305
511 0.442742
686 1.098602
265 0.162569
1353 1.072704
238 0.820569
303 0.670875
339 0.768217
1168 1.013992
1071 0.959380
196 0.336459
1046 1.162891
152 0.426483
522 1.233505
19 0.562359
891 2.043503
1038 2.694234
1161 1.366660
954 1.194998
571 1.306780
854 0.588092
773 1.652911
86 0.727272
988 0.111016
1011 1.267950
74 0.451232
1293 1.909093
782 1.271557
1318 0.914803
507 0.458050
1268 0.945489
199 0.828063
440 1.093473
1265 0.271614
1235 0.869061
83 0.047897
32 0.071631
235 0.038603
1044 0.066620
345 0.040883
827 0.004215
1286 0.041636
418 1.801663
161 3.748663
727 0.957761
912 6.975334
1150 6.194378
153 0.529905
1349 3.907254
