802 0.007693
831 0.345228
1001 0.218223
623 0.335112
465 15.179540
931 0.104664
223 0.021516
1 0.216519
238 0.675401
306 1.024051
191 0.760542
1228 0.669643
281 0.413695
779 0.118424
328 0.380905
222 0.430937
966 0.719930
484 0.189222
267 0.877415
372 1.533120
468 0.730940
539 0.814480
126 0.195239
903 0.257211
923 0.218298
1196 0.179005
137 0.194739
79 0.179314
575 0.130485
245 1.719619
1344 0.456737
806 0.102229
439 1.270247
113 1.013667
1070 1.099425
734 1.112738
399 2.334322
349 2.530648
160 2.255421
109 2.749680
114 1.322315
824 2.385513
754 1.625466
204 2.269812
1124 0.491809
459 2.771339
1195 2.082470
988 1.312687
65 1.847011
837 1.615004
674 0.531285
225 0.884379
1358 0.558849
849 1.118904
405 0.310539
226 0.258877
940 0.691200
777 3.488376
1319 0.848959
660 3.519639
758 2.783577
976 2.773024
653 2.209405
943 1.957598
1332 2.553053
905 0.781565
733 2.757678
603 3.516089
1314 2.179298
250 2.685089
1011 1.808930
