1032 8.130971
11 0.639402
82 0.765299
91 0.511395
99 0.050250
1246 0.008605
490 0.294067
280 0.474462
339 0.483624
927 0.918577
1323 0.795734
18 1.522066
630 0.197987
1134 0.704968
705 0.835090
1321 0.016632
1113 0.040343
910 0.018238
563 0.016494
817 0.014822
555 0.032738
976 0.020819
340 0.399461
1175 2.169273
254 1.219537
1266 1.223228
246 1.289835
350 1.041300
1275 1.420679
21 4.936720
1078 2.790578
485 2.397730
119 4.534381
153 0.636459
1002 1.806867
101 0.096217
120 0.165316
1281 0.349543
952 0.376277
1245 0.384999
352 0.389932
1171 0.202670
