1295 8.298768
541 0.623662
720 0.545375
174 0.281512
1184 0.321503
204 0.682167
832 0.252690
70 0.359526
661 0.016537
1133 0.003674
594 0.011340
504 0.003759
158 0.005281
492 0.007837
248 0.010937
216 0.052421
1337 0.029735
1233 0.111366
1345 0.091998
1140 0.209699
623 0.255886
578 0.156787
654 0.929974
227 1.098137
1308 0.183158
1036 2.070193
407 1.453778
1068 0.843219
995 1.140143
480 2.031504
64 3.657721
997 1.631821
703 1.890721
340 2.099065
627 1.636774
945 2.194985
1303 1.733877
73 0.151134
1017 0.409552
805 0.494073
385 1.464410
898 3.058361
1305 2.914352
199 0.174185
105 2.485743
1101 0.013881
29 2.096857
160 0.152197
1137 1.627972
1397 1.324599
