1125 7.819472
1376 0.532866
1280 0.178997
301 0.091911
550 1.061477
689 0.742663
1091 0.406840
165 0.653588
1139 0.942464
899 0.975329
1167 0.186589
537 0.035312
1358 0.160896
1059 0.946744
185 0.518506
694 0.743411
1230 0.943097
957 0.630571
378 0.474919
987 0.617409
671 0.626097
205 0.490412
3 0.292978
49 0.117284
520 0.201160
887 0.074912
1117 0.433272
304 0.380951
243 0.285087
819 1.581999
41 2.430546
589 1.374737
941 2.915979
325 1.520529
769 1.454740
915 1.499677
367 1.374215
224 5.189394
139 2.267327
476 2.902845
258 1.273880
644 2.478300
659 1.848609
472 3.138428
20 0.819200
503 2.331253
1145 3.187368
35 1.223198
1314 1.629442
