650 3.360987
687 0.042770
7 0.074786
496 0.015669
894 0.157392
859 0.152517
787 0.009748
43 0.122391
409 0.027132
389 0.047621
311 0.031241
758 0.039766
1098 0.009667
784 0.002678
407 0.037512
763 0.119286
1281 0.404874
241 1.348905
615 1.133739
483 0.700171
79 0.329080
721 0.116761
1069 0.097578
1379 0.088228
1151 0.014005
689 0.022717
215 0.053011
106 0.094983
723 0.052196
257 2.158306
240 1.687201
799 1.384617
44 0.866102
294 0.012931
193 3.138995
998 1.799112
62 0.008567
323 0.006577
989 0.041120
579 0.012425
797 0.054455
633 0.063524
1055 0.042430
38 0.546703
412 0.452717
1280 0.365073
534 0.108793
1258 0.298849
1000 0.432162
1166 0.315341
