308 1.048996
304 0.481971
1212 0.552741
996 0.626341
521 15.839139
100 1.698985
746 1.009764
96 0.557986
129 0.099831
1004 0.630472
261 0.316592
183 0.366406
314 0.499698
338 0.280737
408 0.353916
678 1.156439
186 0.173190
601 0.535086
935 1.208881
32 0.333943
576 0.214004
445 1.004221
965 1.490545
961 0.968579
1243 0.531962
84 0.409910
1393 0.418378
579 0.704656
867 0.161490
18 1.378572
802 1.872350
683 1.460335
976 1.668160
1299 0.608246
831 1.171289
618 1.937348
123 0.127016
904 4.353576
788 2.645700
1171 0.794192
56 0.184075
1095 2.989469
396 6.432561
347 4.406304
717 2.547757
1021 0.459489
441 5.453228
1360 3.304100
