251 16.013050
228 0.477855
953 0.393891
962 0.118931
819 0.146505
410 0.343823
716 0.434401
63 0.325318
919 0.186672
62 0.605167
916 0.242439
718 0.520230
733 0.707024
601 0.206287
73 0.608571
1280 1.552590
639 0.941845
982 0.804589
1321 1.565798
1388 0.620907
801 1.422694
370 0.814122
1217 0.019909
1093 0.048231
874 0.059939
1184 0.103061
1292 0.039754
977 0.051574
418 0.065849
545 0.416074
186 1.173316
178 0.677097
674 0.686427
1046 1.112931
257 1.326844
597 0.723312
592 0.110147
1200 0.053340
1162 0.030036
346 0.061380
112 0.006873
841 0.131010
770 0.088290
554 3.805564
1115 3.741470
1289 2.856734
276 0.579363
323 1.703010
917 3.995132
1080 2.489878
530 1.046706
1172 0.581377
182 2.149317
491 2.169401
371 1.972566
1345 2.145601
1120 1.222478
310 0.029558
593 0.540762
466 0.401634
704 0.330971
1179 0.156311
453 0.479596
1218 0.301314
957 4.843923
507 1.276238
1138 0.419107
492 3.834425
894 0.698440
262 2.723291
1267 3.955991
