177 0.386568
924 13.221358
852 0.511435
359 0.494513
1378 0.662754
720 0.631688
22 0.654906
31 0.357273
1099 0.246589
656 0.437013
805 0.307834
30 0.106183
542 0.559078
1132 0.307391
37 0.355410
365 0.037182
51 0.013523
403 0.576884
426 0.080583
794 0.176144
240 0.342646
731 0.041450
1311 0.702802
1302 0.172372
208 1.271943
485 0.378470
1119 0.254374
290 0.789940
711 1.376903
461 0.456546
53 0.150825
220 0.015197
929 1.442337
93 0.945495
462 1.007403
589 0.388706
573 0.172253
1322 0.269218
817 0.406632
308 0.363284
988 0.075655
604 0.230204
774 0.830004
853 0.810384
992 0.178859
1090 0.608530
1187 0.196988
468 4.456616
626 0.472816
691 1.600529
218 2.108257
896 1.049621
894 2.085163
1045 0.167371
475 1.711094
565 1.711884
1203 0.283729
1215 0.129884
449 2.262577
1373 0.905000
127 0.712812
670 1.263001
1091 1.206247
168 3.978150
712 2.176514
1367 0.183935
849 0.513577
394 4.727420
1097 2.999326
1343 0.491395
186 0.440768
504 0.280323
1364 0.105291
1263 0.517013
1200 0.291860
