729 0.969340
647 0.442175
582 0.489340
330 6.929186
891 0.077658
1151 0.622593
292 0.598435
153 0.505230
1204 0.514848
13 0.550987
546 0.962922
480 0.217486
1025 0.213280
893 0.779069
200 0.447910
928 0.025342
652 0.248317
622 0.206733
253 0.700677
27 0.612082
914 0.580014
685 0.321045
276 0.543196
1173 2.022275
38 1.669949
1184 2.822324
1095 0.250032
617 0.296225
1017 1.637865
620 0.749242
1340 0.984525
76 0.847044
944 0.002602
646 0.297264
771 0.727141
1063 0.660330
968 1.638768
1150 3.962988
529 3.652654
854 1.837257
1383 2.816425
1085 2.041756
