944 4.745790
44 0.543671
243 0.353909
411 0.481745
1214 0.530974
1006 0.067712
1255 0.499162
32 0.289869
685 0.802578
1367 0.888069
1089 1.275031
643 0.641721
189 0.008997
121 1.209836
281 0.664543
90 0.038347
55 0.062970
1398 0.010383
1057 0.000778
1349 0.022879
754 0.052325
478 0.122187
120 0.033459
600 0.089715
527 0.027127
429 0.118074
798 0.034784
302 0.164305
481 0.082677
127 1.405546
1325 0.609696
825 1.693662
292 2.548896
371 0.468088
1344 1.179678
744 1.301012
244 0.306271
1176 0.564379
978 0.007054
219 0.452153
442 0.138311
104 0.266178
790 0.299950
890 0.248674
1123 0.973938
862 0.421852
240 1.052691
158 2.343806
1314 0.116251
1148 1.720757
620 0.006412
1340 0.008425
76 0.007249
330 0.002602
646 0.002544
771 0.006223
1063 0.005651
