1081 0.300193
883 9.197198
222 0.118016
1242 0.296052
698 0.019230
34 0.071494
536 0.295440
131 0.996550
1233 0.712626
255 0.768149
90 0.128451
507 1.067066
741 0.813615
843 1.211527
228 0.632508
586 0.332516
153 0.475609
48 0.210462
660 0.723622
1062 0.602290
1313 0.269157
555 0.378878
1324 0.725438
74 0.002340
850 1.403508
462 0.981025
106 1.292386
798 1.260424
683 1.603850
1085 1.019675
809 0.877731
1325 0.983158
596 1.966478
782 1.872109
1128 1.820467
1105 4.487195
976 2.023137
427 2.187928
1145 4.623965
1286 4.048305
1051 2.647178
1090 2.723224
407 0.241271
889 0.256155
1288 0.495580
1025 0.501437
1168 0.127468
696 0.419430
1103 0.259237
