839 0.056662
264 0.043028
1108 0.574158
784 0.318212
893 0.092602
507 10.836844
442 0.385577
69 0.341891
1167 0.372313
503 0.225679
878 0.391405
318 0.294570
397 0.575079
460 0.156215
120 0.318449
699 0.486140
462 0.427534
847 1.954041
990 0.061097
629 0.485269
1137 0.477791
154 0.251696
1233 0.690246
883 1.067066
255 0.744025
90 0.124417
741 0.788063
843 1.173479
228 0.612644
1051 0.114979
1244 0.231756
1074 0.025221
1376 0.062836
1158 0.002931
104 0.066505
263 0.146499
1292 0.993514
417 0.399858
1355 0.114772
1063 0.349084
648 0.896562
988 0.061667
705 0.816185
485 2.051298
644 1.468945
524 0.080593
409 1.032612
394 2.260946
1033 1.846766
635 1.287276
195 1.716457
1362 2.144093
586 1.217334
273 0.359405
62 2.616768
386 0.402835
512 2.698811
1065 3.495934
1165 1.644192
1049 3.008079
1024 2.869874
955 1.285874
1042 1.756381
1318 1.055621
1268 1.091031
634 0.458050
199 0.955529
440 1.261795
1265 0.313424
1235 1.002838
770 0.270680
163 0.435306
1050 0.157096
759 0.057582
341 0.334789
454 0.340853
1254 0.379586
957 0.792217
251 1.276238
1138 0.068544
492 0.627115
894 0.114229
262 0.445390
1267 0.646997
