919 0.119997
62 0.389015
916 10.172053
718 0.334416
733 0.454491
601 0.132606
73 0.391203
251 0.242439
240 0.290087
1037 0.340540
837 0.292563
309 0.255465
956 0.229905
998 0.162709
304 0.174162
47 0.360598
1247 0.014557
1199 1.145081
871 0.369459
15 0.468337
1118 1.069529
385 0.874210
537 1.847918
574 1.540155
501 5.794233
23 0.924264
1109 0.264151
527 2.223327
1193 0.196295
266 0.082086
414 0.306370
124 0.513374
1195 0.187011
1356 0.702772
1115 0.632315
1100 0.355653
833 3.662222
1314 3.543203
1047 6.604039
1263 3.002469
7 1.136440
1204 3.584976
