1295 0.281512
541 0.380373
720 0.332626
174 4.079253
1184 0.196086
204 0.416056
832 0.154116
70 0.219276
173 0.560979
615 0.343182
387 0.173432
1240 0.440981
210 0.612316
1159 0.128361
971 0.223482
300 0.047510
440 0.001957
618 0.253241
136 0.514640
1139 0.387371
426 0.276747
322 0.265460
894 1.122264
526 1.003953
346 0.811151
525 0.890095
238 0.044099
234 0.603473
691 0.840210
756 0.414893
580 0.239421
1322 0.547962
1080 0.243199
200 0.236370
680 0.410482
882 0.326157
124 1.887620
791 0.765733
1107 1.696115
476 1.650341
686 1.021692
837 0.805368
904 1.626749
588 0.109940
762 0.101553
195 0.084270
1376 0.039915
425 0.024251
561 0.015476
1273 0.091639
