699 8.359707
507 0.486140
462 1.054886
847 0.645153
990 0.150749
629 1.197339
1137 1.178888
154 0.621028
662 0.875108
517 0.641400
290 0.668836
1399 0.237378
188 0.720230
379 0.851376
359 0.438558
70 0.770023
383 0.185893
869 0.525374
509 0.358527
571 1.431968
393 1.351828
422 0.810342
1007 0.017160
878 0.015559
448 0.041914
1285 0.032501
1301 0.023352
604 0.011145
1171 0.467079
1288 0.300768
923 0.579813
1034 0.130018
1121 0.762287
643 0.297664
689 0.455534
1291 0.610367
434 1.148987
594 0.535270
844 0.130011
967 0.771051
1173 1.485796
563 0.995570
502 0.051883
880 0.282429
367 0.264931
1040 0.253889
731 0.008924
790 0.290840
829 0.845601
137 1.382939
418 3.521492
684 2.240577
1210 0.663903
327 2.197037
1016 0.123566
930 2.036833
913 0.029305
1017 0.222430
258 0.047542
88 0.490429
494 0.351547
938 0.183501
941 0.359179
698 1.181877
286 0.559151
894 0.907854
771 0.459804
616 1.010413
1086 0.680061
862 1.222033
296 0.710438
1119 0.234022
1271 0.419342
1267 0.784742
325 0.207931
1093 0.692441
