194 0.600459
350 0.466356
178 0.334212
307 19.831840
490 0.288006
1012 0.509539
1107 0.794537
135 0.552346
515 0.129031
725 0.252779
342 0.056873
145 0.084621
1296 0.178564
866 0.019641
898 0.659801
937 0.075771
770 0.004578
849 0.049750
968 0.109197
1351 0.097318
240 0.056481
357 0.070955
721 0.042299
987 0.002701
994 0.118925
442 0.114675
1398 0.047166
921 0.006123
768 0.164560
710 0.737419
1253 0.470723
771 0.387396
794 1.267258
1371 0.321151
195 0.898428
797 0.684939
1059 0.209409
839 0.348545
953 0.341886
485 0.209725
704 0.107514
586 0.247750
808 0.202574
1252 3.351553
545 2.458311
628 2.579447
929 1.634773
122 4.565452
588 1.377175
1145 2.850341
1366 0.638125
366 4.761470
1384 7.327489
1 6.334194
1335 6.747472
1202 7.622565
1321 3.850978
742 1.847705
505 7.371796
1319 5.462904
1224 3.498524
98 0.469609
119 5.663796
1385 3.863470
