650 0.157392
687 0.120384
7 0.210497
496 0.044103
894 11.652093
859 0.429280
787 0.027438
43 0.344487
977 0.445044
517 0.734887
858 0.089052
624 0.183026
76 0.235179
268 0.732481
195 0.435454
301 0.121635
1195 0.099070
317 0.502352
1094 0.809593
369 0.587678
1062 0.259527
362 0.457965
1222 0.538662
1159 0.591242
1163 0.287007
1236 0.088551
419 0.401670
975 0.156369
399 0.377521
526 1.241164
346 1.002808
525 1.100404
238 0.054519
234 0.746060
174 1.122264
691 3.964083
561 0.428654
1200 1.736153
857 0.204978
201 1.851114
1182 0.745053
962 1.356897
1233 0.017065
218 3.853344
896 1.918433
1045 0.305910
475 3.127434
565 3.128877
924 2.085163
1354 0.152518
551 0.292229
348 0.125690
675 0.261683
1355 0.812421
477 0.790981
1081 0.460025
698 3.454879
829 2.039135
286 1.634518
771 1.344107
699 0.907854
616 2.953652
1086 1.987963
957 0.433552
251 0.698440
507 0.114229
1138 0.037512
492 0.343198
262 0.243746
1267 0.354078
983 1.053070
727 0.171515
774 1.579462
612 2.453751
364 0.422403
595 1.465045
1322 1.286704
