705 9.231607
236 0.984883
1203 0.072479
833 0.628878
196 0.982628
446 0.063951
785 0.012707
332 0.677389
1292 1.411218
417 0.567970
1355 2.354696
1063 0.495850
648 1.273505
988 0.087594
507 0.816185
907 0.117267
362 0.096644
1105 0.574380
1382 0.062058
906 0.387836
545 0.139019
556 0.479067
339 1.015645
927 0.875346
1323 0.758284
18 1.450432
630 0.188669
1032 0.835090
1134 0.671789
209 0.643490
355 0.629038
554 0.634919
23 0.061355
1188 0.223285
769 0.367494
27 1.661804
1214 1.609585
725 0.259512
430 0.995544
536 1.128182
568 0.575490
1353 1.443154
338 3.400064
147 1.878004
267 3.464185
50 3.631872
1124 1.359730
432 2.025440
1256 2.567731
215 2.554490
561 1.322735
978 2.697273
735 1.954986
668 0.052605
1371 2.542481
