1137 0.090754
559 0.444327
746 0.523767
148 0.077823
493 0.089294
632 0.114157
417 0.112868
94 16.737408
603 0.034106
1068 0.073138
643 0.035936
506 0.112352
1054 0.015865
26 0.013681
114 2.605909
1013 0.096561
377 0.089956
1024 1.606704
1098 0.194522
1335 0.349170
170 0.356657
428 0.245815
1165 0.271671
572 0.107919
648 0.238554
513 0.058837
180 0.052219
334 0.228104
681 7.113928
885 0.355134
84 0.539648
803 1.694001
1193 2.613999
664 0.950120
354 0.980682
104 2.495864
842 2.385453
387 3.408297
343 0.174313
561 2.943804
1072 1.826949
584 1.385798
950 2.251883
238 0.892778
1096 2.251368
1237 2.821633
1376 1.868610
1082 1.628803
353 3.562851
257 0.487081
567 3.982276
459 4.560887
923 1.208483
528 3.405475
1256 2.502716
609 6.309598
553 1.895788
1365 6.370820
143 0.182271
121 0.250805
1288 3.897994
