476 12.565423
11 0.042413
241 0.190508
10 0.313728
734 0.231522
1075 0.036019
1197 0.309267
41 0.161839
1062 0.282804
801 0.132937
795 0.151339
727 0.722426
512 0.211921
1368 0.108019
394 0.297149
971 0.415316
85 0.652743
432 0.063255
910 0.223966
563 0.462111
420 0.392317
378 0.366918
1155 0.336675
1366 0.621953
1008 0.162606
279 0.108491
258 3.239331
266 0.457041
301 0.224600
1349 1.994179
589 2.362069
1326 0.835609
180 0.674409
343 2.290879
615 1.315287
449 1.276847
455 0.215478
24 1.664620
1312 1.393277
828 0.200712
276 0.195235
680 0.843807
1346 1.338185
658 0.815765
419 0.683099
236 1.453092
715 0.648111
600 0.648959
696 0.771719
750 0.003348
1392 0.027533
332 0.033977
205 0.025744
666 0.006101
784 0.018280
124 1.299533
791 0.527169
1107 1.167691
174 1.650341
686 0.703384
837 0.554456
904 1.119936
367 2.512357
224 4.317709
139 4.145156
644 4.530858
659 3.379650
1125 2.902845
906 0.239077
1217 0.012336
792 1.120597
519 0.728993
1365 0.354713
901 1.971348
1181 1.158607
