571 0.365521
486 0.003305
1047 0.010521
737 0.011081
470 0.006776
203 0.004414
116 12.891416
109 0.008092
1030 0.505420
37 0.419063
60 0.094833
221 0.584233
254 0.455558
220 0.493958
863 1.316431
1190 1.246519
1195 0.084476
1227 1.199500
1155 1.290084
780 0.973707
283 0.780135
1314 0.355137
1266 3.690042
204 0.101605
1153 0.133184
1325 0.920074
919 1.177222
305 0.615913
1262 0.462960
214 3.410924
317 0.796154
4 2.279068
730 2.883855
53 3.298013
962 2.252087
1313 0.454137
1323 3.728029
1178 4.097918
1293 4.038397
295 0.484110
959 5.827915
