79 0.100163
1221 1.744351
610 27.557011
420 0.178041
1374 4.292766
1062 0.331151
10 0.274320
38 0.176960
1305 0.052856
537 0.059180
913 0.220437
65 0.012029
1196 0.087723
776 0.025317
475 0.119006
835 0.190027
353 0.316175
350 1.264052
524 1.785689
235 0.523292
947 0.089248
528 0.694903
554 0.598732
1072 0.184584
1192 0.294698
337 0.974295
614 0.662247
218 0.533690
1274 0.922060
1238 0.618973
856 2.801037
273 1.201455
232 1.232504
48 1.027932
951 1.649352
871 2.167250
786 3.281864
1215 2.946743
640 1.838808
566 3.524541
56 0.814464
1053 2.672264
324 0.308814
731 0.061513
749 1.749852
66 0.464449
1133 1.850079
1065 1.365358
21 0.331935
797 3.176134
464 1.689474
818 4.541032
596 3.703649
274 3.815170
1236 2.401237
670 2.204752
487 3.980637
138 2.657114
252 3.531923
1310 3.391799
1085 4.044112
1243 2.140496
533 0.014618
1046 0.171390
1131 2.903552
195 6.056325
825 3.355647
192 3.769970
1335 3.461353
399 6.500196
1355 5.426278
158 5.021439
1201 2.960909
874 7.412926
18 2.809618
