490 0.253182
121 0.276552
190 0.585844
1222 16.940009
1270 0.249577
923 0.184176
189 0.522759
234 0.455784
1159 1.075041
1163 0.521857
894 0.538662
1236 0.161010
419 0.730347
975 0.284322
399 0.686437
1340 2.739841
366 0.858249
57 0.944269
1317 2.129898
152 0.233426
254 3.036147
791 1.668095
586 0.347622
1390 0.156850
1121 0.100565
297 0.010286
656 0.358212
456 0.341890
843 0.269879
913 0.685310
519 3.598500
1153 2.307480
348 0.772398
1024 1.160745
1352 2.361564
862 1.884139
236 2.554929
49 2.122623
645 2.853268
23 3.702418
201 0.749522
819 2.110643
949 1.670629
451 3.822504
545 6.274001
622 4.382387
698 6.186609
233 6.849080
89 5.943233
1309 3.872269
