446 0.625538
927 7.362761
703 0.687630
193 0.201893
1356 0.635506
43 0.742361
363 0.759914
293 0.402515
763 0.211551
319 0.176577
1400 0.162646
542 0.044071
48 0.019791
607 0.169224
472 0.114707
1135 0.170669
1056 0.146748
146 0.190589
365 0.159493
758 0.143137
565 0.057800
526 0.116876
144 0.838642
556 0.028478
1328 1.237759
492 0.336337
448 0.504915
1139 0.289978
569 0.684448
339 0.506937
1323 0.834093
18 1.595438
630 0.207531
1032 0.918577
1134 0.738951
705 0.875346
1242 0.102764
570 0.096934
1321 0.121202
1241 0.037138
668 0.226677
1153 0.100904
920 0.142580
86 1.881284
935 1.397881
1133 1.268824
997 1.204760
1062 1.475711
655 0.290662
169 1.826386
1362 0.455972
1326 1.402031
1248 2.559398
1060 2.198483
391 2.534748
786 0.937354
975 1.993270
978 0.605697
864 0.254988
178 1.805331
468 0.551505
143 1.022626
1330 0.794007
1067 1.106713
