713 0.647556
1270 0.595341
1095 0.391258
876 8.571369
78 0.074819
666 0.293743
429 0.757005
36 0.399709
757 0.993897
866 0.237629
1010 1.205356
1100 1.107713
524 0.380494
274 0.605956
289 0.735371
970 0.144231
578 0.367075
229 0.378705
665 0.053150
761 0.373668
131 0.349272
425 0.387865
1304 0.118522
319 0.168216
727 0.240110
1364 0.112359
686 0.134344
1372 0.077818
830 0.128088
645 1.888796
595 0.669056
381 1.893797
463 1.759485
1096 0.994057
334 0.690589
798 1.809236
773 2.266176
359 3.484592
657 0.416915
819 1.337940
1159 5.480233
102 2.281180
1071 2.761916
