377 16.859559
856 0.255776
578 0.201792
1324 0.452542
869 0.323477
482 0.091914
954 0.281276
29 0.208337
220 0.113495
207 0.042382
361 0.193024
682 0.311392
688 0.298547
320 0.313468
168 0.207931
765 0.214456
313 0.193917
917 0.076755
923 0.033930
600 3.376309
418 0.478806
176 0.274954
1373 0.790327
209 0.460149
560 0.260764
804 0.410843
497 0.563482
232 0.586734
1013 0.072536
1024 0.071527
1098 0.146124
1335 0.262294
170 0.267918
94 0.089956
428 0.184655
1219 0.808186
1205 0.127387
1023 1.255834
1366 0.650065
506 0.314408
796 0.697984
536 0.813776
437 1.063608
1011 0.026537
128 0.156766
1069 1.207512
539 1.389599
1132 0.679856
548 0.696208
921 2.224667
725 2.476390
662 2.336221
616 1.730660
925 1.482933
1243 1.636892
645 1.270699
946 1.442912
321 0.985025
86 1.611815
582 1.443696
137 1.482360
892 0.992911
777 0.842142
751 3.810137
325 1.282205
239 3.863832
228 1.470302
1214 1.239262
614 3.800877
888 2.026702
1047 1.900725
202 1.588660
1226 2.571331
133 0.374608
455 1.126763
952 1.566727
775 0.261151
281 1.271911
1121 1.236402
333 1.256605
832 1.127758
1119 0.557544
1084 0.850044
658 2.209888
772 2.828571
1353 0.430638
510 3.181359
189 2.596782
456 1.046128
1135 1.792661
947 4.131036
1104 0.831351
1201 2.058209
1049 3.982786
500 0.571791
522 4.115411
1206 2.143586
