237 0.673539
935 0.010263
906 0.183966
304 0.598484
999 0.066861
271 0.626907
249 0.142236
155 12.905801
1153 0.151801
323 0.115648
250 0.119440
960 0.109599
289 0.051046
156 0.213645
129 0.803451
680 1.205232
679 0.396419
409 0.613199
828 0.291486
325 2.269037
667 0.021805
417 0.580747
1394 0.332678
926 0.827976
628 0.910166
1130 0.034903
449 0.475666
42 0.170159
1353 0.333581
1132 0.104968
1176 0.184040
386 0.150668
755 0.060174
687 0.177145
885 0.309871
676 0.711226
228 2.109387
1205 8.648832
869 1.629301
879 1.063965
297 1.086182
708 1.365024
534 0.269170
1088 0.970053
320 0.542592
1259 1.540328
899 1.005151
186 1.269540
585 7.977580
121 4.186164
1279 5.865498
1095 8.860803
1390 4.661720
