14 0.112286
151 2.625262
852 0.320080
800 0.211840
520 0.540885
1148 0.544784
997 0.144563
110 0.299526
284 0.147116
260 0.481370
1099 0.225773
123 0.519719
10 0.226092
725 0.070885
1001 0.522939
1037 0.021519
43 0.048679
1157 0.046139
1388 0.008339
1122 0.085779
181 0.010070
405 0.043904
834 0.066643
1289 0.042581
188 0.043083
394 0.015719
1277 0.040697
461 0.036353
440 0.528055
688 0.098912
983 1.366081
1217 0.018798
1373 1.319682
1197 1.429050
544 0.769933
953 0.362992
1292 1.334098
211 1.532780
1245 0.897222
283 0.731643
647 1.572839
938 0.830441
1300 0.671121
1040 1.391177
707 1.083841
613 1.542034
633 0.530979
1243 0.566760
1208 0.892248
