467 0.502529
1073 0.759467
1310 1.376137
895 0.367761
1116 16.018353
463 0.098187
350 0.693202
655 0.700919
303 2.598764
153 0.917457
485 2.142655
628 0.116064
234 2.161672
700 1.964538
803 1.410169
482 0.388951
515 0.105832
1333 0.046274
955 0.209082
595 0.086794
56 0.156740
842 0.211553
545 1.979455
76 3.666795
134 1.117667
1377 0.144287
1236 3.118049
1096 3.581287
1020 1.944638
28 0.121548
697 0.984845
315 0.629809
685 1.189327
401 1.158067
481 0.796562
1050 0.645790
1046 2.655222
20 1.845676
785 0.743024
11 2.466157
128 1.973072
259 3.045642
858 2.383797
1239 0.095431
799 2.577694
636 0.906665
1394 0.290386
985 0.929689
281 1.780944
1174 1.543307
1031 5.137812
1063 5.825084
1254 1.147613
1015 1.341979
902 1.769055
163 0.996962
1197 3.562435
