1272 0.466161
239 0.043382
283 0.183188
1013 13.671406
801 0.097816
1202 0.272829
1164 0.086895
316 0.445535
119 0.608116
1341 1.133093
804 0.454345
584 0.918704
1199 1.247825
1396 1.043578
384 0.664259
377 0.072536
1024 0.076779
1098 0.156854
1335 0.281555
170 0.287592
94 0.096561
428 0.198214
201 0.165735
764 0.386138
137 1.787960
184 0.295493
1284 1.476241
740 0.732053
467 0.895732
814 1.136789
778 0.095053
1028 0.239616
657 0.983133
1328 0.003640
980 1.590310
1336 0.162502
48 0.898085
63 1.639034
368 0.674414
825 0.880886
179 2.225722
304 3.540191
1077 2.053718
512 4.016388
162 1.246948
248 4.851041
774 2.957851
950 4.480809
1113 0.845974
1149 3.221730
492 0.977386
86 1.121661
484 0.463074
359 1.018192
321 1.043027
1064 1.159805
1189 0.608598
