1081 0.545292
883 0.996550
222 0.214372
1242 0.537771
698 0.034932
34 0.129866
536 0.536659
131 6.264566
970 0.168135
876 0.349272
578 0.427911
229 0.441468
665 0.061959
761 0.435596
425 0.452147
36 1.769794
91 2.849496
1359 0.375856
437 0.728461
1329 0.418103
860 2.286217
724 1.577647
1324 0.349809
74 0.001128
850 0.676778
462 0.473054
106 0.623194
798 0.607781
63 2.027077
1305 2.090179
414 3.103454
1068 0.466134
491 2.158982
565 2.675635
959 1.344509
851 0.669264
700 1.063336
629 0.442208
372 0.794253
1313 1.427903
232 0.174412
1142 0.841245
1338 0.128345
316 0.463200
1015 0.679369
209 0.239651
490 0.432179
1384 0.677288
