887 2.621184
489 0.645012
1171 0.255226
1329 0.685085
70 0.311107
1009 0.897510
1369 0.344341
108 0.477126
3 0.100514
49 0.040238
520 0.069014
1117 0.148646
304 0.130696
1125 0.074912
243 0.097807
568 0.688551
869 0.139807
618 0.037808
889 0.526481
352 0.736342
100 1.091011
435 0.552195
900 0.108478
1176 1.674525
898 2.127344
178 1.381509
1031 1.718501
297 0.522793
1146 1.956027
1336 0.345595
688 0.062092
266 0.252132
1029 0.296767
881 0.363340
361 0.134942
1177 0.212266
165 0.889330
1091 0.156435
335 0.493356
392 0.719345
144 0.070250
1110 0.071246
1277 0.524467
