218 0.160495
1392 0.180495
975 0.282341
613 0.130555
736 8.253110
224 0.349012
618 0.284253
6 0.187408
481 0.400760
104 1.073132
1316 0.043442
561 0.236227
1377 0.888444
243 0.596698
142 0.582952
1052 0.065238
1159 0.011769
615 0.069148
980 0.034939
547 0.007207
1129 0.047082
177 1.461145
113 0.839124
851 0.649290
1338 0.336505
1024 0.734811
454 1.025468
132 0.940378
241 0.740763
752 0.059092
1016 0.449603
1025 0.537212
231 0.518639
969 0.002872
1195 0.909612
446 0.662413
607 0.074216
693 0.001673
1373 0.277316
708 0.087460
76 0.302845
1139 0.994267
458 0.165020
385 1.099676
548 0.341759
513 0.806193
725 0.423690
437 1.206220
1214 0.779246
504 0.769246
266 1.147638
955 0.867029
1162 1.145138
1311 1.150417
766 0.579123
839 0.648856
60 0.738868
146 1.816782
1210 1.855938
978 0.698334
511 1.158285
1182 0.026607
838 1.609111
199 0.919973
1343 0.926656
899 0.068492
573 1.039863
1234 0.538160
