549 0.090781
212 17.522928
1230 0.169645
612 0.293008
1217 0.182342
1163 0.006551
888 0.001496
33 0.181323
207 0.567571
1078 0.481854
1249 0.542210
712 0.490839
208 0.421029
985 0.034508
184 0.371148
516 0.106317
527 0.510454
1296 0.405831
1221 0.616499
896 0.178425
1000 0.320046
690 0.413895
495 0.381871
1391 0.137007
551 0.403831
79 0.467182
471 0.261213
950 0.072402
262 0.256942
1061 0.154212
368 0.253619
821 0.065597
58 0.064743
553 0.108118
855 0.430429
306 0.270926
893 0.083739
462 0.108248
1336 0.060513
992 0.019631
54 0.081592
95 0.125026
430 0.077952
877 0.007843
1011 0.002735
689 0.155946
239 0.680043
791 0.553147
647 0.705106
545 0.467287
865 1.095127
324 0.544224
882 0.787525
679 0.708808
102 0.769981
732 0.256033
880 0.612872
311 0.287089
437 1.130952
156 0.158455
1340 0.718293
513 0.641016
164 1.052041
1164 0.570064
779 1.223448
819 4.888004
606 4.268149
1202 4.936505
711 2.630420
346 1.801738
1290 3.823355
633 0.259398
177 2.350084
172 1.335751
995 3.228383
1093 0.203504
1319 0.170402
1334 2.750960
637 3.516184
763 3.747093
720 3.918778
509 1.922563
644 6.501215
271 1.333090
1351 3.384257
