422 0.106239
67 0.081347
1199 0.572244
1081 4.642607
761 0.304879
99 0.032086
403 0.031234
130 0.299567
883 0.300193
222 0.377573
1242 0.947173
698 0.061525
34 0.228733
536 0.945215
131 0.545292
144 0.362269
658 0.137312
904 0.409237
966 0.172126
993 0.489831
266 0.287574
157 0.347977
733 0.618305
767 0.741029
1030 0.765754
341 0.083917
198 0.713954
500 0.751830
299 0.493594
327 0.370351
1203 0.265013
930 0.370372
1397 0.120346
333 0.271230
1096 0.701105
925 0.470941
213 0.797976
48 0.695249
1162 1.380639
740 1.743094
1369 0.202843
712 1.712407
946 0.941328
894 0.460025
1354 0.489674
551 0.938231
348 0.403540
675 0.840162
1355 2.608363
477 2.539528
