1373 0.245877
1256 0.480835
390 0.572025
1216 0.305233
1268 0.665083
101 2.930513
401 0.553362
14 0.398728
1108 0.465852
1258 0.475213
497 0.230436
97 0.250705
214 0.537838
1090 0.342954
1148 0.191497
872 0.037592
321 0.059202
853 0.004485
1082 0.065677
1336 0.057549
286 0.024947
373 0.038772
66 0.385899
375 0.315523
1381 0.261135
621 0.511920
1318 0.040466
534 0.305131
250 1.920820
445 1.937168
841 0.333438
734 1.897015
998 1.021132
133 1.383752
617 1.005760
120 0.663194
1281 1.402253
952 1.509498
1032 0.096217
1245 1.544489
352 1.564279
1171 0.813047
