1351 0.036622
115 0.011985
261 0.035990
1012 9.159202
995 0.074908
271 0.193192
914 0.113023
11 0.098694
194 0.312531
350 0.242732
178 0.173953
307 0.509539
490 0.149904
1107 0.413546
135 0.287489
649 1.432009
281 2.605041
815 1.641336
199 0.352877
425 1.421677
592 1.544363
348 0.844387
471 1.323963
121 1.195607
1146 0.691499
860 0.375434
726 0.842013
368 0.715868
282 0.149245
410 0.053496
506 0.137422
683 0.212139
474 0.151647
391 0.132896
239 0.617839
1369 0.672793
508 1.491267
1249 0.573161
79 0.289674
383 0.524511
433 0.906313
1175 1.647475
361 0.962977
179 0.582408
965 1.188851
280 0.294785
386 0.933722
505 1.059553
73 0.825624
753 1.341078
644 1.272287
1336 1.468304
1035 1.299088
1365 0.394923
566 0.868954
1164 1.810731
842 2.441055
589 0.782758
220 1.761973
697 1.411400
1239 0.262966
776 0.128941
