248 9.454252
704 0.358340
586 0.451262
1163 0.148931
751 0.403379
686 0.541449
374 0.107322
152 0.379060
785 0.492316
864 0.186571
673 1.008724
884 0.443905
622 0.921748
823 0.928262
198 0.605809
1271 0.765978
1129 0.048734
1351 0.063810
628 0.498346
1254 0.667900
1049 0.299205
214 0.408906
661 0.567455
1133 0.126067
594 0.389107
1295 0.010937
504 0.128990
158 0.181201
492 0.268917
385 0.114920
1100 0.498832
18 0.383365
225 0.734280
910 0.563056
388 0.565943
499 0.481693
1375 1.602954
222 0.406177
829 0.854420
573 0.657604
1067 0.070160
255 2.435770
716 1.544460
512 3.100504
1013 4.851041
162 0.962598
774 2.283352
950 3.459020
1113 0.653061
1149 2.487057
