1007 0.330470
699 0.023352
878 0.299631
448 0.807181
1285 0.625899
1301 15.915575
604 0.214626
571 0.535809
1083 0.533667
1184 1.017623
261 0.309377
1245 1.223266
430 1.413833
299 2.712538
601 2.490629
864 2.765022
1138 1.755269
1137 1.095452
1207 2.052060
1292 0.118860
921 2.623927
824 1.511047
121 0.454136
1092 0.846045
560 1.774961
1368 1.440140
103 1.817922
1190 1.666276
1027 0.920313
1268 0.774457
108 0.106420
655 0.416531
129 0.935575
939 0.559670
1364 1.076910
1040 0.635060
1197 0.122230
209 0.140230
1172 0.125615
446 0.073763
203 0.099924
609 0.144801
1075 0.088619
71 1.313047
726 2.659750
1195 1.532019
816 0.203642
723 3.787535
1089 2.008027
950 5.294392
953 0.251351
914 5.198201
72 5.237261
1396 1.819608
1297 3.656308
24 2.846322
1114 0.621187
279 2.303155
648 3.902658
206 3.391313
5 3.174973
1387 2.521934
