1061 0.234998
368 0.386481
821 0.099961
58 0.098660
553 0.164757
855 0.655916
212 0.270926
306 13.513414
1186 0.888766
301 0.578475
343 0.902417
1385 1.070793
199 0.943911
510 0.657262
380 0.557112
238 1.289778
191 1.452367
1228 1.278782
281 0.790011
779 0.226148
328 0.727394
465 1.024051
1381 0.826771
321 0.428571
110 0.739498
1158 0.358344
954 0.389211
939 0.999331
622 0.921102
363 2.519081
266 0.508421
104 0.374889
660 2.571315
1362 3.010055
183 1.561310
812 1.642997
541 1.571326
71 1.384439
23 0.561249
1224 2.442280
505 0.799618
512 0.561977
969 1.441054
630 4.087542
1233 2.203795
731 1.712237
309 3.336304
1173 1.372499
488 1.284845
1045 2.337512
204 0.043493
149 0.915037
993 1.703252
566 1.583525
1246 1.104876
413 0.718489
1128 0.992741
34 0.628735
818 0.080953
166 0.069550
908 0.542847
669 0.806038
1148 0.543788
