161 0.286761
1251 0.804045
892 0.339385
11 0.728840
233 16.784187
156 0.818710
142 0.027566
20 0.455097
1190 0.510395
781 0.508777
627 0.205856
1319 0.684180
364 0.024712
1267 0.387603
1383 0.114181
729 1.506732
261 1.042056
533 1.523639
890 1.047570
343 0.409184
402 0.824433
279 0.779731
88 1.000882
1386 0.260519
1390 0.392217
782 0.680931
1385 0.794146
933 1.207701
360 0.668357
1135 2.672735
1373 2.882670
1087 2.545459
66 2.604733
175 0.639372
1188 0.317277
902 1.532567
182 1.687668
976 1.175932
44 2.334086
1057 2.024855
774 0.289599
221 1.420131
981 1.314106
503 4.024738
247 1.244556
469 2.376619
426 2.566400
963 2.778913
19 1.192531
1098 2.080451
451 3.752104
1222 6.849080
545 6.158452
622 4.301676
698 6.072669
89 5.833775
1309 3.800953
