650 0.122391
687 0.093613
7 0.163687
496 0.034295
894 0.344487
859 0.333817
787 0.021336
43 9.944482
446 1.158285
927 0.742361
703 1.273259
193 0.373838
1356 1.176742
363 1.407104
293 0.745323
1037 0.264037
1157 0.566127
1388 0.102324
1122 1.052516
181 0.123560
151 0.048679
405 0.538704
148 0.083010
717 2.978279
735 1.455253
388 3.097654
538 0.759983
145 0.144899
922 1.585724
918 1.986421
1376 1.234033
1324 0.528142
575 2.929924
1115 1.095600
161 3.736940
956 2.295960
37 2.224241
704 1.926033
536 2.195129
879 0.944554
304 1.769315
413 1.669352
994 1.188796
788 0.090733
1323 0.148083
754 0.071544
1238 0.180926
933 0.118755
669 0.079935
1303 0.108685
