495 7.254423
1391 0.304339
551 0.897042
79 1.037768
471 0.580240
950 0.160830
212 0.381871
262 0.570754
42 1.102728
1368 1.004681
346 0.771933
545 0.619437
1067 0.971653
1288 0.983477
371 0.572265
1223 0.133672
975 0.130308
956 0.194468
429 0.190636
1097 0.082690
477 0.003461
627 0.110810
1247 0.036828
1106 0.409931
1343 0.100915
871 0.984984
1297 0.819590
716 0.290660
683 0.711166
1065 0.859617
457 1.094596
1199 1.296808
237 0.554399
631 1.142109
165 1.094205
692 1.103591
1152 0.045734
605 0.058350
353 0.038282
1323 0.054722
1060 0.046314
4 0.026336
753 0.035052
765 2.463529
135 1.186493
802 0.457367
150 2.728910
558 2.024135
992 2.004717
1117 1.539809
1139 1.000369
1351 0.131303
1233 2.800669
9 3.595032
32 0.510818
23 3.319508
1228 1.953485
775 0.336778
277 0.723139
446 0.343907
1154 0.125860
527 0.083560
327 0.011289
1331 0.363900
