588 0.310175
845 0.297174
289 0.042040
1044 0.165914
7 0.114603
37 0.310787
666 0.034497
27 19.934042
928 0.036117
652 0.353896
622 0.294632
253 0.998591
914 0.826625
685 0.457547
330 0.612082
295 0.067355
1029 0.175913
186 0.179659
232 0.158404
1335 0.340233
153 0.252255
434 0.186711
1060 0.607330
1062 0.216062
884 1.258020
1147 0.154640
334 1.253459
1262 0.278077
603 0.977399
516 2.464252
49 0.697923
583 1.923676
60 0.006105
1038 1.900837
107 1.308349
809 1.737517
672 0.009944
738 0.005721
21 0.005342
1100 0.011032
1220 0.009279
1281 0.003712
907 0.008032
642 3.515079
220 4.384424
1099 1.851524
617 4.894255
395 0.096053
310 0.808941
1219 2.662311
431 1.899628
185 0.578371
511 0.278975
1311 5.080688
61 2.859490
489 0.592466
1226 3.364599
705 1.661804
1214 2.967034
725 0.478373
430 1.835140
536 2.079638
568 1.060832
1353 2.660243
1334 1.516570
579 1.256323
172 1.076843
1075 0.205051
458 1.285476
47 0.827236
1369 0.759223
1152 1.103258
713 1.473206
526 1.710253
55 0.458395
274 2.958572
580 2.217013
1393 1.527811
