764 0.143659
794 0.155243
1146 0.067892
1350 0.085740
573 17.318646
975 0.097716
457 0.003330
273 0.082803
809 1.041841
553 1.029074
797 0.396692
673 0.238853
616 0.657894
335 0.386496
546 0.557338
255 1.175766
81 0.732025
347 0.321726
419 1.252936
814 1.089547
1036 0.553622
732 1.199546
589 0.851558
924 0.172253
1322 0.589791
817 0.890831
308 0.795865
988 0.165741
604 0.504321
150 2.693065
441 2.487877
186 1.517728
1262 2.469605
439 1.352163
713 2.837983
659 1.461006
1375 0.358085
222 0.090736
829 0.190870
248 0.657604
1067 0.015673
716 0.345018
981 0.433247
378 2.796847
918 2.774478
1293 0.957517
1073 1.374764
605 2.639933
1028 1.819970
895 0.853030
976 0.363750
1213 2.069639
775 2.544165
1059 3.071641
597 1.904520
1038 2.097512
104 2.378595
199 6.274562
1343 6.320141
1139 6.576682
736 1.039863
899 0.467140
1234 3.670450
