220 0.270743
207 0.101103
361 0.460461
682 0.742828
688 0.712186
377 0.313468
320 9.661471
168 0.496021
360 0.572280
934 0.085207
125 0.677283
1312 0.337040
349 0.549952
542 0.821079
713 0.427270
1080 0.657694
871 0.274480
717 0.591403
1221 0.517982
1376 1.314379
906 0.764918
379 0.565309
765 0.682885
645 0.354074
1375 0.965624
340 0.387977
283 1.868506
414 0.977545
1048 0.001515
783 0.000256
184 0.006642
587 0.006340
1087 0.005548
528 0.009448
443 0.005626
164 0.145298
1061 0.206075
339 0.071802
1070 0.236034
118 0.047725
460 0.416102
582 0.208538
1372 0.263212
97 0.074727
1267 0.162980
1192 0.292488
200 0.315680
1094 0.305613
628 1.230030
449 1.058463
1016 0.224365
971 1.057148
1133 1.158548
778 1.157821
719 0.810616
297 0.638677
708 0.802637
534 0.158273
1088 0.570393
155 0.542592
1259 0.905716
899 0.591031
12 1.159638
60 2.322493
910 1.816165
1247 0.978108
615 0.382328
456 0.671595
953 1.248619
990 0.515116
357 1.222177
81 4.158187
1339 2.384980
998 3.052761
647 1.053580
1010 2.091472
