698 0.396044
748 0.130348
766 0.237577
867 0.082866
986 0.083530
529 12.785546
1162 0.197151
51 0.219231
1109 0.080684
978 0.469070
783 0.374006
592 0.810300
1389 1.787504
1230 0.072927
175 0.450253
435 0.214296
1334 0.813598
73 1.107156
211 0.761071
814 0.565400
254 0.604427
297 0.582121
1152 0.167400
712 0.367448
152 0.318838
87 0.295713
108 0.082125
374 0.373519
839 1.042338
1365 0.649930
126 1.080282
88 0.108891
343 0.617699
895 1.216469
416 0.623084
661 0.010636
681 0.725076
752 0.428798
437 1.156318
364 1.059525
1120 0.833422
448 0.787879
928 0.198202
359 0.291528
1276 0.257695
728 0.154846
848 0.144897
1139 0.172959
789 0.182860
219 4.628932
425 4.495734
664 4.331585
78 2.387615
988 2.687157
1000 4.098818
1026 2.332658
968 2.134736
1150 5.162375
330 3.652654
854 2.393297
1383 3.668807
546 0.273834
1085 2.659687
25 1.914713
874 0.651186
612 2.057978
1277 1.067385
114 1.639429
1201 1.086435
