189 0.702924
1106 0.289106
555 12.093972
114 0.372005
823 0.764875
967 1.994556
1250 1.156318
496 1.052706
726 0.691852
234 0.134925
15 0.098171
618 0.657440
653 0.172947
921 0.671753
511 0.505741
586 0.545717
883 0.378878
153 0.780558
48 0.345405
660 1.187589
1062 0.988463
1313 0.441733
10 0.767459
1175 0.203264
698 0.014486
937 3.219510
37 0.074521
899 0.497000
906 0.398932
520 0.059378
238 0.015713
676 0.019664
1060 0.008941
1253 0.090028
215 0.033421
928 0.045740
1321 1.561122
1113 3.786601
910 1.711827
1032 0.032738
563 1.548118
817 1.391170
976 1.954139
668 1.505886
35 0.946899
936 3.332499
205 1.912775
1332 0.030283
1215 1.837572
194 0.909254
1218 0.987800
1396 2.962100
84 3.713357
1207 1.981604
709 2.941031
1370 3.087968
