869 0.931172
1298 0.606276
420 1.197846
653 0.173084
1291 0.019008
909 0.948997
663 10.075983
451 0.619416
77 0.995087
1211 0.393885
679 1.313240
275 1.168975
613 0.042201
696 1.007874
289 7.924455
1059 0.664918
1309 0.208870
363 1.818358
1090 1.815941
463 0.678171
1167 0.533738
817 0.932913
547 1.249137
1196 0.443780
1083 1.015196
1386 1.706931
567 1.237157
575 1.401913
960 0.915079
1084 0.387058
1106 0.242483
672 0.120705
1118 0.028273
1283 0.341241
999 0.224461
470 1.664961
260 1.233768
1146 0.596595
271 1.983984
749 1.555630
953 0.516197
1129 1.259262
778 7.223766
430 1.246370
71 2.056456
1157 1.986087
1085 2.758976
1361 3.737811
