879 0.077166
490 0.370557
1028 10.178991
926 0.162099
1389 0.261434
455 0.107365
904 0.064474
192 0.243595
906 0.087966
1009 0.112703
79 0.158955
48 0.009238
1293 0.921087
696 0.313143
300 0.182991
392 0.415542
740 0.177026
751 0.998184
363 1.057704
1208 0.293277
206 0.913338
319 0.594801
712 1.856387
602 1.551589
220 1.532299
52 1.678082
1147 0.307242
598 1.158886
594 1.236708
1315 0.120966
1115 0.211965
375 0.097774
1019 0.191742
1083 0.094802
850 0.115410
814 0.206252
778 0.017246
657 0.178374
1328 0.000660
980 0.288536
1336 0.029483
1013 0.239616
981 0.322242
378 2.080252
573 1.819970
918 2.063615
1073 1.022528
605 1.963542
1006 0.248938
276 1.543357
1183 0.839741
311 0.166274
675 0.054947
939 0.320859
1195 0.782894
284 0.259198
550 1.019807
1060 0.327432
718 0.333591
368 1.148347
1379 0.693332
1257 0.680611
268 5.991564
1330 3.501843
25 1.858563
429 5.453308
478 2.835864
1383 2.189044
1265 3.093961
