813 0.822007
310 0.254055
1098 0.707617
986 0.420684
1330 9.336831
629 0.246413
532 0.577326
10 0.412105
978 0.566733
864 0.238585
178 1.689196
468 0.516028
143 0.956842
927 0.794007
1067 1.035519
268 4.381315
25 1.359069
429 3.987717
478 2.073718
1028 3.501843
1383 1.600732
1265 2.262450
520 0.073285
512 0.075216
1045 0.629473
545 0.206676
126 0.530318
381 0.356111
1279 0.315241
848 0.216967
299 0.311383
1179 0.145322
190 0.238447
154 0.144557
361 0.316523
1325 0.216267
626 3.873025
1033 3.766745
1389 1.797430
323 0.726107
816 2.924829
888 2.711036
643 0.448097
397 0.796891
1314 0.549537
1090 3.233825
142 0.416223
515 4.720994
201 1.146635
1399 2.765646
