239 0.170438
993 0.076004
1344 0.415366
530 0.204582
1262 5.302033
962 0.606415
925 0.068640
448 0.228594
963 0.358910
333 0.182445
231 0.228353
354 0.369727
1107 0.378823
489 0.044237
543 0.207704
1060 0.118956
1062 0.042319
884 0.246405
1147 0.030289
334 0.245512
27 0.278077
603 0.191440
150 2.298847
441 2.123695
186 1.295559
439 1.154230
573 2.469605
713 2.422552
659 1.247140
214 0.378106
317 0.088255
4 0.252638
116 0.462960
730 0.319680
53 0.365590
1186 1.973875
60 0.707604
1276 2.223483
328 3.356192
269 0.470470
707 0.273766
1162 3.895776
899 2.518366
1237 1.239219
1376 0.205959
177 0.412677
1375 2.370031
505 1.514070
1356 1.467889
