134 1.305881
1343 21.796204
643 0.069848
1288 0.020511
1076 1.355886
530 0.718867
784 0.399865
236 0.706871
952 1.072254
713 0.795476
242 0.656481
154 0.211278
706 0.742749
1305 0.781325
401 0.611674
122 0.690148
535 1.477063
288 0.446124
74 1.158710
954 1.010519
125 1.199617
676 0.807010
1247 0.005640
495 0.100915
1106 0.351837
871 0.150843
1297 0.125514
716 0.044512
683 0.108910
1355 0.673946
215 0.344784
932 0.518766
132 0.082062
437 0.728343
638 0.547079
715 0.430178
851 0.045370
327 0.145738
1003 0.076373
969 0.347053
72 0.240941
937 0.376035
813 0.269051
187 0.142799
886 2.194523
1053 1.201183
1311 1.651477
554 0.987218
822 1.729851
1085 1.279430
506 0.116325
1174 1.595748
1289 0.748240
583 1.024620
626 2.740163
909 1.629566
186 4.567304
924 0.491395
504 2.904745
1364 1.091041
93 4.412943
1263 5.357361
1200 3.024298
104 2.119644
199 5.591467
1139 5.860696
736 0.926656
899 0.416284
573 6.320141
1234 3.270858
1327 2.004309
206 2.246355
474 4.306449
1269 3.442953
801 4.019282
688 2.784802
368 2.204776
