705 0.628878
236 0.581624
1203 0.042802
833 15.052095
196 0.580293
446 0.037766
785 0.007504
332 0.400034
875 0.594559
222 0.307716
187 0.919594
209 0.706998
697 1.679487
259 1.335169
354 0.867136
780 1.203388
1155 0.925439
545 0.943936
477 0.370042
855 1.401229
294 1.533783
118 1.117318
85 0.125180
936 0.110204
898 0.102476
1380 0.027498
96 0.034151
1098 0.053371
961 0.067568
126 3.117953
282 3.036832
749 2.778302
1260 0.348036
2 3.263654
620 1.651283
1194 1.835612
1314 1.825551
916 3.662222
1047 3.402574
1263 1.546951
501 2.825849
7 0.585524
1204 1.847074
651 3.441659
110 0.553894
607 5.783584
137 2.650392
1000 0.726088
564 2.012089
1327 4.268258
