502 0.335103
5 0.279216
1105 0.115180
732 0.190882
700 0.501792
841 0.132395
1283 0.246044
7 10.665209
588 0.136236
845 0.130525
289 0.018465
1044 0.072873
37 0.136505
666 0.015152
27 0.114603
650 0.074786
687 0.057202
496 0.020956
894 0.210497
859 0.203977
787 0.013037
43 0.163687
261 0.821483
236 1.040915
1208 0.316915
1206 0.976927
280 0.201489
123 0.794207
826 0.982658
304 1.402809
752 0.802345
192 4.954507
1386 4.929618
804 3.064980
1350 1.506012
1151 2.550619
833 0.585524
1314 0.566495
916 1.136440
1047 1.055868
1263 0.480041
501 0.876902
1204 0.573174
1161 3.831889
685 2.282704
1088 2.579598
168 2.320879
747 1.222799
478 1.883286
1329 3.385330
