1191 0.165463
640 0.375303
653 7.716914
945 0.663620
1211 0.028282
703 0.043830
611 0.383267
122 0.333073
182 0.006510
1326 0.153589
435 0.108237
884 0.266043
1357 0.130548
42 0.145328
250 0.341321
869 0.220137
1298 0.143329
420 0.283180
1291 0.004494
909 0.224351
663 0.173084
451 0.146435
726 0.270580
555 0.172947
234 0.052769
15 0.038394
618 0.257122
921 0.262720
511 0.197793
22 0.149027
469 0.194677
127 0.068130
1309 0.376539
438 0.009402
1225 0.040388
561 0.210239
886 1.021455
104 0.527355
668 0.380744
1323 1.036541
1395 1.062467
1029 0.605364
1247 0.961228
777 2.367275
1319 0.576119
660 2.388491
758 1.888986
465 2.209405
976 1.881825
943 1.328461
685 1.368399
441 0.599934
177 2.953833
1243 0.524006
1163 0.723138
1176 3.334487
991 1.748041
871 1.201287
284 1.251532
676 0.141316
1088 2.071347
1351 3.403189
1193 3.067783
1083 1.820284
