864 0.915449
781 0.055179
488 0.748737
1344 0.997886
621 0.003466
744 0.229529
594 11.295720
167 0.621478
49 0.361010
919 0.240406
242 0.455241
47 0.278753
85 0.334537
980 0.475154
190 0.254072
661 0.588345
1133 0.130708
1295 0.011340
504 0.133739
158 0.187871
492 0.278817
248 0.389107
675 1.052772
676 0.974823
721 0.011667
296 0.545935
522 0.275685
1389 0.570661
312 0.520924
1202 0.391015
985 0.499714
244 0.334855
499 0.827655
552 1.025191
252 0.339049
403 0.711099
709 1.297134
237 0.123569
81 0.800699
842 1.642043
1070 0.918710
576 0.947124
712 0.995206
602 0.831804
220 0.821463
1028 1.236708
52 0.899617
1147 0.164712
598 0.621277
1291 0.414622
434 0.780507
844 0.088317
967 0.523775
1173 1.085129
563 0.676290
699 0.535270
877 0.292690
805 2.481380
1400 3.802656
900 3.307851
398 1.316485
911 2.087819
606 0.765314
530 0.441333
647 0.548160
660 0.116314
275 0.646047
26 0.049567
942 0.881490
353 0.241077
1349 0.343686
952 0.361776
87 0.167467
1356 0.088137
943 0.065036
1007 0.194967
153 0.054750
226 1.145195
1141 1.118168
1239 1.160253
539 1.150883
1247 1.537387
1253 1.060656
779 0.460903
814 0.807002
1311 0.027412
11 0.172572
1398 0.174647
219 0.005644
1372 0.762972
