568 0.430152
652 9.772073
117 0.060624
644 0.851118
709 0.212041
667 0.208650
156 0.646528
98 0.484371
928 0.014652
622 0.119530
253 0.405120
27 0.353896
914 0.335355
685 0.185623
330 0.248317
832 0.782003
16 0.314777
370 1.146295
684 0.731575
309 0.222726
372 1.344809
397 0.700131
1017 0.090857
424 1.368642
816 1.134400
807 0.297838
235 1.122417
980 0.833622
1180 0.362422
1181 2.332245
72 1.116405
721 0.710359
87 0.320136
1260 1.864170
241 0.243226
664 1.388042
88 1.602935
438 0.352009
553 0.973973
749 0.141401
776 0.438886
740 0.821923
778 1.201341
137 0.843561
839 3.222574
175 1.881765
697 1.660581
75 0.190131
800 1.674962
540 0.390107
695 0.789994
737 2.000718
142 2.030006
868 1.002330
1344 2.133030
1392 1.284616
