1052 0.104052
1159 0.018772
615 0.110289
980 8.424686
736 0.034939
547 0.011495
1129 0.075094
177 0.136414
49 0.906524
594 0.475154
919 0.603680
242 1.143148
47 0.699971
85 0.840050
190 0.637996
294 0.051305
747 0.162457
265 0.205323
83 0.247584
775 0.272244
1196 0.005032
347 0.141586
1017 1.314934
424 1.564295
816 1.296568
807 0.340415
235 1.282872
1180 0.414231
652 0.833622
655 2.112688
545 1.427617
467 0.018153
838 1.696181
689 1.587312
1282 1.169678
971 1.183147
299 1.602959
659 0.914446
595 2.463172
837 2.390503
953 1.691369
818 1.475191
814 1.368877
778 0.114459
1028 0.288536
657 1.183851
1328 0.004384
1336 0.195679
1013 1.590310
643 2.288406
1323 2.783675
794 2.211628
240 3.799980
214 2.089296
1349 2.457448
1299 1.991388
