72 0.248499
1164 0.111422
1366 0.019223
935 0.159070
492 5.840603
321 8.754331
1207 0.031858
196 0.148426
421 0.149065
1357 0.482880
112 0.222565
801 0.347515
941 0.351925
1280 0.605258
606 0.508598
872 0.682402
853 0.081415
1082 1.192220
101 0.059202
1336 1.044673
286 0.452860
373 0.703826
1171 0.341797
527 0.471018
1102 0.371878
201 0.273625
708 0.758631
471 0.440474
1381 0.289937
110 0.259332
1158 0.125666
306 0.428571
954 0.136491
939 0.350451
622 0.323018
1201 0.431985
106 0.355047
820 0.046892
399 0.363978
777 1.414813
17 0.485960
656 0.279466
377 0.985025
946 1.795320
86 7.577426
582 1.796296
137 1.844403
892 1.235413
6 0.339952
387 0.388487
1363 0.773423
344 0.720341
213 0.132057
295 0.506851
948 0.449884
484 2.300361
359 5.057961
1013 1.043027
1064 5.761434
1189 3.023266
978 0.016959
1339 0.024840
583 0.026663
257 0.017999
304 0.012119
70 0.018782
1287 0.017598
