695 0.228937
1347 0.293706
450 0.033035
394 0.563011
969 0.426706
184 0.507541
277 12.956718
9 0.349023
1398 0.069729
1143 0.023983
53 0.000042
14 0.129722
448 0.134279
56 0.083039
1291 0.485911
447 0.123724
1108 0.717871
1136 0.168290
1258 0.588942
1298 0.092126
1223 0.532543
467 1.159388
756 1.102632
839 0.514384
185 1.055098
1037 0.021483
401 0.838822
352 0.588162
80 1.416267
952 1.268361
122 1.005128
702 1.263365
156 0.686036
619 0.440364
436 0.840880
776 0.419671
874 0.016984
847 0.683667
970 2.182296
85 1.125836
836 1.046513
590 0.667507
1010 0.151470
889 0.171022
694 0.261199
1017 0.387573
33 0.022653
592 0.109886
963 0.195021
1132 0.001158
1159 1.387654
721 0.176714
535 0.535663
596 0.445521
1176 0.785484
775 4.097722
446 4.184464
1154 1.531389
495 0.723139
527 1.016708
327 0.137364
1331 4.427723
709 0.324135
1071 0.528272
1215 0.267610
1098 0.202573
1044 0.361345
322 0.488076
1382 0.284301
