414 0.018504
729 0.061590
592 9.744242
397 0.091130
350 0.077262
493 0.005419
1130 0.076578
60 0.058482
529 0.810300
1109 0.107336
978 0.624017
783 0.497551
1389 1.095629
1230 0.097016
175 0.598983
649 1.152996
1012 1.544363
281 1.348250
815 1.572753
199 0.338133
425 1.362273
348 0.809105
1214 0.556023
1117 0.247148
1173 0.413942
246 1.002241
870 0.702040
632 0.305977
508 0.561175
328 0.543727
1218 1.506774
169 2.040483
327 0.577052
2 0.498010
708 0.274069
583 1.028607
812 1.272127
220 0.532891
677 0.971003
1356 0.094658
678 0.150760
19 0.460123
467 0.285079
310 0.467141
1340 2.260269
1042 0.237616
1200 1.325880
1212 1.095242
40 1.323616
648 1.354935
1162 0.375850
346 0.768072
112 0.085999
841 1.639368
251 0.110147
770 1.104807
1010 0.532337
889 0.601051
694 0.917974
1017 1.362110
33 0.079612
277 0.109886
963 0.685396
640 0.351149
644 0.071243
561 0.487981
1062 0.522148
227 0.340575
686 0.364619
1143 0.264861
