167 0.212855
698 23.397302
371 0.247086
708 0.261412
1025 1.112307
855 0.228889
732 0.201050
8 0.148600
748 0.291541
766 0.531372
867 0.185342
986 0.186827
529 0.396044
1162 0.440954
51 0.490339
1081 0.061525
883 0.019230
222 0.024187
1242 0.060676
34 0.014653
536 0.060551
131 0.034932
441 0.157007
268 0.361714
804 0.143786
919 0.085301
688 0.251563
15 0.070876
585 0.242862
618 0.132490
863 0.298525
1260 0.309301
1043 0.451350
789 0.631196
1252 0.558153
632 0.327852
259 0.113024
1213 0.544093
150 0.427783
198 1.242640
457 1.302130
1294 1.773401
686 1.140987
361 0.945727
1046 0.445520
1264 0.107079
149 0.074827
442 0.355418
342 0.075710
697 0.291864
836 1.379460
824 1.258967
1001 0.297518
550 0.593200
971 0.513583
1268 0.973073
6 0.414305
555 0.014486
10 0.077368
1175 0.020491
937 0.006002
37 0.007513
899 0.050103
906 0.040216
1041 2.029497
1093 2.189866
892 0.637439
1281 1.190946
127 2.548834
776 0.833694
1022 1.401636
559 0.530420
1121 0.291377
896 0.112940
1278 0.011321
1044 0.405777
829 2.654619
286 2.127875
894 3.454879
771 1.749807
699 1.181877
616 3.845172
1086 2.588002
451 3.389185
1222 6.186609
545 5.562781
622 3.885600
233 6.072669
89 5.269509
1309 3.433309
859 7.778233
261 7.361053
554 1.966932
309 2.019348
31 5.532662
1337 4.249749
