485 0.911219
1002 12.456751
1071 1.268698
661 1.207275
448 0.117497
1206 0.749779
37 4.805517
450 0.814196
559 0.041155
915 0.002401
263 0.088104
1264 0.017030
86 0.052897
276 0.001102
487 0.051366
895 1.242603
228 1.236266
461 1.274280
1306 0.996808
176 0.128226
451 1.146798
506 0.731862
343 1.188964
607 0.545619
591 0.436414
994 1.016630
1346 0.041772
950 0.793168
677 0.519724
687 2.057865
1011 0.736206
18 0.455448
809 0.563271
898 1.954026
684 2.093516
21 1.683457
1032 1.806867
1078 0.951607
119 1.546256
153 1.006537
200 0.100881
169 4.793288
992 0.937477
545 0.704569
1376 0.867323
868 0.925629
1155 0.598385
905 3.327275
758 3.160457
1382 1.213210
778 2.286262
1085 2.764698
1159 1.946034
557 2.976323
829 0.191290
1160 4.093127
315 0.062149
56 4.496088
1168 2.931390
621 0.514275
769 0.232119
1040 1.359956
667 1.070260
1318 1.012724
