52 0.225228
993 0.396108
593 23.993910
1003 0.183326
678 0.142622
95 0.277612
475 0.237805
77 0.201157
954 0.521783
1165 0.231093
3 0.645303
1361 0.084059
490 0.389336
543 0.558861
278 0.530736
1160 1.712137
1369 1.361304
1256 1.308024
1184 4.433851
282 0.029779
1149 0.866377
466 5.439924
130 0.986502
611 1.017006
186 0.770168
1257 0.974995
192 1.211292
1049 0.699244
1339 1.111211
1139 0.063113
1236 0.554817
856 0.999560
498 1.292247
179 1.360447
771 0.918607
778 0.704065
258 1.861260
813 1.259865
597 2.641014
1349 2.623192
708 1.164584
1372 2.030845
932 1.894539
1227 2.645043
1216 0.815861
643 0.827786
640 3.627729
1143 3.312624
1400 0.035735
1108 2.080384
255 1.253194
561 4.567413
23 3.731213
938 0.800428
605 1.110403
25 1.380141
1146 2.794403
547 0.774980
1088 2.174398
399 4.241703
990 0.919647
451 1.244618
1309 2.739583
1152 0.010775
1281 0.276433
1129 0.549157
1278 0.262019
1119 0.500457
295 0.466126
1213 0.340031
310 0.325739
251 0.540762
704 3.647388
1179 1.722596
453 5.285281
1218 3.320567
