529 0.469070
1109 0.062136
978 18.190400
783 0.288025
592 0.624017
1389 0.634244
1230 0.056161
175 0.346743
32 0.700722
926 1.474371
501 0.384019
180 1.243022
1115 1.780618
160 1.080832
454 0.940249
46 1.271879
1157 5.666510
983 0.364900
712 1.251403
181 0.922638
886 0.072053
474 0.815048
244 4.164564
944 0.007054
1176 0.040497
219 0.032444
442 0.009924
104 0.019099
790 0.021523
60 0.197358
146 0.485278
1210 0.495737
736 0.698334
511 0.309388
1182 0.007107
838 0.429808
236 2.296435
385 1.419159
1400 1.551418
1043 0.068218
392 1.389459
1118 0.103188
1009 0.476635
864 0.182001
178 1.288579
468 0.393644
143 0.729913
1330 0.566733
927 0.605697
1067 0.789931
1054 0.788981
314 1.029973
487 3.477814
163 2.767896
643 0.952290
1370 3.290753
1250 2.361386
321 0.016959
1339 2.819276
583 3.026198
257 2.042894
304 1.375471
70 2.131779
1287 1.997318
242 1.804438
52 1.336722
581 6.949071
1232 0.484440
1338 3.553208
1256 2.549591
215 2.536443
561 1.313390
735 1.941175
705 2.697273
668 0.052234
1371 2.524519
