246 0.085751
743 0.136669
406 11.344433
695 0.075686
1247 0.157596
1096 0.352583
1392 0.008429
112 0.108651
1154 0.733392
899 0.334054
1320 1.123052
1318 0.737936
47 1.137768
48 0.417236
274 0.611814
1234 0.964980
1253 0.186227
1091 0.003178
510 0.192324
1100 0.065256
111 1.933760
304 1.755582
279 0.177473
1037 1.070453
691 0.731954
553 0.818566
908 1.084515
752 2.522080
1011 0.707807
1280 4.912614
303 0.202884
73 2.752826
44 3.150928
1106 2.651035
801 1.920111
247 0.049841
948 2.554342
1131 0.665909
564 2.630543
670 1.118294
1332 1.634414
35 3.371032
121 2.682065
1389 2.730036
893 1.363197
434 4.875202
1060 1.643276
