52 0.624587
993 9.419254
593 0.396108
1003 0.508387
678 0.395510
95 0.769853
475 0.667934
77 0.557834
144 0.473529
1081 0.489831
658 0.179483
904 2.584327
966 0.224989
266 0.375893
157 0.454847
1205 0.311233
40 0.128351
1219 0.007761
1336 0.167487
97 0.096694
535 0.082179
186 0.193204
239 0.129270
1344 0.315037
530 0.541644
1262 0.076004
962 0.270593
925 0.052061
448 0.173379
571 0.576163
368 0.644097
126 0.450822
1197 0.465874
585 0.226801
197 0.359399
371 0.024322
171 0.002049
486 0.011163
430 0.019055
1300 0.023721
646 0.015788
1348 0.331901
902 1.022395
1011 1.356193
1029 0.013654
1054 0.790504
822 1.147267
912 0.740325
479 1.333104
1370 1.595444
906 1.310822
254 1.829413
1220 2.252000
315 1.948007
700 0.512609
706 0.081357
1279 0.281994
191 0.094589
932 0.070357
1368 0.111293
814 0.361303
997 0.211802
204 0.119941
149 2.523400
566 4.366890
1246 3.046919
413 1.981380
306 1.703252
1128 2.737683
861 0.357290
358 1.754301
154 1.648835
892 0.296252
590 1.073889
1229 1.198351
