502 7.317517
5 0.370589
1105 0.152872
732 0.253348
700 0.666004
841 0.175721
1283 0.326562
7 0.335103
1395 0.084111
770 0.652474
898 0.670680
370 0.418728
1136 0.103111
607 0.029609
82 0.499250
704 1.219484
748 0.646344
471 0.855799
672 1.086891
982 0.809550
133 1.148976
161 0.618346
533 0.147779
790 0.801231
1162 0.047397
173 0.225551
428 0.303396
205 0.290520
255 0.155027
160 0.798985
181 0.959997
846 0.385604
514 0.079285
323 0.497402
991 0.238400
2 0.088197
418 0.104012
141 0.106678
773 0.015499
867 1.698930
329 0.069082
132 0.606071
621 1.309894
880 0.652491
367 0.612066
699 0.051883
1040 0.586555
731 0.020616
829 0.342003
977 1.273510
182 1.298408
1190 0.438618
1253 1.074660
1132 0.685145
505 0.826415
863 0.674372
158 2.195371
368 1.701219
855 0.768744
1094 0.447983
360 1.519159
888 1.764506
974 1.196197
