194 0.260503
654 10.356218
795 0.655186
681 0.235138
514 0.813465
1058 0.070721
714 0.164992
21 0.424769
48 0.583471
468 0.650585
59 0.977472
362 0.702962
160 1.432088
1165 0.561740
941 0.848284
1095 0.492252
230 0.059695
1316 0.075228
1123 0.027849
1082 0.775826
1073 0.250390
700 0.398018
1186 1.567377
455 0.320511
408 1.939794
141 0.335162
124 0.435902
803 1.896304
835 0.986064
1295 0.929974
227 1.007277
1308 0.168004
1036 1.898905
407 1.333492
1068 0.773451
995 1.045807
570 0.268662
953 5.682637
51 6.243740
421 2.179800
558 6.434446
1356 0.101341
1258 3.688699
