338 0.012214
23 0.501417
252 0.498712
1298 0.258924
844 0.238135
861 0.236862
1132 0.131738
145 6.328540
378 0.326846
823 0.184556
463 0.200324
231 0.105042
1189 0.546166
542 0.583832
249 0.399081
515 0.026403
725 0.051726
342 0.011638
1296 0.036539
866 0.004019
898 0.135014
307 0.084621
834 0.303349
1311 0.369033
445 0.009038
1190 0.247586
633 0.331835
1052 0.177058
553 0.193634
1328 0.415747
672 1.413801
682 1.564872
211 1.787506
200 0.055524
1398 2.956559
749 1.612042
312 0.668539
1348 1.096687
863 1.063013
505 0.557313
82 0.922307
206 1.350855
873 0.695311
148 0.005439
717 0.195152
43 0.144899
735 0.095356
388 0.202974
538 0.049798
922 0.103905
578 2.286879
772 0.167180
1045 2.826707
1246 0.948877
770 3.034076
1017 0.398205
972 1.572251
