1351 0.071578
115 0.023424
261 0.070342
1012 0.074908
995 9.921895
271 0.377593
914 0.253247
11 0.192897
1294 0.314574
1223 0.803627
723 2.091504
1281 0.649270
764 0.131172
1166 0.555715
149 0.505166
1094 0.366688
1187 0.617646
694 0.033775
284 0.935199
1366 0.503811
108 0.608026
266 0.552284
1248 1.375571
92 0.136751
1091 1.311437
598 1.083908
939 1.365136
1007 0.226933
547 0.722460
856 0.889957
257 0.302544
1155 0.190949
880 1.170326
1004 0.023384
629 0.753650
81 0.016765
494 0.026297
965 0.015611
640 0.004807
405 0.007930
139 0.010876
733 0.987324
1319 0.184619
360 0.044219
1171 0.057602
1258 0.038070
1044 0.031809
1386 0.060249
841 1.583434
1277 1.047134
1133 1.263373
289 0.717341
930 2.024921
923 1.568181
654 1.045807
1295 1.140143
227 1.234915
1308 0.205972
1036 2.328046
407 1.634853
1068 0.948246
633 0.247780
177 2.244826
172 1.275924
212 3.228383
1093 0.194389
1334 2.627748
