877 0.590351
822 0.102387
172 0.237974
1092 0.676666
763 0.680536
672 0.333554
700 0.300454
201 9.892614
764 0.042914
137 0.198707
184 0.032840
1013 0.165735
1284 0.164064
740 0.081357
467 0.099548
1171 0.261059
321 0.273625
527 0.359755
1102 0.284034
492 0.624198
708 0.579429
471 0.336426
52 0.614895
1078 0.840795
1221 0.297986
245 0.767310
1268 0.051966
565 0.425406
614 0.448477
561 0.730706
1200 2.959539
857 0.349416
1182 1.270057
962 2.313040
1233 0.029090
894 1.851114
1038 0.441602
853 0.176645
1298 0.291806
103 0.888691
562 0.677893
588 1.291736
1070 0.759398
975 0.507692
976 0.218831
830 0.748815
1213 0.378930
903 0.614276
954 0.309631
1157 0.451687
236 1.028206
49 0.854229
645 1.148270
23 1.490002
819 0.849407
949 0.672328
1222 0.749522
401 3.075775
288 3.961903
344 6.263886
666 5.610810
530 4.229169
15 0.367619
1377 3.159795
870 1.536969
702 2.124950
1199 0.827730
880 1.237107
425 0.963674
784 0.773741
1395 1.072664
397 0.297675
1314 0.205277
1090 1.207980
142 0.155478
1330 1.146635
515 1.763506
1399 1.033094
