1164 0.272026
384 0.253220
1111 0.438542
1021 0.312425
957 0.410890
762 11.510476
45 0.154366
49 0.238887
44 1.049595
1389 0.408335
637 0.835806
780 0.450091
370 0.409108
1189 1.094934
386 0.738717
1104 0.320022
522 1.413875
619 0.902659
33 0.459395
622 0.314958
1075 1.167083
345 1.668657
357 0.003158
512 0.001684
128 0.000309
720 0.000645
194 0.001340
1070 0.000729
792 0.001752
1227 0.651421
50 0.634061
48 0.437496
34 0.544973
208 0.309460
643 0.581021
1232 0.376264
588 2.692770
195 2.064028
174 0.101553
1376 0.977632
425 0.593974
561 0.379044
1273 2.244520
778 2.157919
1373 6.657223
1038 4.090989
75 2.778281
39 7.174136
724 7.488734
1317 3.820817
