448 1.417467
612 1.932013
364 4.217000
96 0.454034
697 0.428333
1071 0.484478
632 0.350866
111 0.280644
881 0.471577
1270 0.553053
1279 0.344672
586 0.072250
1276 0.353701
196 0.076216
179 0.308798
1190 0.034448
781 0.034339
627 0.013894
1319 0.046178
1267 0.026161
1383 0.007706
233 0.024712
169 0.092836
565 0.702885
3 0.688213
775 0.823670
824 0.598487
487 0.732594
324 0.309600
88 0.289785
630 0.024103
384 0.728881
1098 0.951031
685 0.628470
288 0.779716
525 0.804226
661 0.018915
681 1.289472
752 0.762574
437 2.056392
1120 1.482155
529 1.059525
983 0.589846
894 0.422403
727 0.096069
774 0.884688
595 0.820601
1322 0.720709
