1369 0.749334
1399 0.268326
512 24.515141
1307 0.628375
1035 0.500072
1168 0.562857
292 0.791584
50 0.534825
1192 0.045986
454 0.751765
1217 0.905770
1071 1.607208
234 0.890888
727 0.861988
275 0.536172
1062 0.323867
801 0.152239
476 0.211921
795 0.173313
1368 0.123703
394 0.340294
719 0.385604
200 0.580401
484 0.359120
504 0.343591
280 0.395306
728 0.164143
599 0.304341
477 0.067909
1255 0.778773
114 0.046780
1250 0.585713
143 0.195171
911 0.887653
624 0.709164
745 0.565750
757 1.388613
1365 0.262469
874 1.392083
1375 0.539734
249 0.575275
761 0.766983
762 0.001684
357 1.590094
128 0.155479
720 0.324601
194 0.674839
1070 0.366800
792 0.882272
541 0.522388
71 0.233931
23 0.186587
1224 0.811937
505 0.265833
306 0.561977
969 0.479079
1065 4.236523
507 2.698811
1165 1.992503
1049 3.645319
1024 3.477837
955 3.615687
1042 2.128458
679 0.017069
18 0.797883
399 0.853341
606 1.014189
1378 0.903805
1059 0.594332
1013 4.016388
162 0.796977
248 3.100504
774 1.890487
950 2.863873
1113 0.540698
1149 2.059143
497 1.037730
635 6.089840
577 5.349227
480 1.682670
348 3.283310
1174 3.967043
1153 3.188021
136 1.109201
1316 3.579443
771 2.013221
875 1.511982
1185 1.948550
12 4.639029
615 2.263424
197 5.558183
1338 2.803281
749 5.001948
130 2.419668
1191 2.819035
520 0.113458
1330 0.075216
1045 0.974535
545 0.319971
126 0.821026
381 0.551323
1279 0.488049
1277 1.193612
673 0.101946
1243 0.455115
986 0.715536
621 1.281227
539 1.878982
