414 0.008077
729 0.026883
592 0.005419
397 0.039776
350 0.033723
493 9.631993
1130 0.033425
60 0.025526
1137 0.027818
559 0.136194
746 0.160544
148 0.023854
632 0.034991
417 0.034596
94 0.089294
80 0.452457
1191 0.311372
1150 0.485614
1290 0.150816
400 0.278977
1076 0.374548
267 0.441578
1074 0.339669
763 0.238558
639 0.281928
920 0.148834
822 0.258809
226 0.119975
336 0.212968
52 1.084657
308 0.913823
1253 0.731795
1132 0.185318
188 0.515383
728 0.953142
913 0.048679
975 0.253606
1339 0.109317
1328 0.254377
1296 0.549519
106 0.158773
670 0.169368
738 0.096664
950 0.465688
456 0.376871
95 0.013539
141 0.732142
709 0.470142
359 4.210849
808 2.678350
176 0.381047
325 3.923848
990 1.500574
316 0.059040
937 2.226484
1337 2.182486
1102 3.771833
947 1.801332
528 3.950332
93 3.723222
582 1.861370
1139 2.506002
