1156 0.175428
275 0.133988
1169 0.206507
740 27.352527
205 0.124329
600 0.388286
469 0.005651
163 0.214349
1102 0.015368
1374 0.216682
54 0.695719
528 0.618919
1159 0.309514
879 0.111999
181 0.439620
868 0.079272
204 0.062755
1249 0.082842
427 0.061946
806 0.100239
98 0.049052
242 0.054894
392 0.087698
751 0.210663
363 0.223224
1208 0.061895
206 0.192756
1028 0.177026
319 0.125530
201 0.081357
764 0.189551
137 0.877690
184 0.145054
1013 0.732053
1284 0.724670
467 0.439705
368 1.667074
492 0.722018
1024 2.535646
694 0.922743
1212 0.961615
128 0.565828
717 1.362415
88 1.643923
438 0.361010
644 0.080666
553 0.998878
652 0.821923
749 0.145016
776 0.450109
571 1.084139
373 0.047332
640 1.634069
1191 2.479808
1373 0.769131
1303 2.623767
747 1.643660
213 1.856816
48 1.617780
1162 3.212617
1369 0.471996
1081 1.743094
712 3.984610
946 2.190382
183 3.010226
167 1.047319
1147 2.009030
837 0.125450
38 0.994297
954 1.650444
1336 2.405225
301 3.548152
1059 1.922441
127 0.081963
1183 5.441790
986 2.229831
1000 2.314153
272 6.861353
1339 0.644942
459 0.359867
910 1.553556
401 6.185464
1285 3.982108
261 0.839888
503 2.372898
645 0.344188
223 3.850237
220 2.557050
371 3.403946
1293 1.933635
