695 0.076755
1347 5.017183
450 0.011076
394 0.188758
969 0.143060
184 0.170161
277 0.293706
9 0.117015
1398 0.366620
1143 0.126099
53 0.000220
14 0.682051
448 0.706014
56 0.436601
275 0.097101
1037 0.501112
1106 0.810530
74 0.141345
1360 0.326493
313 0.735713
203 0.534864
1280 0.051342
1319 0.119434
222 0.127475
841 0.220719
1316 0.110752
537 0.166473
532 0.120082
1345 1.560897
1276 1.082940
670 0.261637
322 1.618471
1158 0.568909
921 0.241124
1087 0.923390
1017 1.789116
886 0.692590
12 0.371996
992 1.337755
175 0.318775
126 1.579114
1202 1.006832
1036 3.642291
211 1.381519
810 4.229664
858 2.741035
1193 1.517595
1355 2.665269
613 3.115811
