1354 0.029243
239 0.050872
1375 0.074504
878 0.069441
417 0.017194
726 8.675186
926 0.048395
158 0.041847
471 0.994516
281 0.899895
121 0.898099
1146 0.519430
1012 0.842013
860 0.282013
368 0.537735
1000 0.417590
302 0.864035
1123 0.854518
326 0.456731
1128 0.781427
605 0.801417
492 0.490389
555 0.691852
234 0.211094
15 0.153591
618 1.028581
653 0.270580
921 1.050974
511 0.791244
1126 1.887437
1177 0.987818
935 1.558288
658 1.252746
1071 0.833853
725 1.250567
602 1.052197
608 1.387266
831 0.034588
16 1.164872
250 1.617172
1047 0.210563
1215 0.387520
499 1.217555
711 1.357884
668 0.240023
1053 1.823212
176 1.470938
880 1.749177
388 1.686705
729 1.087458
71 1.296179
1195 1.512338
299 1.532025
816 0.201026
723 3.738879
1301 2.659750
1089 1.982231
