1042 0.234683
547 0.104387
965 5.867098
311 0.373307
354 0.467661
269 0.273190
903 0.373600
219 0.300398
1252 0.094713
196 0.079474
314 0.006991
1006 0.234138
1169 0.229896
310 0.139580
363 0.153501
5 0.463286
632 0.343157
651 0.137039
912 0.092731
716 0.238182
57 0.422141
388 0.331034
1012 1.188851
1175 0.999173
361 0.584033
179 0.353223
280 0.178783
386 0.566291
505 0.642605
961 1.663769
1243 0.913773
84 0.704120
1393 0.718665
579 1.210417
867 0.277397
521 1.490545
81 0.290341
494 0.455420
995 0.015611
640 0.083248
405 0.137328
139 0.188361
733 0.474644
74 0.933656
1225 0.949314
524 1.426901
984 0.167190
446 1.995665
169 1.727655
811 1.074831
18 0.472740
802 0.642066
683 0.500778
976 0.572045
1299 0.208580
831 0.401658
1160 1.752951
360 2.303103
688 1.650700
646 0.282573
296 0.410254
1209 1.667075
423 0.453191
