571 0.128268
486 15.636402
1047 0.158547
737 0.166991
470 0.102113
203 0.066514
116 0.003305
109 0.121950
283 0.971439
785 0.169429
517 1.164403
550 1.200772
1056 0.308650
1367 0.765130
382 0.839238
18 0.526005
903 0.894793
687 0.225499
1029 0.627077
185 0.424327
70 0.259427
979 1.076794
371 0.786667
475 0.273940
993 0.011163
171 0.066277
430 0.616294
1300 0.767228
646 0.510626
1372 0.563190
331 1.065059
1189 0.741638
276 0.261882
1281 1.693046
439 0.983024
649 0.863982
1080 3.384981
637 0.508726
1358 0.032182
1097 0.836513
209 1.529309
552 0.989958
783 0.806297
1319 1.028236
1394 2.001985
566 1.366496
1087 0.676480
445 2.114297
293 1.159456
1021 1.230290
1165 1.412784
843 3.110478
390 0.248582
696 2.138336
295 3.128706
1123 1.569481
1140 2.087282
691 0.342852
645 2.504857
681 3.456297
148 0.509018
1154 1.903144
1196 2.032869
1167 2.333700
1089 2.058956
1212 0.773415
74 5.769414
808 1.061190
376 1.202902
1246 2.922579
