48 0.134176
964 3.223305
765 17.930515
157 0.270709
177 0.195130
1251 0.014211
1238 0.056812
47 0.136528
313 0.207983
917 0.072588
923 0.032088
600 0.314384
377 0.214456
418 0.452812
176 0.260027
340 0.853381
625 0.543278
516 0.737447
434 0.437696
1128 0.173390
431 0.816839
187 0.410677
741 0.738203
473 0.617645
615 0.246888
1171 0.317521
1154 0.552234
738 0.747355
208 0.377206
156 0.206010
154 0.283726
192 0.107458
339 2.172483
261 0.214552
645 0.124769
1375 0.340268
1376 0.389261
283 0.658428
320 0.682885
414 0.344469
947 0.015016
120 0.016635
1119 0.004630
438 0.009733
713 0.017586
1167 0.007123
595 0.009610
1372 0.147766
683 1.675620
972 1.255443
285 0.579504
1097 1.628659
1363 1.118701
658 0.257242
271 3.490914
86 2.299354
488 3.369568
1313 0.430620
910 1.939585
135 1.931844
802 0.744683
495 2.463529
150 4.443202
558 3.295689
992 3.264073
1117 2.507112
912 0.521388
914 0.024722
439 0.503304
1139 0.145025
918 0.683689
810 0.684298
1190 0.425628
1331 3.989954
1050 7.957767
777 0.038083
550 0.794820
1215 0.464094
1086 0.366132
1271 4.026155
