952 1.027435
713 0.762226
1343 0.742749
242 0.629041
154 0.202447
706 9.307054
1305 0.748666
401 0.586106
1112 1.141451
303 0.837413
387 0.141987
1123 1.074672
275 0.108023
747 0.975435
183 0.919727
1250 0.231202
1327 0.073020
318 2.431621
1291 3.549096
1246 1.222233
1111 1.201804
840 1.580122
599 2.395359
588 1.286596
732 2.665752
744 2.298439
1059 0.074233
658 1.776498
957 1.415592
1279 0.657875
191 0.220671
993 0.081357
932 0.164138
1368 0.259641
814 0.842899
997 0.494121
378 3.274021
412 0.794145
1136 0.837177
350 0.858144
724 2.108392
1258 0.728174
1051 1.903442
1346 2.200292
210 0.078487
1006 0.742946
764 1.176096
197 0.720791
139 1.746623
1241 1.119599
462 0.359546
70 0.921113
19 0.065494
1377 0.464498
695 0.679651
1280 0.644076
