935 1.723243
348 0.024624
148 0.279672
105 0.084828
1257 0.306481
997 8.758608
472 0.244992
74 0.193032
14 0.054114
151 0.144563
852 0.154256
800 0.102092
520 0.260668
1148 0.262547
110 0.144350
572 0.975302
929 0.276274
830 1.218678
1027 1.020604
856 0.047106
59 1.355961
500 0.779420
1369 0.538033
577 0.042694
1132 0.981623
279 0.033501
206 1.053235
25 0.345416
557 0.574241
585 0.287801
1264 0.495457
202 0.059276
771 0.538286
709 0.042741
1322 0.654137
612 0.345819
253 0.206367
688 0.743482
316 0.543889
847 1.266433
280 0.668191
605 1.257938
742 0.754000
86 1.976908
1133 1.333318
1062 1.550720
655 0.305436
169 1.919219
927 1.204760
706 0.494121
1279 1.712690
191 0.574489
993 0.211802
932 0.427312
1368 0.675940
814 2.194376
480 1.578572
64 2.842218
703 1.469177
340 1.631071
627 1.271849
945 1.705604
1295 1.631821
45 0.708130
1153 0.345223
167 2.824511
691 1.402633
10 0.808207
729 4.305852
1379 2.350299
