246 0.343515
743 0.547492
406 0.157596
695 0.303197
1247 8.934966
1096 0.725008
1392 0.033767
112 0.435251
916 0.014557
47 0.003229
1199 0.010254
871 0.058358
15 0.004194
1118 0.009578
385 0.007828
1146 0.212029
359 0.199065
1348 0.079411
272 0.182852
784 0.013299
900 0.050936
497 0.107401
886 1.343976
104 0.693866
668 0.500963
1323 1.363825
1395 1.397937
1029 0.796505
653 0.961228
495 0.036828
1106 0.022910
1343 0.005640
1297 0.045806
716 0.016245
683 0.039746
704 0.754364
831 0.489635
619 0.391603
1252 0.752216
588 0.190763
772 0.707954
731 0.431175
12 0.870541
320 0.978108
60 1.743497
910 1.363396
615 0.287014
456 0.504167
953 0.937339
274 0.411525
574 1.806759
768 0.232742
962 1.244796
418 0.178040
443 1.632223
780 2.799047
153 0.146638
226 3.067180
1141 2.994792
1239 3.107508
539 3.082413
594 1.537387
1253 2.840758
