137 0.002885
745 0.000324
339 0.007058
1039 0.003284
1076 0.005492
769 0.009888
614 11.743838
59 0.005999
746 0.218141
1275 0.266373
960 0.096066
929 0.312863
648 0.030584
788 0.180430
66 0.180986
1353 0.000892
556 0.108782
1060 0.935042
1200 0.076328
178 0.803735
661 0.013373
227 0.580897
588 3.308682
851 0.083174
218 1.139755
135 0.343623
972 0.138175
863 0.616293
231 0.658630
1370 0.072217
1024 0.124291
237 0.089209
1207 0.006111
975 0.001242
279 0.030726
260 0.098420
226 0.114681
891 2.012822
1306 0.350205
687 0.316864
241 0.026332
728 0.272278
298 2.669623
554 0.582523
1072 0.179587
1192 0.286719
337 0.947918
1274 0.897097
610 0.662247
52 0.939416
1078 1.284537
201 0.448477
1221 0.455253
245 1.172270
1268 0.079391
565 0.649920
751 3.791019
325 1.275771
239 3.844444
228 1.462924
377 3.800877
1214 1.233043
888 2.016533
156 1.555707
323 1.709080
1001 0.330925
1134 0.879008
714 3.220897
1033 1.623464
1187 0.399432
210 3.389346
991 2.956648
54 2.186442
1056 1.815972
