713 0.429015
1270 0.394423
1095 0.259214
876 0.399709
78 0.049569
666 0.194609
429 0.501527
36 14.985712
143 0.076946
867 0.063003
638 0.086703
1027 0.022510
1203 0.137382
186 0.027162
253 0.073599
118 2.575074
245 1.475328
933 0.703172
1077 0.636635
821 0.080827
1110 0.309123
286 0.773536
170 0.585829
1392 0.111525
1357 0.468762
545 0.518323
241 0.138323
1085 0.106184
333 0.360424
91 1.663564
1359 0.219428
437 0.425283
1329 0.244093
131 1.769794
860 1.334716
724 0.921046
542 1.150428
1254 0.443203
1316 1.537695
347 0.731730
537 1.463021
1043 0.934330
757 1.704902
1256 0.785111
1246 0.645250
381 0.097742
1342 1.574278
47 0.743278
1276 2.451827
744 5.290736
882 4.114921
1092 2.998449
103 4.725290
1132 0.966396
764 1.744618
1311 2.709311
854 5.354173
844 4.055624
177 1.515073
830 6.556889
536 6.793711
643 1.766067
1367 3.399120
