947 0.503819
1232 0.433802
640 0.361929
393 0.032795
1088 0.524062
604 0.015761
1199 0.108051
81 10.532962
134 0.427623
1226 0.889545
351 0.763469
964 0.893150
793 0.109674
310 0.314774
291 0.470689
882 0.172289
1381 0.467541
1346 0.411061
282 0.494590
784 0.290107
1291 0.529143
346 0.378246
527 0.068718
832 0.073385
624 0.027199
951 0.105940
1043 0.092818
866 0.051128
469 0.056604
255 0.721908
347 0.367706
419 1.432001
814 1.245261
1036 0.632744
732 1.370981
573 0.732025
675 0.285695
709 0.745238
237 0.070994
594 0.800699
842 0.943397
1070 0.527823
576 0.544148
494 0.489082
995 0.016765
965 0.290341
405 0.147479
139 0.202284
733 0.509727
801 0.456265
51 0.527736
570 0.768882
1213 1.590286
266 1.709569
1371 1.165284
748 0.906947
206 2.275407
283 1.555132
258 0.025045
1038 2.410127
870 0.509001
606 0.649624
977 1.411757
990 0.643516
357 1.526821
320 4.158187
1339 2.979469
998 3.813703
647 1.316199
1010 2.612800
