359 0.148969
88 0.546476
1206 0.392939
1040 0.069719
75 0.283794
1181 0.505051
544 0.358598
87 9.027454
1212 0.869168
613 0.521593
586 0.606774
967 0.285285
913 0.861742
1054 0.162610
140 0.561965
1246 0.221731
80 0.344297
779 0.177686
1080 0.251715
1107 0.176507
1314 0.188341
173 0.232569
529 0.295713
1152 0.163821
712 0.359591
152 0.312021
73 0.335622
108 0.080369
374 0.365532
128 0.340503
770 0.760556
481 0.257210
1150 1.364632
1189 0.016943
470 0.769350
1263 0.078803
1098 0.051265
886 0.031311
785 0.053300
225 0.074947
536 0.079132
510 0.050541
72 0.137995
721 0.087805
652 0.320136
1260 0.230424
241 0.030064
664 0.171571
678 0.986017
763 0.915193
782 4.304308
914 1.801965
752 2.186474
1229 0.694132
693 1.138339
629 1.511163
393 2.068188
957 2.691008
1127 1.593190
350 2.324494
966 2.073660
353 1.388907
1349 1.980065
952 2.084290
594 0.167467
1356 0.507780
943 0.374690
1007 1.123258
