1155 0.126720
140 0.204764
1273 0.242280
781 0.113697
761 0.009272
828 0.171535
818 9.867654
3 0.145259
518 0.079278
154 0.108988
1363 0.033261
478 0.018255
245 0.016349
910 0.080651
78 0.059890
1099 0.004952
1161 0.045470
301 0.817633
1029 1.575299
455 0.197075
383 0.794980
1350 1.559698
299 1.890362
659 1.078402
595 2.904808
1017 1.428232
837 2.819110
953 1.994624
980 1.475191
34 0.283837
71 0.307334
166 0.031398
908 0.245064
669 0.363879
306 0.080953
1148 0.245488
21 0.498220
797 4.767230
464 2.535821
610 4.541032
596 5.559006
274 5.726392
1236 3.604146
525 0.085177
345 1.194179
540 0.217004
453 1.032112
558 0.560108
1357 0.666416
1340 0.706068
