467 0.302537
1149 0.296396
913 0.346177
688 0.126956
339 0.175802
690 0.211223
991 0.143487
65 6.485483
1305 0.024473
537 0.027402
610 0.012029
1196 0.040618
776 0.011722
475 0.055103
1198 0.216521
1021 0.310308
1039 0.194062
561 0.240114
1027 0.287958
333 0.392662
514 0.268325
474 0.409501
711 0.194070
387 0.058508
1184 0.431412
1150 0.360863
1010 0.231022
541 0.228264
202 0.400622
1306 0.505359
508 1.185734
854 0.669990
40 1.105386
811 1.373520
606 0.883120
204 1.589261
1124 0.344351
459 1.940417
1195 1.458089
988 0.919108
465 1.847011
837 1.130782
543 0.910568
1374 1.401340
694 0.096951
1316 1.631578
710 1.309139
1392 1.791800
853 1.045747
1283 2.380480
657 3.048137
1391 2.699616
392 0.596001
793 3.781281
173 3.122711
1152 2.020753
915 0.100210
1259 0.051862
435 0.117674
522 0.239847
26 0.061211
559 0.198312
1199 0.124351
