1049 0.006796
1110 0.014898
1289 0.054955
141 0.005922
1124 3.422067
694 0.058089
1040 0.007809
12 0.031018
1372 0.422274
518 0.190339
1344 0.176380
756 0.048849
305 0.205244
419 0.176564
13 0.118737
1000 0.887076
310 0.619649
1156 0.762035
809 0.559688
1126 0.032746
172 0.215098
124 0.484157
204 0.423177
459 0.516680
1195 0.388249
988 0.244733
65 0.344351
465 0.491809
837 0.301096
1323 0.224937
721 0.200024
198 0.118920
240 0.209422
250 0.292116
1244 0.227818
844 0.167510
214 0.150422
720 0.482016
598 0.742966
1220 1.020929
1318 2.173943
597 2.828903
338 2.230859
147 1.232200
705 1.359730
267 2.272929
50 2.382953
432 1.328937
1355 1.438004
