1340 0.142873
1021 0.614674
282 0.404839
1042 0.480515
949 0.877357
432 1.492863
552 18.055823
97 0.492818
20 1.024281
1159 0.150433
117 0.054597
1132 1.851152
907 0.224888
181 0.232332
211 0.140702
770 0.508391
917 0.091799
310 0.781360
4 1.088550
522 0.782137
247 0.684958
291 0.302348
144 0.196056
1302 0.054596
645 0.286799
629 0.285345
633 0.192338
375 0.818702
1202 0.383903
985 0.490625
244 0.328764
499 0.812601
594 1.025191
252 0.332882
403 0.698165
979 0.840519
1356 0.513411
1387 0.192589
750 0.631453
352 0.611166
16 1.078552
491 0.546974
308 0.287624
517 0.637018
852 0.735149
862 0.425260
82 0.699167
1267 0.264106
621 1.035899
440 1.188670
1106 1.010222
934 1.013253
338 1.153479
435 0.792821
568 0.621710
1044 1.890310
847 0.047815
234 1.172564
679 0.993973
68 0.089263
1054 2.459325
644 1.283400
1080 0.051725
486 0.989958
637 0.700846
1358 0.054613
1097 1.152421
209 2.106850
783 1.110794
140 0.638448
240 2.521230
203 2.994810
727 2.667268
697 0.854019
1367 0.776847
913 1.556847
895 1.711253
1137 1.420355
1128 0.198652
903 0.547611
1303 0.930622
1006 1.354088
623 1.179150
237 1.435638
1371 1.163163
792 0.959891
576 0.872212
156 1.379011
1069 0.855137
218 1.258071
1152 0.591052
452 1.701971
84 0.099765
1287 1.400426
1166 3.084469
14 4.142445
738 1.262229
1275 2.351574
1182 5.263754
530 4.171541
1249 2.732477
