359 0.185496
88 0.680473
1206 0.489288
1040 0.086815
75 0.353380
1181 0.269922
544 5.304831
87 0.358598
267 0.220206
283 0.037642
641 0.075215
885 0.051709
854 0.217531
879 0.229746
452 0.143954
151 0.769933
440 0.418816
688 0.078450
983 1.083479
1217 0.014909
1373 1.046678
1197 1.133422
545 1.203185
41 0.599657
108 0.210226
1365 0.898659
258 0.381487
237 0.070646
712 0.847700
1132 1.325964
1024 1.350364
118 1.493545
1392 0.482953
1103 0.160480
859 0.639267
730 0.976632
793 0.739680
460 1.276058
1085 0.906765
795 2.207725
1309 2.752908
977 2.883798
861 1.492325
