1200 0.313688
328 12.304794
530 0.416145
360 0.119371
356 0.406459
959 0.501254
385 0.432395
53 1.747652
955 0.403382
393 0.639413
1219 0.824490
949 0.218549
669 0.145793
498 0.045293
810 0.543775
313 0.908463
1353 0.977336
1184 0.681276
257 0.848094
1225 0.846663
378 0.847469
238 0.479745
306 0.727394
191 0.540222
1228 0.475655
281 0.293852
779 0.084118
465 0.380905
592 0.543727
1218 0.504179
169 0.682762
327 0.193086
2 0.166638
708 0.091706
583 0.344180
1186 3.330520
60 1.193940
1276 3.751685
269 0.793824
707 0.461926
1162 6.573347
1262 3.356192
492 5.168265
1062 1.932979
588 6.171168
1237 0.181131
1373 4.111160
397 0.496799
1400 3.092296
