1050 17.928092
515 0.303105
195 2.086974
1031 0.260676
72 0.164760
786 0.768080
17 0.198608
86 0.439700
407 1.000603
958 0.625047
1387 1.135424
420 0.222597
123 0.106209
1272 0.755023
323 0.583182
696 0.948322
255 1.095901
1160 0.067320
683 0.255042
1108 1.074457
941 0.394578
596 0.578772
179 2.156029
451 0.499737
724 1.437549
802 2.131479
66 1.797576
666 1.125245
187 2.495678
687 1.281392
437 0.771323
841 1.857720
397 2.031252
253 0.824231
704 1.575085
1047 0.684934
1230 0.518734
1267 0.124378
92 0.066574
1077 0.529566
1164 0.604615
933 1.545410
28 0.264170
697 2.140436
1116 0.645790
315 1.368810
685 2.584854
401 2.516913
481 1.731227
630 1.037888
334 1.031138
533 1.866681
443 1.124301
966 1.696217
1209 1.538371
507 0.157096
770 0.579348
163 0.931706
759 0.123246
341 0.716565
454 0.729544
1254 0.812445
1331 3.954222
777 0.037741
550 0.787702
1215 0.459937
765 7.957767
1086 0.362853
1271 3.990098
1020 0.546656
554 0.186445
994 0.355554
602 0.013708
1088 0.213980
429 0.404857
1315 0.320266
