317 1.587369
313 0.453584
441 0.547179
1220 11.499306
600 0.169825
438 0.724540
1367 0.499976
563 1.007723
165 0.483081
1091 0.235438
783 0.666920
1355 0.650714
346 0.458200
919 0.406548
647 0.355355
814 0.512857
1331 0.525940
64 0.157219
1073 0.005458
412 0.361063
1165 0.375174
851 0.306455
672 1.586607
27 0.009279
738 0.912838
21 0.852334
1100 1.760216
1281 0.592300
907 1.281558
479 2.349205
1370 2.811503
906 2.309940
254 3.223804
315 3.432791
700 0.903323
993 2.252000
475 0.733736
39 3.080496
943 1.630463
874 0.400648
348 2.994941
768 2.916868
1099 1.575873
1372 0.221885
214 0.096878
720 0.310438
598 0.478500
1318 1.400106
597 1.821926
1124 1.020929
770 0.000178
804 0.221676
750 0.152667
632 0.188125
988 0.389157
265 0.370033
1138 0.201223
2 3.666229
1395 0.942218
979 1.720257
1315 1.186712
1154 0.925861
936 3.451747
318 0.053797
