1372 0.248029
518 0.607176
1124 0.176380
1344 13.724891
756 0.155827
305 0.654721
419 0.563232
13 0.378768
1254 0.297860
323 0.170723
275 0.539997
1046 0.468177
173 0.123408
97 0.178279
104 0.323776
864 0.776917
781 0.046829
488 0.635433
621 0.002941
744 0.964167
594 0.997886
167 0.527432
643 0.404982
568 0.002157
604 0.092628
949 0.340932
598 0.041187
459 0.419454
413 0.256233
239 0.706472
993 0.315037
530 0.847999
1262 0.415366
962 1.478815
925 0.284517
448 0.947529
245 0.529449
465 0.456737
806 0.031475
439 0.391093
113 0.312095
1070 0.338499
734 0.342598
127 0.831190
1325 0.360553
944 1.179678
825 1.001571
292 1.507327
371 0.276810
940 0.558723
897 0.707579
786 0.485776
102 0.354881
513 0.442962
534 0.513606
828 0.441850
1203 4.180120
590 1.033837
400 3.266091
1352 0.049675
606 3.587654
1110 1.691393
442 1.234569
540 1.242067
695 2.515277
737 6.370123
142 6.463372
868 3.191337
652 2.133030
1392 4.090111
