1207 2.356478
169 0.279342
310 0.013144
1243 0.038217
1086 0.038079
133 0.365698
285 5.807738
220 0.187922
988 0.516813
1362 0.114890
646 0.055648
1300 0.198557
198 0.778238
235 0.745113
431 0.110861
270 0.023921
1152 0.413839
355 0.104806
1054 0.368885
961 0.027847
751 0.378397
523 0.214117
83 1.774714
80 0.388726
192 1.773971
1004 0.447852
241 1.664832
146 0.037348
643 1.020602
1372 0.097494
683 1.105548
972 0.828321
1097 1.074563
1363 0.738101
658 0.169724
765 0.579504
1 1.187294
442 1.395691
1167 0.647759
1138 0.076817
53 0.221665
325 1.080814
865 0.701600
384 0.238487
399 2.047853
971 0.061818
1144 2.317325
415 2.740819
181 4.180496
