422 0.011429
67 0.008751
1199 0.061561
1081 0.031234
761 0.032798
99 0.003452
403 7.180584
130 0.032227
722 0.205100
620 0.211025
628 0.113481
695 0.070657
672 0.202986
1246 1.864246
202 0.162585
365 0.067667
51 0.024610
22 0.612788
924 0.576884
426 0.146654
794 0.320568
240 0.623587
1202 0.266285
985 0.340310
244 0.228039
499 0.563641
594 0.711099
552 0.698165
252 0.230896
1346 0.548315
506 0.594127
1224 0.975042
222 0.908558
932 0.149057
345 0.822500
415 0.709896
12 0.670922
1105 0.387295
968 0.546272
1177 0.055344
744 0.776386
463 1.285493
488 0.682750
28 3.799673
860 3.720610
1017 0.152047
853 3.110884
153 2.385104
1062 2.304481
