731 0.006795
1311 0.115209
1302 0.028257
924 0.254374
208 0.208507
485 0.062042
1119 10.446920
290 0.129493
677 1.488085
683 0.637411
761 0.904406
1142 1.176933
1207 0.059642
682 0.911457
371 0.859106
901 0.000421
1135 0.000371
1152 0.086068
245 0.000394
1227 0.000596
472 0.000573
587 0.000404
947 0.499932
765 0.004630
120 0.553829
438 0.324025
713 0.585496
1167 0.237133
595 0.319960
377 0.557544
775 0.299088
281 1.456682
1121 1.416013
333 1.439152
832 1.291588
1084 0.973530
862 0.898491
296 0.522345
1271 0.308319
1267 0.576976
699 0.234022
325 0.152880
1093 0.509112
121 2.072877
1337 0.653067
99 1.015588
745 2.514153
748 1.576445
702 1.501992
50 0.442413
1281 2.195698
1129 4.361935
1278 2.081208
593 0.500457
295 3.702424
1213 2.700860
279 2.286424
235 0.691606
1057 2.928898
534 0.851086
510 1.681908
362 3.037207
1394 2.377240
