1049 0.010649
1110 0.023343
1289 0.086108
141 5.153048
1124 0.005922
694 0.091019
1040 0.012236
12 0.048601
181 0.468975
1254 0.082901
1072 0.083335
546 0.082823
359 0.469995
1199 0.393747
630 0.184143
418 0.004482
502 0.106678
773 0.000668
867 0.073211
329 0.002977
132 0.026117
621 0.056446
202 0.195869
169 0.533317
1278 0.586592
401 0.127189
1001 0.244563
137 0.620925
703 0.409003
738 0.256480
950 1.235622
456 0.999962
493 0.732142
1296 1.020667
95 0.035923
709 1.247441
1186 0.532441
654 0.335162
455 0.108878
408 0.658952
124 0.148077
803 0.644179
835 0.334968
1019 1.996568
671 2.247559
1126 2.923278
855 4.074948
951 3.739768
113 1.686913
1205 2.151996
