435 0.512024
1390 0.323886
231 3.733648
138 0.427507
920 0.634960
1210 0.109454
1103 0.505719
125 0.351255
588 0.488279
851 0.046086
218 0.343824
135 0.190400
972 0.076562
863 0.341485
614 0.658630
931 0.002362
470 1.083749
793 0.061617
471 0.881889
776 0.206732
171 0.006896
237 0.574303
378 0.081034
145 0.105042
823 0.045756
463 0.049666
1189 0.135409
542 0.144747
249 0.098943
752 0.036302
1016 0.276206
1025 0.330027
736 0.518639
969 0.001764
1195 0.558805
446 0.406943
1257 0.747015
89 0.154124
541 0.085221
1294 0.063955
751 0.916887
1068 0.549201
479 0.598184
963 1.158211
333 0.588755
1262 0.228353
354 1.193118
1107 1.222469
489 0.142753
543 0.670264
509 0.118894
1377 0.101669
1332 0.025512
732 0.046919
556 0.129932
361 0.036531
1048 0.957334
426 1.088391
283 0.648358
1319 1.486954
662 0.640823
1158 0.746129
