338 0.202498
605 0.154612
15 0.051266
803 0.051638
707 0.098844
363 13.081663
1009 0.268412
235 0.142445
446 1.185672
927 0.759914
703 1.303365
193 0.382677
1356 1.204565
43 1.407104
293 0.762945
392 0.523984
740 0.223224
751 1.258676
1208 0.369812
206 1.151687
1028 1.057704
319 0.750024
414 0.048183
474 1.095795
297 0.402161
860 1.374785
1047 0.840892
259 0.439676
340 0.750674
1252 0.279776
196 0.234759
314 0.020652
1006 0.691625
1169 0.679095
310 0.412309
965 0.153501
853 0.848858
128 2.301936
890 1.073916
915 1.499752
214 1.380261
1014 1.621146
558 1.231539
266 0.450213
104 0.331968
660 2.276929
1362 2.665439
306 2.519081
183 1.382558
812 1.454893
663 1.818358
1059 1.329115
1309 0.417514
1090 3.629913
463 1.355607
1167 1.066897
817 1.864814
1209 0.549308
630 0.685984
802 0.778930
567 1.245654
667 0.992573
1000 0.537709
1363 0.711615
