903 0.001746
63 0.131397
386 0.008493
1240 0.505226
700 0.302428
787 0.445730
588 0.376337
144 16.817553
1081 0.362269
658 0.132742
904 0.395617
966 0.174030
993 0.473529
266 0.278003
157 4.534485
552 0.196056
291 1.184010
1302 0.213801
645 1.123117
629 1.117423
633 0.753204
375 0.595876
823 0.895083
256 0.833251
798 1.362431
582 1.719587
405 1.549944
99 1.974523
456 1.019474
556 0.032439
1328 1.409892
492 0.383111
448 0.575133
927 0.838642
1139 0.330305
569 0.779633
1392 0.163389
219 0.056286
534 0.254972
1200 0.122017
445 0.028065
702 0.136231
1074 1.266948
896 2.204826
923 2.806459
617 1.502096
154 1.512559
435 1.887059
781 1.721997
1281 0.893797
888 0.816058
828 1.083866
1019 0.903993
1207 1.205396
393 0.228548
919 0.634216
1309 3.234552
1121 2.916666
601 0.769665
900 5.236452
1110 1.641376
287 0.540923
342 1.559907
106 0.848073
361 2.452367
1381 4.309021
1111 0.753687
1136 2.288545
858 0.481716
1265 0.335048
1254 0.262121
857 0.554828
1090 0.967058
1248 0.492260
165 0.463066
1091 0.081454
335 0.256886
392 0.374557
887 0.070250
1277 0.273085
