741 1.362519
473 0.374930
615 0.455686
765 0.747355
1171 0.586056
1154 1.019272
738 13.348274
208 0.696218
852 0.025193
527 0.535507
263 0.126043
80 0.146271
1048 1.124654
1361 0.006463
396 0.633604
743 0.023016
1036 0.723673
369 0.077955
815 0.553985
579 1.421663
901 0.510629
551 0.835742
950 0.163137
456 0.132024
493 0.096664
1296 0.134757
95 0.004743
141 0.256480
709 0.164698
1400 1.094954
1075 0.414468
308 0.611588
694 0.520222
744 3.767428
496 0.509261
230 0.241749
716 0.865308
545 0.215552
261 0.829681
785 0.492166
1378 0.851941
767 0.555999
760 0.447089
672 0.978294
27 0.005721
21 0.525545
1100 1.085341
1220 0.912838
1281 0.365209
907 0.790202
723 1.312076
397 2.347419
1093 1.370041
88 2.742743
977 0.324892
917 1.752441
829 3.195917
265 4.754629
789 3.274174
287 2.126721
177 0.620991
1287 3.676818
1122 2.864879
14 1.363485
552 1.262229
1358 0.003383
1275 0.774020
1182 1.732564
530 1.373062
1249 0.899394
