310 0.923631
774 8.777794
265 0.744211
29 0.658777
867 0.346545
879 0.796206
273 0.254381
344 0.491350
1034 0.226880
191 0.732490
171 0.193317
1355 0.330276
565 0.205696
1230 0.872686
411 0.455254
853 2.102594
992 0.464062
924 0.830004
1090 1.578870
1187 0.511097
468 0.784440
626 1.226752
1185 0.025907
268 1.001519
1378 1.224572
374 0.435807
937 0.424932
601 0.388203
473 1.590698
182 0.354620
976 0.247092
44 0.490448
1057 0.425471
221 0.298404
233 0.289599
981 0.276126
512 1.890487
1013 2.957851
162 0.586930
248 2.283352
950 2.109087
1113 0.398194
1149 1.516447
983 2.205570
894 1.579462
727 0.359225
612 5.139181
364 0.884688
595 3.068417
1322 2.694896
