1385 0.102316
791 0.163634
427 0.657867
1386 0.168881
636 5.181912
423 0.718080
615 0.273959
67 0.407484
1331 0.115032
121 0.069383
793 0.123408
296 0.076295
147 0.086778
1366 0.125126
166 0.133525
252 0.157450
508 0.023307
172 0.124919
1010 0.022199
561 0.086172
148 0.135472
213 0.087625
1129 0.715525
870 0.954097
827 0.321216
395 1.145664
411 0.505510
291 0.165050
498 0.635978
1358 0.056638
490 0.055140
1340 0.041298
1193 0.038103
1352 0.010460
384 0.001411
616 4.151583
1204 0.602669
800 0.881395
1150 0.026029
567 0.470595
208 0.505665
709 1.030029
1239 0.062521
799 1.688771
1116 0.906665
1394 0.190246
985 0.609084
281 1.166782
1174 1.011094
1381 2.869163
1269 0.421854
790 2.132050
1266 2.408742
195 2.902104
1242 2.189178
