41 0.007933
523 0.920192
796 0.129287
683 0.006681
1169 0.115766
875 0.261573
749 25.248765
581 0.474907
1254 0.196699
400 0.730420
1350 0.827023
291 0.960593
494 0.312229
257 1.126843
673 0.687294
88 0.282814
438 0.062107
644 0.013877
553 0.171843
652 0.141401
776 0.077435
740 0.145016
1328 0.220637
672 0.750305
145 1.612042
682 0.830478
211 0.948630
200 0.029466
1398 1.569047
821 0.673219
1239 3.826157
271 4.578700
1163 1.474919
1234 1.375502
1139 1.305759
864 1.008565
324 0.417009
731 0.083064
524 2.063728
66 0.627171
610 1.749852
1133 2.498265
1065 1.843719
470 2.610554
260 1.934470
1146 0.935423
663 1.555630
953 0.809364
1129 1.974443
12 5.167797
512 5.001948
615 2.521415
197 6.191718
1338 3.122805
130 2.695468
1191 3.140355
126 4.572672
282 4.453703
1260 0.510416
2 4.786351
833 2.778302
620 2.421709
1194 2.692039
269 0.040974
349 3.393180
58 1.690316
949 3.660103
1400 2.583966
437 5.053840
691 4.162130
564 3.607764
311 4.792453
1000 5.137478
1261 2.870190
1352 2.837928
