1191 12.821238
640 0.968557
653 0.165463
945 0.301933
1211 2.502521
703 0.019942
611 0.174378
122 0.151541
80 0.156946
1150 0.168447
1290 0.052314
400 0.096770
1076 2.212575
493 0.311372
267 0.153172
975 0.907892
1339 0.391347
1328 0.910652
1296 0.590134
106 0.568398
670 0.606326
571 0.072952
373 0.003185
740 2.479808
1373 0.051755
1303 0.176555
747 0.110603
183 3.002126
167 1.044500
1147 6.336268
837 0.125113
38 0.991622
954 1.646003
832 0.154966
466 0.406576
831 0.476024
322 0.147251
839 0.382862
708 0.418783
985 0.243130
659 0.037427
63 0.063808
868 0.049762
1399 0.193419
209 0.123104
858 0.015689
992 0.113881
12 2.912505
512 2.819035
615 3.037799
197 3.489574
1338 1.759974
749 3.140355
130 1.519132
568 2.142609
216 3.984917
412 1.419092
1070 0.029949
1335 4.912251
787 2.729642
895 5.145947
1318 4.559086
966 3.124083
1308 2.989522
1066 1.952554
828 0.206368
1298 1.576172
625 1.975378
1275 0.125801
1320 1.086695
