448 0.147694
612 1.027567
364 0.484478
96 0.836685
697 0.789323
1071 21.436931
632 0.646570
111 0.517165
1192 0.039966
454 0.653353
1217 0.787196
512 1.607208
234 0.774263
727 0.469258
275 0.465982
343 0.030565
113 0.015469
219 0.051467
1020 0.017877
1270 0.033547
62 0.046222
288 0.026571
485 0.093696
1002 1.268698
661 1.208818
1206 0.750737
37 0.926184
450 0.815236
1263 0.459743
919 0.469824
437 0.328789
1342 0.296747
1117 0.394983
686 0.067121
519 0.274729
272 0.908207
937 0.656063
49 0.240521
464 0.731419
95 0.246045
1060 0.096249
572 0.493263
1126 0.954977
1177 0.499802
935 0.788439
726 0.833853
658 0.633846
725 0.632743
602 0.532375
1168 1.373860
196 0.455869
1046 1.575604
152 0.577842
522 1.671279
19 0.761941
634 0.959380
568 2.374945
1248 0.143912
304 0.618415
659 1.818152
964 3.066570
1018 1.603442
890 1.704280
1042 0.049904
1094 0.019765
870 0.103749
628 0.243775
360 0.185952
1114 0.116391
987 0.153765
773 1.192090
359 1.833020
876 2.761916
657 0.219312
819 0.703804
1159 2.882799
102 1.199982
136 0.496804
1316 1.135114
955 0.921501
771 0.901709
875 0.677207
1185 0.872743
556 4.670470
1229 2.896815
1314 3.383926
375 0.249770
998 3.459735
422 3.008259
1304 2.740119
709 5.133286
1215 4.238105
1098 3.208132
1044 5.722577
322 7.729603
277 0.528272
1382 4.502440
