1342 0.512244
1229 1.387980
114 1.175253
770 1.028056
1336 0.051075
778 0.003173
1122 7.093764
342 0.715442
1037 0.465269
43 1.052516
1157 0.997592
1388 0.180308
181 0.217729
151 0.085779
405 0.949270
536 1.000913
217 0.437820
1175 0.289319
584 0.455010
499 0.601568
1107 0.278195
453 0.507322
1238 0.533904
949 0.358680
630 0.858261
618 0.711754
1223 0.729360
1297 0.672305
480 0.456466
1241 1.712506
1017 0.369740
1121 0.317155
862 1.834758
839 1.168725
947 0.519008
728 1.157803
738 2.864879
829 1.762558
265 2.622193
789 1.805717
287 1.172893
177 0.342479
1287 2.027777
