1310 0.032381
777 0.171865
1115 0.519399
936 2.212644
1266 0.519550
968 0.147653
394 0.056167
35 11.129249
1354 1.199928
889 1.553007
1113 0.931991
576 0.805956
255 1.591794
386 0.938141
517 0.849220
638 0.664730
862 2.856617
142 1.205883
480 2.138439
877 1.155980
1086 1.174963
825 1.787180
668 0.777481
555 0.946899
205 0.987555
937 1.631479
1332 0.015635
1215 0.948729
373 0.262003
1094 1.045861
295 2.060260
238 1.853843
445 1.430235
1253 1.698312
1298 1.369211
472 3.132767
20 0.817723
503 2.327048
1125 1.223198
1145 3.181619
224 2.822583
1314 1.626503
406 3.371032
121 2.973474
1389 3.026656
893 1.511310
434 5.404897
1060 1.821819
