699 0.645153
507 1.954041
462 0.567378
847 6.987482
990 0.081082
629 0.643997
1137 0.634073
154 0.334024
776 0.424128
874 0.017164
277 0.683667
970 0.645126
85 1.137791
836 1.057627
590 0.674595
1044 0.039500
234 0.024502
679 0.020770
552 0.047815
68 0.001865
1054 0.051390
644 0.026818
667 2.234748
669 0.606477
351 1.779899
44 2.631018
1087 2.321204
895 0.614804
713 1.428631
997 1.266433
253 0.388782
688 1.400671
316 1.024650
280 1.258827
605 2.369871
742 1.420485
1319 0.106905
1286 0.024229
1266 0.011020
265 0.245467
602 0.061851
390 0.191625
780 0.153960
195 1.019325
1362 1.273279
586 0.722919
273 0.213434
62 1.553979
386 0.239225
