378 0.154539
145 0.200324
823 0.087261
463 11.910126
231 0.049666
1189 0.258237
542 0.276046
249 0.188693
1389 0.408290
1231 0.473472
244 0.452740
648 0.472233
1228 0.858598
423 0.784061
274 0.858878
12 1.030422
403 1.285493
1105 0.594819
968 0.838981
1177 0.084998
744 1.192398
488 1.048588
467 0.073614
1073 0.111252
1310 0.201586
895 0.053872
1116 0.098187
350 0.101545
655 0.102676
663 0.678171
1059 0.495704
1309 0.155715
363 1.355607
1090 1.353805
1167 0.397908
817 0.695497
645 3.152323
595 1.116628
381 3.160669
1096 1.659040
334 1.152566
798 3.019541
876 1.759485
557 0.334166
70 0.607997
1324 0.098745
1192 0.405558
780 0.045822
1380 0.646185
1144 0.376392
1103 3.054752
474 0.659968
1159 3.453834
1064 3.907737
790 3.242221
860 2.638293
1383 3.740165
