1354 6.072769
239 0.274944
1375 0.402669
878 0.375306
417 0.092930
726 0.029243
926 0.261559
158 0.226169
1355 1.525623
587 1.009203
356 0.624587
1072 0.797452
531 1.172162
456 1.085062
264 0.637771
1108 0.284576
902 1.509402
582 1.347783
1390 1.318224
408 1.341115
1023 0.517743
484 0.820382
889 1.509384
35 1.199928
1113 0.905812
576 0.783317
255 1.547081
386 0.911789
517 0.825366
894 0.152518
551 0.311063
348 0.133791
675 0.278549
477 0.841960
1081 0.489674
511 1.169125
315 3.542115
331 2.184050
1097 2.560173
1029 4.107491
280 1.371033
681 2.469935
