1344 0.123408
1254 0.103843
323 0.059519
275 0.188259
1046 0.163220
173 11.302266
97 0.062153
104 0.112878
1246 0.316280
80 0.491111
779 0.253454
1080 0.359051
87 0.232569
1107 0.251772
1314 0.268653
615 0.579375
387 0.292795
1240 0.744484
210 1.033738
1159 0.216704
971 0.377292
174 0.560979
533 0.526521
790 0.460710
1162 0.168868
502 0.225551
428 1.080965
205 1.035091
255 0.552342
624 0.949405
191 2.045767
1099 0.385406
1204 1.001271
357 0.869930
1100 0.618003
1041 1.234800
154 0.007047
1040 0.002495
1376 0.008321
68 0.006763
563 0.007413
354 0.003134
1094 0.006316
1283 3.021710
657 3.869213
1391 3.426812
65 3.122711
392 0.756546
793 4.799845
1152 2.565083
84 2.813966
432 1.006913
448 4.295786
57 3.747843
447 3.917052
868 0.554744
1270 2.643294
1375 0.808701
355 0.935642
809 0.953449
346 1.171508
158 1.127776
896 1.136106
1302 1.169310
