1057 0.060701
626 0.564684
137 0.163265
660 4.563793
702 0.288275
707 0.435827
515 0.110392
128 10.887247
1219 0.230280
1214 0.634094
1053 1.057267
149 0.963883
229 0.859126
66 0.799488
170 0.568215
87 0.340503
770 0.236562
913 0.061090
481 0.080002
1150 0.424453
1189 0.005270
470 0.239297
1161 0.108215
1269 0.079340
291 0.761438
458 0.094659
569 0.298356
336 0.159347
520 0.406549
437 0.211451
377 0.156766
1011 0.005276
1069 0.240059
539 0.276259
1132 0.135159
548 0.138410
853 0.805061
363 2.301936
890 1.018507
915 1.422372
214 1.309046
1014 1.537503
558 1.167998
740 0.565828
368 0.412467
492 0.178642
1024 0.627369
694 0.228305
1212 0.237922
717 0.337088
762 0.000309
357 0.291629
512 0.155479
720 0.059533
194 0.123768
1070 0.067272
792 0.161812
1218 0.346913
456 0.016130
1036 0.094766
1361 0.503944
124 0.123999
579 0.096549
1096 0.446883
1046 3.348692
20 2.327715
785 0.937082
11 3.110248
259 3.841079
858 3.006379
1116 1.973072
1183 1.450136
17 5.152197
388 4.204710
1238 4.488385
73 3.774046
1133 2.602685
