920 0.517797
21 0.017020
731 13.566551
1331 0.714214
409 0.738512
1160 0.437317
541 0.032771
164 0.375942
1311 0.018773
1302 0.004604
924 0.041450
208 0.033976
485 0.010110
1119 0.006795
290 0.021101
704 1.453101
831 0.943165
1247 0.431175
619 0.754328
1252 1.448963
588 0.367459
772 1.363704
502 0.020616
880 0.112224
367 0.105271
699 0.008924
1040 0.100884
790 0.115566
829 0.058822
797 0.233046
852 0.762177
184 0.512312
1166 0.760341
1261 3.821814
207 2.819866
958 2.037634
306 1.712237
630 1.783087
1233 0.961350
309 1.455379
1173 0.598718
488 1.499013
1045 1.019681
324 0.608666
524 0.072547
749 0.083064
66 0.022047
610 0.061513
1133 0.087822
1065 0.064813
421 3.791937
1023 0.085800
29 5.277077
496 0.314500
1345 4.299501
