1274 0.322692
332 0.171379
1075 0.506370
643 0.177603
255 0.015881
1223 0.575700
425 15.633366
206 0.311109
649 1.061401
1012 1.421677
281 1.241144
815 1.447812
199 0.311271
592 1.362273
348 0.744829
970 0.186713
876 0.387865
578 0.475194
229 0.490249
665 0.068805
761 0.483729
131 0.452147
557 1.854854
566 0.947685
446 1.640683
1300 1.494537
1170 0.847485
203 6.863575
870 4.623481
219 5.160146
664 4.828675
78 2.661616
988 2.995534
529 4.495734
1000 4.569195
1026 2.600353
588 0.643030
762 0.593974
195 0.492888
174 0.024251
1376 0.233458
561 0.090515
1273 0.535989
93 1.047335
365 0.055940
1118 4.660373
735 4.756843
1211 3.566131
1380 3.286207
201 0.963674
702 4.405609
1199 1.716114
880 2.564866
784 1.604179
1395 2.223929
