148 0.011114
473 0.286692
1098 0.406199
192 0.101662
51 0.473069
338 0.223050
686 0.447651
55 7.231280
90 0.088606
944 0.062970
1398 0.023992
1057 0.001798
1349 0.052865
754 0.120906
478 0.282335
635 2.300247
432 0.511783
479 2.036667
1139 2.250337
1319 1.133115
897 2.063768
701 1.233476
783 0.019079
344 0.919931
423 0.026206
935 0.018299
960 0.036776
275 0.057716
779 0.051520
499 4.438393
575 2.570192
1181 1.535536
40 1.471401
784 3.806720
1187 2.694630
519 0.078180
720 1.648496
608 0.003465
1176 1.255098
1322 0.372454
1091 1.789121
1326 1.085609
1152 0.534569
713 0.713822
526 0.828680
27 0.458395
274 1.433537
580 1.074224
1393 0.740281
