695 0.358675
868 0.064549
659 0.115978
679 11.526410
317 0.081726
388 0.252344
123 0.129469
117 0.189654
129 0.257255
155 0.396419
680 0.385901
409 0.196339
828 0.093330
156 0.037305
325 0.232522
1044 1.522834
847 0.020770
234 0.509346
552 0.993973
68 0.038775
1054 1.068297
644 0.557492
77 1.759577
1211 0.696493
275 2.067056
613 0.074622
696 1.782187
289 2.366771
663 1.313240
853 0.006333
449 0.225652
616 1.503770
1138 1.516602
756 0.463745
681 0.116872
865 2.193060
324 1.089842
882 1.577069
212 0.708808
102 1.541935
732 0.512723
880 1.227314
236 1.500860
624 1.866052
1006 1.435232
770 1.606770
417 0.714966
618 1.959362
1049 2.331021
512 0.017069
18 0.054923
399 0.058740
1375 0.027444
606 0.069812
1378 0.062214
1059 0.040911
71 2.143291
800 1.625068
1046 0.402161
609 2.311458
59 0.607041
854 1.437952
1324 2.330513
