48 0.525452
964 0.931353
765 0.270709
157 14.750102
177 0.764154
1251 0.055653
1238 0.222482
47 0.534661
710 0.007066
846 0.015075
606 0.047809
439 0.137792
46 0.198198
1062 0.154245
79 0.156878
1156 3.905680
551 0.266063
315 0.036831
864 0.113381
1176 0.231161
729 0.343046
147 0.230843
144 4.534485
1081 0.347977
658 0.127505
904 0.380008
966 0.485663
993 0.454847
266 0.267035
1129 0.012263
484 0.019889
429 0.017098
224 0.000380
843 0.011185
1026 0.003821
287 0.010989
1345 0.406321
1195 0.628879
1390 1.638810
720 1.387551
69 0.678778
608 1.051007
1287 0.726672
1121 3.238519
532 5.213884
615 2.922605
1051 3.665994
1037 2.721788
1309 2.104590
601 0.500789
900 3.407144
1110 1.043838
858 2.662641
1265 1.851949
1254 1.448852
857 3.066761
1090 5.345325
1248 2.720926
