1385 0.001504
791 3.430060
427 0.009669
1386 0.002482
636 0.163634
423 0.010554
615 0.004027
67 0.005989
14 1.355909
1101 1.350494
1179 0.511173
379 0.278921
634 0.199023
475 1.081056
310 0.756690
877 0.012152
212 0.553147
1011 0.004238
689 0.241634
239 1.053709
647 1.092544
545 0.724049
1204 0.131387
800 0.192152
1150 0.005675
567 0.102594
208 0.110240
709 0.224556
1222 1.668095
1340 1.505672
366 0.471648
57 0.518920
1317 1.170480
152 0.128279
254 1.668506
124 0.602963
1107 0.541791
476 0.527169
174 0.765733
686 0.326360
837 0.257259
904 0.519633
