467 0.877781
277 0.588162
756 0.834810
839 0.389444
185 0.798822
1037 0.016265
401 0.635078
352 9.192216
568 0.848734
887 0.736342
869 0.172332
618 0.046603
889 0.648960
100 1.344820
435 0.680655
979 0.960976
1356 0.586990
1387 0.220190
750 0.721948
552 0.611166
16 1.233123
491 0.625363
315 0.389438
1397 0.223488
564 0.180682
273 0.187259
274 0.310625
479 0.410383
763 0.210577
17 1.703253
110 0.614371
1345 1.786887
1196 1.877906
267 0.827121
1086 1.961761
1015 0.997161
101 1.564279
120 2.687679
1281 5.682815
952 6.117440
1032 0.389932
1245 6.259245
1171 3.294980
