1331 0.264752
121 0.159688
636 0.125126
793 0.284030
296 0.175597
147 0.199724
1366 5.225242
166 0.307315
72 0.074705
1164 0.033496
935 0.047820
492 0.050536
321 0.019223
1207 0.009577
196 0.044620
1094 0.234134
995 0.503811
1187 0.394374
694 0.021566
284 0.597134
108 0.388231
266 0.873219
378 0.417928
1155 0.383480
1008 0.185212
279 0.123574
258 1.405187
476 0.621953
1219 0.478125
377 0.650065
1205 0.075362
1023 0.742955
506 0.186004
796 0.412929
536 0.481432
1276 1.072621
1144 1.574863
822 1.580143
958 1.086851
1233 1.880620
931 1.124887
366 0.449058
1384 0.691061
1 0.597383
1335 0.636359
1202 0.718890
307 0.638125
1321 0.363189
1264 4.367090
301 0.362071
484 0.829113
786 3.930523
761 3.306927
286 4.336664
686 1.333000
