85 0.011004
1361 6.381763
623 0.001853
1103 0.006037
195 0.014553
1047 0.002030
1082 0.013462
15 0.007661
954 0.061392
1165 0.027190
3 0.075925
490 0.045809
543 0.065755
593 0.084059
278 0.062446
852 0.000194
527 0.004127
263 0.000971
80 0.001127
738 0.006463
1048 0.008668
396 0.004883
152 0.815023
695 0.331229
1254 0.801121
161 1.973572
1264 1.142839
1149 0.959162
640 1.227090
1218 1.325251
456 0.061617
1036 0.362018
128 0.503944
124 0.473692
579 0.368828
1096 1.707149
778 4.523920
430 0.780545
71 1.287866
1157 1.243797
1085 1.727823
663 3.737811
289 4.124505
