685 0.478524
1367 0.529497
1089 0.760216
643 0.382616
944 0.664543
189 0.005364
121 1.999141
281 10.068288
989 1.014330
46 0.025832
1180 0.405347
987 0.556704
1037 0.510379
469 0.043633
326 0.724196
649 1.050475
1012 2.605041
815 1.432909
199 0.308067
425 1.241144
592 1.348250
348 0.737162
471 1.414975
1146 0.739034
860 0.401242
726 0.899895
368 0.765078
238 0.521043
306 0.790011
191 0.586726
1228 0.516601
779 0.091359
328 0.293852
465 0.413695
377 1.271911
775 0.682302
1121 3.230316
333 3.283101
832 2.946466
1119 1.456682
1084 2.220889
1239 0.122809
799 3.317221
636 1.166782
1116 1.780944
1394 0.373696
985 1.196412
1174 1.986073
