647 0.413189
841 0.325842
586 0.448750
720 0.244748
801 0.441401
504 0.677551
898 17.043321
16 0.348189
1395 0.064644
770 0.501463
370 0.321816
502 0.670680
1136 0.079246
607 0.022756
82 0.383702
766 0.236648
223 0.166398
1363 0.155942
566 0.332498
733 0.145194
753 0.330613
106 0.169906
515 0.205871
725 0.403313
342 0.090742
145 0.135014
1296 0.284902
866 0.031338
307 0.659801
900 0.214972
1176 3.318426
178 2.737753
1031 3.405574
297 1.036025
1146 3.876281
887 2.127344
1070 0.397995
413 0.649795
1038 1.730881
397 0.511779
1178 1.772293
1133 0.838792
485 0.141997
833 0.102476
85 3.406641
936 2.999089
1380 0.748333
96 0.929387
1098 1.452453
961 1.838801
986 0.348386
1322 0.395957
109 0.367796
380 0.705433
1289 0.766365
1166 0.669304
989 0.421388
687 3.100324
1011 1.109148
18 0.686165
809 0.848609
343 1.265720
684 3.154035
1002 1.954026
930 0.263051
756 1.017513
1341 0.970513
644 1.450475
667 1.784153
889 0.662122
1066 1.147422
1049 0.599088
673 0.776292
45 1.567962
118 1.373355
954 1.726936
1236 1.559751
1260 0.953659
1303 1.332882
73 0.116181
1017 0.314834
805 0.379809
385 1.125734
1295 3.058361
1305 2.240347
