1349 21.201643
105 0.247330
704 0.101547
132 0.467867
809 0.226076
17 0.302805
1015 0.642399
68 0.333417
90 0.032193
944 0.022879
55 0.052865
1398 0.008717
1057 0.000653
754 0.043928
478 0.102580
301 0.177682
589 1.868647
1326 0.661055
180 0.533529
476 1.994179
343 1.812328
615 1.040531
258 1.572425
813 1.064356
597 2.231175
593 2.623192
708 0.983861
1372 1.715693
932 1.600540
669 2.395237
244 1.035960
243 0.117697
848 2.204080
138 2.598854
1350 0.423767
947 1.318002
353 2.850396
952 4.277503
87 1.980065
594 0.343686
1356 1.042095
943 0.768961
1007 2.305216
216 3.774376
183 4.106093
734 2.055070
1254 6.399946
5 3.895605
928 3.493253
1278 3.484746
980 2.457448
643 2.997701
1323 3.646479
794 2.897125
240 4.977789
214 2.736876
1299 2.608622
418 1.058276
161 2.201922
727 0.562578
912 4.097231
1150 3.638507
634 3.907254
153 0.311260
