1295 0.252690
541 0.341430
720 0.298571
174 0.154116
1184 0.176010
204 0.373459
832 11.823480
70 0.196826
16 0.240796
370 0.876886
684 0.559637
309 0.170380
372 1.028745
652 0.782003
397 0.535582
81 0.073385
527 0.849596
624 0.336268
951 1.309783
1043 1.147548
866 0.632112
469 0.699819
317 2.227138
754 0.551829
230 0.244765
224 0.156073
604 1.887188
966 2.059476
579 1.118656
1296 0.828967
350 1.464518
597 0.478539
831 2.999026
590 0.150442
30 0.991130
682 0.854469
132 0.209154
602 0.081772
257 1.137719
1266 1.567868
509 1.624333
1075 0.704424
331 1.795628
1191 0.154966
466 1.344310
322 0.486873
839 1.265902
708 1.384673
985 0.803890
377 1.127758
775 0.604973
281 2.946466
1121 2.864206
333 2.911009
1119 1.291588
1084 1.969183
945 2.017403
875 3.554860
381 2.135836
423 1.314685
1231 3.340293
15 1.975545
1112 1.957801
968 1.208037
60 1.766626
772 2.362222
891 0.362192
751 1.418347
468 2.167003
1252 1.187276
