875 12.819250
222 0.108706
187 0.324862
833 0.594559
209 0.249759
697 0.593308
259 0.471671
354 0.306331
41 0.005971
523 0.692595
796 0.097309
683 0.005029
1169 0.087133
749 0.261573
581 0.357446
1046 0.842833
570 0.023136
557 0.761157
1112 3.391188
1105 1.053914
972 1.306233
238 0.405317
322 0.378740
591 1.696207
986 4.646981
716 0.560175
561 3.924303
96 0.268753
1064 2.727722
945 2.907968
381 3.078681
423 1.895040
1231 4.814835
832 3.554860
15 2.847630
136 0.774084
1071 0.677207
512 1.511982
1316 1.768652
955 1.435815
771 1.404976
1185 1.359844
