81 0.092818
527 1.074576
832 1.147548
624 0.425314
951 1.656626
1043 11.297852
866 0.799501
469 0.885137
1053 0.018379
553 0.663532
957 0.270491
756 0.426288
1265 0.474719
941 0.014265
531 0.401510
618 0.286336
863 0.884690
1260 0.916626
698 0.451350
789 1.870573
1252 1.654108
632 0.971603
236 0.125648
385 0.077649
1400 0.084885
392 0.076024
1118 0.005646
1009 0.026079
978 0.068218
36 0.934330
118 2.040294
542 1.708381
1254 0.658154
1316 2.283471
347 1.086616
537 2.172580
937 3.272734
670 0.990446
245 5.877127
1185 3.431443
642 6.375583
89 3.871119
1178 3.444344
