617 9.647593
1232 0.005600
175 0.122988
1006 0.042955
235 0.365712
1351 0.275129
196 0.360090
88 0.266195
342 0.186047
1186 0.112774
1241 0.281002
1309 0.014723
1350 0.055350
603 0.168546
139 0.176428
310 1.159141
591 0.063897
333 0.234677
717 0.247092
528 0.183828
408 0.022561
204 0.128927
250 1.315020
101 1.005760
445 1.326212
841 0.228276
734 1.298723
998 0.699081
133 0.947336
144 1.502096
1074 0.578728
896 1.007141
923 1.281960
154 0.690921
435 0.861988
781 0.786590
276 0.079740
330 0.296225
1173 0.296865
38 0.245145
1184 0.414311
1095 0.036704
1017 0.240435
27 4.894255
642 4.498255
220 5.610757
1099 2.369400
395 0.122919
1219 3.406966
919 1.753835
867 0.975090
1261 1.751362
334 2.798344
446 0.226314
152 0.118882
1281 1.797122
