975 0.139244
1038 0.094047
75 0.122512
858 0.149679
758 15.637080
882 0.013686
1273 0.169597
80 0.087975
1276 0.840231
630 0.496694
441 0.139827
371 0.077489
576 0.715754
480 0.963108
238 0.510010
409 0.373764
389 0.656028
311 0.430373
1098 0.133178
784 0.036898
650 0.039766
407 0.516761
1135 1.060211
1056 0.911613
146 1.183958
927 0.143137
365 0.990784
565 0.359060
526 0.726046
309 0.995368
1196 0.838213
234 0.162071
121 1.610673
586 0.431704
962 0.190605
187 0.322384
140 0.073532
1182 1.316224
1233 0.710038
828 0.590529
344 0.144383
893 0.861892
776 0.863544
38 0.658343
530 1.846507
459 1.282504
313 2.159614
386 2.699757
657 0.552406
868 1.671058
397 1.520629
84 1.306123
487 1.627236
540 2.290308
822 1.177758
373 2.165287
896 1.573930
777 2.982475
1319 0.725839
660 3.009204
465 2.783577
976 2.370867
653 1.888986
943 1.673698
37 5.437772
905 4.662517
1382 1.700074
778 3.203743
1002 3.160457
1085 3.874176
1159 2.726982
