1233 0.783693
883 1.211527
255 0.844753
90 0.141260
507 1.173479
741 0.894753
843 8.426448
228 0.695585
157 0.011185
1129 0.454495
484 0.737142
429 0.633696
224 0.014078
1026 0.141607
287 0.407282
536 0.583262
1110 0.199751
678 0.560514
50 0.481825
1126 0.010862
225 0.104049
533 0.305665
442 0.227312
975 0.048102
889 0.923545
378 0.698263
1283 0.543251
336 0.720339
580 0.529052
586 1.286192
1390 0.580343
1222 0.269879
1121 0.372089
297 0.038060
656 1.325377
456 1.264987
780 0.669173
28 0.448558
1384 1.012604
1036 2.173006
1205 0.770685
75 0.846293
849 1.154706
1165 1.641543
390 0.288833
696 2.484577
486 3.110478
295 3.635308
1123 1.823612
1140 2.425256
735 0.148131
21 0.041817
621 1.162703
41 0.701825
427 0.245741
407 0.229417
1348 0.599622
