177 9.450522
924 0.386568
852 0.406803
359 0.393343
1378 0.527164
720 0.502454
22 0.253096
31 0.284180
48 0.378752
964 0.671330
765 0.195130
157 0.764154
1251 0.040116
1238 0.160368
47 0.385389
1052 0.254710
1159 0.045951
615 0.269978
980 0.136414
736 1.461145
547 0.028138
1129 0.183822
266 1.885221
955 1.424266
1162 1.881115
1311 1.889786
766 0.951324
839 1.065875
685 1.684917
441 0.738702
653 2.953833
1243 0.645211
1163 0.890404
1176 4.105773
991 2.152372
738 0.620991
829 0.382052
265 0.568387
789 0.391407
287 0.254236
1287 0.439541
1122 0.342479
633 0.180370
172 0.928802
995 2.244826
212 2.350084
1093 0.141504
1319 0.118488
1334 1.912854
1262 0.412677
899 1.119798
1237 0.551022
1376 0.091580
1375 1.053841
505 0.673235
1356 0.652701
36 1.515073
854 1.659768
844 1.257224
830 2.032604
536 2.106018
643 0.547472
1367 1.053711
