143 0.395601
867 0.323913
638 0.445762
1027 0.115727
1203 0.706315
36 0.073599
186 0.139646
253 5.162892
928 0.041345
652 0.405120
622 0.337278
27 0.998591
914 0.946274
685 0.523774
330 0.700677
681 1.406664
637 1.892777
46 0.362895
667 0.203203
1137 0.084587
981 0.951331
402 0.951368
187 0.658737
687 0.338225
1050 0.824231
437 0.203592
841 0.490348
397 0.536152
704 0.415746
1174 0.002653
788 0.016257
183 0.008400
1313 0.012419
802 0.003227
346 0.007077
708 0.010314
997 0.206367
688 0.228242
316 0.166969
847 0.388782
280 0.205128
605 0.386175
742 0.231470
395 2.157045
515 1.373423
1346 2.269263
219 0.274599
711 0.909836
249 0.379583
1115 1.524622
