177 0.527164
924 0.662754
852 0.697445
359 0.674369
1378 12.890142
720 0.861436
22 0.433922
31 0.487215
716 3.212744
738 0.851941
545 0.800307
261 3.080464
785 1.827330
767 2.064331
760 1.659964
1185 0.035590
268 1.375817
374 0.598682
937 0.583742
601 0.533286
473 2.185190
774 1.224572
1059 4.859545
583 2.129871
564 1.666742
1011 1.176881
611 0.438610
45 1.119463
1039 1.408673
679 0.062214
512 0.903805
18 2.908107
399 3.110240
1375 1.453118
606 3.696495
452 2.721762
982 2.008697
892 2.627043
1021 0.721331
915 0.541496
1217 1.676121
409 2.224280
