746 0.334291
1275 0.408205
960 0.147217
929 0.479449
648 0.046869
614 0.180430
788 6.865145
66 0.277353
294 0.128148
903 0.693244
806 0.318315
520 0.645638
422 0.359474
901 0.304559
83 0.423807
1368 0.196288
1185 0.245070
1094 0.329169
613 0.178921
1205 0.181542
213 0.197583
611 0.176795
41 0.368659
417 0.983756
246 0.987423
904 2.476191
800 0.350723
333 0.915499
630 0.495677
1174 0.324189
183 1.026551
1313 1.517843
802 0.394406
346 0.864890
253 0.016257
708 1.260518
882 0.293578
186 0.404848
1082 0.289584
1381 1.609834
666 0.807682
11 0.274212
209 1.648879
618 0.866820
123 0.056830
1171 0.355342
521 2.645700
56 0.082360
1095 1.337566
1323 2.420303
754 1.169339
1238 2.957102
933 1.940956
669 1.306474
43 0.090733
1303 1.776375
