1019 11.894932
485 0.376248
258 1.121459
1091 0.523768
572 0.236748
1185 0.890130
60 0.383980
123 0.591847
280 0.298290
606 1.236633
1195 1.343494
1289 0.313507
839 0.488938
1249 1.282914
721 0.747358
1315 1.758984
1115 3.082227
1028 0.191742
1293 0.883255
375 1.421759
1083 1.378534
850 1.678199
144 0.903993
1281 2.272918
888 2.075230
828 2.756261
1207 3.065312
393 0.581196
919 1.612806
657 1.378676
588 1.435381
1049 1.710976
503 2.315838
1252 2.075998
849 0.294300
748 1.902487
596 2.364854
467 1.251879
1087 1.305034
846 0.107896
1153 3.417306
483 3.491919
1186 1.913178
671 1.754900
141 1.996568
1126 2.282503
855 3.181730
951 2.920021
113 1.317146
1205 1.680284
