377 0.255776
856 7.798556
578 0.311294
1324 0.501371
869 0.499011
482 0.141790
954 0.433909
29 0.321390
572 0.042958
929 0.012169
997 0.047106
830 0.053677
1027 0.044953
59 0.059724
500 0.034330
257 0.332913
995 0.889957
1155 0.210116
880 1.287799
1004 0.025732
723 1.442146
629 0.829298
1139 0.114194
1236 1.003859
498 2.338129
179 2.461527
593 0.999560
771 1.662083
778 1.273901
290 0.982935
456 1.352317
926 1.078555
513 1.521001
333 0.261986
1311 1.637523
867 0.383158
203 0.036475
670 0.711655
711 0.072921
661 0.718573
1120 0.201508
517 0.432570
921 0.418429
610 2.801037
1238 0.760107
1221 1.905244
273 1.475405
232 1.513533
48 1.262316
951 2.025428
