1274 16.353444
332 0.200120
1075 0.591289
643 0.207387
255 0.018544
1223 0.672245
425 0.322692
206 0.363282
1010 0.655091
197 0.815260
1205 0.168664
247 0.372603
884 0.304834
1284 0.253401
440 0.414852
554 0.811058
1072 0.250042
1192 0.399205
337 1.319804
614 0.897097
218 0.722950
610 0.922060
567 2.527816
1189 3.127175
1249 2.680190
1051 2.016008
458 2.543441
26 2.402859
855 1.564428
427 4.029809
798 0.766681
452 0.636630
335 3.896072
824 5.472086
1329 3.275674
885 2.050843
1147 1.638827
86 0.041434
314 3.064308
602 4.010388
436 0.450861
1109 3.053921
324 1.871980
1318 1.243641
1269 3.186664
752 0.973860
1241 1.462038
1209 1.776863
985 3.728963
