1165 0.821229
1171 9.756941
966 0.625928
1257 0.459411
805 0.251084
1230 0.225661
460 0.589694
90 0.428691
1260 0.139627
556 0.506018
646 0.088762
678 1.084132
1332 1.038403
680 0.719210
93 0.565311
418 0.339200
218 0.424113
501 0.350146
868 0.313532
13 0.564836
323 0.319685
107 0.378721
887 0.255226
489 0.215573
1329 0.228966
70 0.103977
1009 0.299962
1369 0.115084
108 0.159463
741 0.578880
473 0.159293
615 0.193603
765 0.317521
1154 0.433048
738 0.586056
208 0.295795
158 0.109569
1364 0.219585
49 0.162331
960 0.006336
197 0.153971
1372 0.186082
335 0.136919
321 0.341797
527 0.449387
1102 0.354800
492 0.779714
201 0.261059
708 0.723792
471 0.420245
1288 0.524746
923 1.011592
1034 0.226840
1121 1.329952
643 0.519330
699 0.467079
689 0.794764
1319 1.350138
360 2.732470
995 0.057602
1258 2.352492
1044 1.965599
1386 3.723031
914 1.998632
618 0.260204
123 0.017059
904 0.584726
788 0.355342
521 0.794192
56 0.024723
1095 0.401513
727 1.411637
796 0.081328
759 0.517946
415 0.176094
943 0.978393
1202 1.064521
1161 1.041513
101 0.813047
120 1.396944
1281 2.953691
952 3.179591
1032 0.202670
1245 3.253295
352 3.294980
