695 0.268027
1347 0.188758
450 0.038676
394 8.705312
969 0.499564
184 0.594202
277 0.563011
9 0.408617
1310 0.006879
777 0.036513
1115 0.110347
936 0.104546
1266 0.110379
968 0.031369
35 0.056167
828 0.295172
23 0.307127
1131 0.029677
113 0.247921
1236 0.134926
197 0.064734
222 0.164735
1062 0.454115
801 0.213465
476 0.297149
795 0.243014
727 0.451565
512 0.340294
1368 0.173453
834 0.422273
151 0.015719
1289 0.269805
188 0.272990
1277 0.257866
461 0.230346
485 1.985056
644 1.421509
507 2.260946
524 0.077991
409 0.999266
1033 1.787128
635 1.245706
1363 0.769166
539 0.507961
1136 1.586982
257 0.709399
1309 0.792076
214 1.984709
750 1.105839
168 3.169970
924 4.727420
712 1.734344
1367 0.146568
468 3.310315
849 0.409242
1097 2.389998
