1329 2.753793
973 0.218280
959 0.080525
247 0.035584
709 0.098519
764 0.213670
1161 6.182705
19 0.249404
907 0.004131
386 0.221349
1210 0.283089
84 0.297250
237 0.385021
1099 0.062211
52 0.208851
901 0.210354
1142 0.420429
563 0.374490
146 0.540353
917 0.637021
107 0.379094
169 0.339418
128 0.108215
1269 0.030494
291 0.292651
458 0.036381
569 0.114670
336 0.061244
520 0.156253
634 1.366660
891 0.909715
1038 1.199403
954 0.531982
571 0.581744
854 0.261803
773 0.735833
301 0.038795
1029 0.074745
455 0.009351
383 0.037720
1350 0.074004
818 0.045470
727 2.283336
796 0.131549
759 0.837782
415 0.284834
943 1.582559
1202 1.721872
1171 1.041513
341 1.265174
488 0.866038
1114 1.265116
587 1.043623
267 0.677054
1076 0.017242
1312 0.733298
685 1.695008
1088 1.915466
7 3.831889
168 1.723355
747 0.907982
478 1.398423
