862 0.050766
1277 9.770945
795 1.497878
49 1.837548
1253 1.105281
455 0.210209
420 1.076001
410 0.963865
834 1.093291
151 0.040697
1289 0.698542
188 0.706788
394 0.257866
461 0.596382
1218 0.494194
580 0.461521
75 0.345988
1147 0.087442
347 0.503412
265 0.189047
805 0.287346
841 0.767929
995 1.047134
733 0.465537
1133 0.612707
289 0.347894
930 0.982040
923 0.760532
25 3.115303
1389 1.568338
874 1.059502
529 1.067385
612 3.348400
114 2.667407
1201 1.767667
165 3.457110
1091 0.608112
335 1.917833
392 2.796326
144 0.273085
887 0.524467
1110 0.276958
673 0.242181
1243 1.081165
986 1.699815
512 1.193612
621 3.043661
539 4.463678
1316 2.482731
