569 0.797752
124 0.619206
1340 0.692362
522 0.414715
8 0.148486
310 0.655198
129 5.786795
103 0.413613
550 0.124946
110 0.208000
52 0.403874
214 0.190803
943 0.579101
1239 0.146183
911 0.405735
1304 0.421792
624 0.190686
817 0.859583
223 0.147398
1395 0.524966
163 0.015030
245 0.466861
155 0.803451
680 0.782132
679 0.257255
409 0.397934
828 0.189159
156 0.075609
325 0.471269
134 1.106217
206 0.701255
933 0.884186
16 0.684805
374 0.264979
534 0.188233
345 0.578114
1004 0.245349
261 0.123202
183 0.142587
314 0.194458
521 0.099831
338 0.109249
408 0.137727
1268 2.480441
108 0.340845
655 1.334071
1301 0.935575
939 1.792519
1364 3.449143
1040 2.033980
