120 6.203550
600 0.719611
1045 0.356883
278 0.637727
1311 0.636774
380 0.725338
142 0.029445
30 0.391173
1167 1.207402
503 0.215472
878 0.373703
318 0.281248
397 0.549069
460 0.149150
507 0.318449
527 0.073103
429 0.318195
798 0.093739
944 0.033459
302 0.442783
481 0.222806
947 1.796062
765 0.016635
1119 0.553829
438 1.164096
713 2.103460
595 1.149492
133 2.614828
820 1.505108
932 2.315139
603 0.093206
626 2.798689
466 0.370901
1079 1.676075
101 0.663194
1281 2.409293
952 2.593557
1032 0.165316
1245 3.252700
352 2.687679
1171 1.396944
549 0.082621
688 0.382910
1093 0.417703
1075 0.302155
407 1.055510
1217 0.589786
