1212 0.338677
1379 14.369806
532 1.135502
1359 1.376401
953 1.470354
748 1.618842
848 1.510790
674 0.992592
1069 2.590263
1151 0.371783
689 0.603040
215 1.407208
106 2.521371
650 0.088228
723 1.385559
763 1.544495
1134 2.303098
717 0.932491
1180 1.351616
1332 0.033684
575 0.216847
795 1.809005
667 0.138042
564 0.097188
418 0.696110
877 0.289156
447 4.038164
869 0.652839
903 0.391228
433 1.201592
612 2.553942
1223 1.605111
797 2.036203
60 3.733106
1130 2.032796
284 0.765346
550 3.011229
1028 0.693332
1060 0.966824
718 0.985009
368 3.390777
1257 2.009671
997 2.350299
45 0.726466
1153 0.354162
167 2.897649
691 1.438953
10 0.829134
729 4.417348
