685 8.500115
1367 0.639481
1089 0.918124
643 0.462090
944 0.802578
189 0.006478
121 0.871179
281 0.478524
928 0.018944
652 0.185623
622 0.154538
253 0.523774
27 0.457547
914 0.433576
330 0.321045
88 0.166660
364 0.628470
630 0.013862
384 0.419190
1098 0.546951
288 0.448426
525 0.462522
1374 0.089982
1238 0.392204
1226 1.179642
991 1.185180
1168 1.005191
745 1.445950
868 1.390460
441 0.342212
653 1.368399
177 1.684917
1243 0.298902
1163 0.412490
1176 1.902049
28 0.486512
697 3.941963
1116 1.189327
315 2.520887
401 4.635306
481 3.188338
1050 2.584854
1161 1.695008
1088 1.141067
7 2.282704
168 1.026624
747 0.540896
478 0.833058
1329 1.497476
