411 0.456280
761 0.827466
341 0.170494
1128 0.471387
82 0.152948
1162 0.977280
1367 4.782351
223 0.563659
685 0.639481
1089 1.015922
643 1.739585
944 0.888069
189 0.007168
121 0.963976
281 0.529497
283 0.493701
785 0.086106
517 0.591768
486 0.765130
550 0.610251
1056 0.156861
382 0.426514
317 0.492394
313 0.140700
441 0.169732
1220 0.499976
600 0.052679
438 0.224749
563 0.312591
140 0.229265
240 0.905367
203 1.075428
727 0.957809
697 0.306676
552 0.776847
913 0.559059
168 0.123338
924 0.183935
712 0.067480
468 0.128798
849 0.015923
394 0.146568
1097 0.092990
36 3.399120
854 3.723748
844 2.820626
177 1.053711
830 4.560219
536 4.724925
