246 0.297899
743 6.924969
406 0.136669
695 0.262936
1247 0.547492
1096 0.628734
1392 0.029284
112 0.845546
893 0.482854
1095 0.652177
1202 1.119604
582 0.275603
1389 0.483970
1064 0.961026
535 0.695136
738 0.023016
1036 0.014731
369 0.001587
815 0.011277
579 0.028938
901 0.010394
551 0.017012
1046 0.155782
951 0.054010
926 0.158341
1226 0.149292
1341 0.167931
1243 0.018698
559 0.089974
716 1.442437
257 0.367875
499 0.066884
1165 0.722596
1049 1.209035
1186 0.424701
631 0.863859
682 0.349018
532 1.498882
431 0.199267
399 1.570044
751 0.506238
1221 1.299064
1175 2.624898
1388 4.122425
178 1.758738
870 4.725703
1144 1.035588
1336 4.285081
1244 2.682898
