252 0.161283
508 0.023874
172 0.127961
1010 7.090419
561 0.088270
636 0.022199
148 0.138771
213 0.089759
797 0.536427
1229 0.113717
1305 0.141956
304 0.201469
568 0.458728
942 0.508894
272 0.278217
757 0.889402
866 0.212645
1100 0.991252
876 1.205356
524 0.340490
274 0.542247
289 0.658057
386 0.482729
113 0.818568
112 0.376012
1320 1.004116
888 0.508251
1066 0.007910
308 0.524680
498 0.004178
962 0.002680
1380 0.010121
32 0.005038
158 0.010800
429 0.006985
1274 0.655091
197 1.597066
1205 0.330407
247 0.729916
884 0.597159
1284 0.496404
440 0.812681
474 1.103289
711 0.522869
65 0.231022
387 0.157635
1184 1.162321
1150 0.972246
541 0.614994
889 0.828511
694 1.265370
1017 1.877582
33 0.109740
277 0.151470
592 0.532337
963 0.944774
990 0.323674
357 0.767956
81 2.612800
320 2.091472
1339 1.498604
998 1.933185
647 0.662018
462 0.293228
347 0.194808
483 0.504439
796 1.806189
895 0.838732
1173 1.419306
