722 0.438932
620 0.451612
403 0.162585
628 0.242859
695 0.151212
672 0.434407
1246 0.328693
202 3.485184
1061 0.831505
117 0.067452
161 0.334420
350 0.822392
689 0.278384
657 0.304475
315 0.810514
1306 0.175541
508 0.411875
854 0.232727
40 0.383966
65 0.400622
811 0.477104
606 0.306760
585 0.097419
1264 0.167709
997 0.059276
771 0.182207
709 0.014467
1322 0.221422
612 0.117058
169 0.495299
1278 0.544776
401 0.118122
1001 0.227129
137 0.576662
141 0.195869
703 0.379846
1047 1.469568
600 2.353409
1226 1.988054
133 0.289632
455 0.871170
377 1.588660
952 1.211333
