1112 0.103444
280 0.151043
1172 0.206794
1250 0.167894
291 0.439142
196 10.660950
1230 0.523240
85 0.295171
617 0.360090
1232 0.008208
175 0.180283
1006 0.421048
235 0.536083
1351 0.403302
88 0.390206
881 0.126279
364 0.076216
1270 0.148096
1279 0.092296
586 0.019347
1276 0.094714
179 0.082690
72 0.576820
1164 0.258634
1366 0.044620
935 0.369236
492 0.390208
321 0.148426
1207 0.073948
705 0.982628
236 0.980238
1203 0.066879
833 0.580293
446 0.059010
785 0.011725
332 0.625056
1252 0.144851
314 0.010692
1169 0.351595
310 0.213469
965 0.079474
363 0.234759
680 0.527148
1030 0.468296
1150 0.578836
575 0.264260
811 0.338235
489 0.314799
1168 0.481819
1071 0.455869
1046 0.552572
152 0.202652
522 0.586126
19 0.267216
634 0.336459
246 6.080847
355 2.980180
890 0.307919
1386 7.258741
1005 6.368376
1193 4.546606
1364 4.364832
