118 0.620330
245 0.761937
933 0.363155
1077 0.328792
36 0.773536
821 0.041743
1110 0.159647
286 9.642620
872 0.287560
321 0.452860
853 0.034308
1082 0.502394
101 0.024947
1336 0.440219
373 0.296588
697 0.291793
1096 0.140429
208 0.376249
359 0.353609
913 0.374030
1182 0.126521
858 0.254616
396 0.078555
597 0.120454
662 0.212796
85 0.179471
1030 0.052308
545 0.231712
892 0.122373
698 2.127875
829 1.255912
894 1.634518
771 0.827841
699 0.559151
616 1.819168
1086 1.224395
1264 8.024314
301 0.665287
484 1.523455
786 7.222143
761 6.076317
686 2.449322
1366 4.336664
