1156 0.100104
551 0.058451
315 19.455311
864 0.024908
1176 0.050783
729 0.075363
157 0.036831
147 0.050713
1061 0.432275
117 0.034871
161 0.172885
350 0.425152
202 0.810514
689 0.143916
657 0.157404
352 0.389438
1397 1.718297
564 1.389183
273 1.439748
274 2.388246
479 5.187331
763 1.619026
1370 2.431984
906 1.998126
254 2.788629
1220 3.432791
700 0.781385
993 1.948007
28 0.257633
697 2.087467
1116 0.629809
685 2.520887
401 2.454628
481 1.688385
1050 1.368810
1097 4.718989
1096 0.841883
720 2.581926
150 1.516599
1047 0.678537
356 0.373156
1163 2.215121
1002 0.062149
169 0.049610
557 0.036684
829 0.002358
1160 0.050449
56 0.055416
1168 0.036130
874 0.007309
854 0.011603
140 0.026402
1309 0.012331
1280 0.014151
1224 0.024265
781 4.946595
713 0.377252
1382 2.431329
193 4.023839
100 4.345210
1394 2.083141
1292 2.666909
511 1.789597
331 3.343157
1029 6.287395
280 2.098660
681 3.780764
1354 3.542115
