864 0.582939
781 0.035137
488 13.653626
1344 0.635433
621 0.002207
744 0.779465
594 0.748737
167 0.395745
12 0.547277
403 0.682750
1105 0.315920
968 0.445599
1177 0.045144
463 1.048588
661 0.175945
632 1.910091
466 0.461614
510 1.203234
1224 1.029251
949 1.617658
752 1.055931
288 0.262194
485 0.007034
1162 0.367160
365 0.368585
419 0.001998
19 0.486117
834 0.258158
271 3.485953
86 2.296086
964 2.981238
1313 0.430008
339 1.797143
765 3.369568
910 1.936828
306 1.284845
630 1.338010
1233 0.721387
731 1.499013
309 1.092101
1173 0.449272
1045 0.765158
620 0.046766
1381 0.039138
255 0.305428
1104 0.153626
790 0.094843
1170 0.277003
1131 0.190214
341 4.400422
1114 4.400220
587 3.629841
267 2.354872
1161 0.866038
1076 0.059971
1312 2.550497
454 5.738794
343 0.542817
1267 3.883231
223 5.358029
845 1.530221
1158 6.063232
1328 3.097201
421 0.438949
324 0.068761
1023 0.009932
29 0.610866
496 0.036406
1345 0.497704
