755 0.603011
1351 0.271713
976 8.264898
239 0.852418
1356 0.869186
228 0.665939
125 0.003412
412 0.448678
18 1.641105
521 1.668160
802 2.228917
683 1.738439
965 0.572045
1299 0.724080
831 1.394347
777 2.971168
1319 0.723087
660 2.997796
758 2.370867
465 2.773024
653 1.881825
943 1.667352
1321 0.992773
1113 2.408035
910 1.088612
1032 0.020819
563 0.984503
817 0.884694
555 1.954139
182 1.439954
44 1.991491
1057 1.727649
774 0.247092
221 1.211686
233 1.175932
981 1.121223
895 0.097054
1213 0.915692
775 0.289464
573 0.363750
1059 0.349477
597 0.216688
1038 0.238646
883 2.023137
1105 1.834976
427 0.894723
1145 1.890906
1286 1.655498
1051 1.082527
1090 1.113625
975 0.911357
830 1.344198
903 1.102687
201 0.218831
954 0.555818
1157 0.810822
