516 0.121982
527 0.585663
1296 10.137887
1221 0.707332
896 0.204714
1000 0.367201
690 0.474877
212 0.405831
515 0.055716
725 0.235525
342 0.024558
145 0.036539
866 0.008481
898 0.284902
307 0.178564
442 0.146522
163 0.620117
1029 0.492972
238 0.456744
613 0.317219
1113 0.420729
355 0.435144
1164 1.112991
70 0.698348
618 0.683879
1337 1.023359
158 0.315311
437 0.713216
975 1.094887
1339 0.471951
1328 1.098216
1191 0.590134
106 0.685468
493 0.549519
670 0.731209
350 1.274114
832 0.828967
597 0.416324
831 1.239814
590 0.130883
30 0.862272
682 0.743378
738 0.134757
950 0.649208
456 3.644040
95 0.018874
141 1.020667
709 0.655418
777 2.252121
1348 3.628349
272 4.436197
45 2.851928
1324 1.909221
468 1.947106
1269 2.874371
1371 2.621469
803 0.239694
905 3.715032
572 3.437218
984 0.128180
84 1.432674
