746 0.579655
1275 0.707820
960 0.255271
929 6.177631
648 0.081270
614 0.312863
788 0.479449
66 0.480926
1260 0.001021
1225 0.046254
942 0.053478
426 0.019966
366 0.058661
1239 0.012937
183 0.032043
711 1.044213
461 0.346235
53 0.114382
924 1.442337
220 0.693608
93 0.394071
462 0.763993
572 0.251944
997 0.276274
830 0.314814
1027 0.263646
856 0.012169
59 0.350277
500 0.201343
1221 0.527339
917 1.071585
670 1.351018
1205 1.775169
702 1.298405
33 0.265052
771 1.247755
851 2.180640
533 0.769880
401 0.689692
424 0.017697
1118 0.779518
1127 1.225697
354 1.365383
686 0.288440
1294 0.123120
546 1.460270
837 1.082613
6 0.477862
935 0.922664
1252 1.106605
545 0.811677
307 1.634773
628 0.851674
122 1.507407
588 0.454711
1145 0.941117
