1373 0.189927
1256 7.430967
390 0.441859
1216 0.235777
1268 0.513741
101 0.480835
401 0.427442
14 0.307996
283 1.347864
985 0.714163
1203 0.470389
487 0.254483
130 0.514351
623 0.382495
356 0.767726
1160 1.170376
1369 0.930555
1184 1.381542
282 0.020356
593 1.308024
1149 0.592234
466 0.693015
587 0.003214
1359 0.307325
1261 0.006999
228 0.368788
662 0.390051
900 0.321913
725 0.210065
767 0.583775
358 0.557726
547 0.807601
49 0.715596
344 0.011353
289 0.391886
766 0.410381
353 2.803849
257 0.383317
94 2.502716
567 3.133923
459 3.589271
923 0.951037
528 2.679999
757 0.453216
36 0.785111
1246 0.171527
381 0.025983
1342 0.418492
47 0.197586
1276 0.651771
215 2.414625
561 1.250312
978 2.549591
735 1.847946
705 2.567731
668 0.049725
1371 2.403274
