118 0.563902
245 0.692628
933 12.943040
1077 1.722877
36 0.703172
821 0.037946
1110 0.145125
286 0.363155
134 1.288283
206 0.816670
129 0.884186
16 0.797513
374 0.308590
534 0.219213
345 0.673262
541 0.831993
1335 1.519734
371 1.358338
264 1.131273
632 1.082220
1267 0.482973
351 0.862905
233 1.207701
88 1.220939
1386 0.317798
1390 0.478451
782 0.830642
1385 0.968749
360 0.815304
223 0.171618
666 0.013195
2 0.095212
793 0.245198
755 0.121841
565 0.248745
815 0.131431
1047 1.841776
1050 1.545410
1230 1.394866
92 0.179016
1164 1.625800
429 2.723749
339 1.360643
453 0.132921
998 0.912692
199 1.200678
234 2.084439
1035 2.239114
542 0.493032
358 0.197406
691 0.726213
279 0.292992
635 0.717730
953 0.217413
1127 0.399119
630 0.891312
334 0.885515
533 1.603057
443 0.965521
966 1.456667
1209 1.321113
788 1.940956
1323 3.167790
754 1.530478
1238 3.870373
669 1.709965
43 0.118755
1303 2.324990
