588 0.049975
845 0.047881
289 24.225333
1044 0.026732
7 0.018465
37 0.050074
666 0.005558
27 0.042040
1153 0.264939
323 0.201841
250 0.208459
960 0.191284
237 0.308307
155 0.051046
156 0.169529
757 0.542612
866 0.129732
1010 0.658057
1100 0.604749
876 0.735371
524 0.207728
274 0.330818
33 1.319120
538 0.635885
283 0.496049
331 0.434884
640 1.451363
1105 0.438899
509 0.736120
77 1.793383
1211 0.709874
679 2.366771
275 2.106769
613 0.076055
696 1.816428
663 7.924455
256 0.077575
737 0.840437
627 0.608558
863 1.385501
644 0.534618
1090 0.626221
756 0.773477
1256 0.391886
767 1.195087
358 1.141760
547 1.653298
49 1.464948
344 0.023242
766 0.840120
388 1.859451
1215 0.497804
994 1.459953
200 1.435850
215 0.523845
542 1.980022
821 1.169251
393 0.130783
1328 0.042701
293 0.271477
559 0.224933
915 0.295817
1373 0.302707
889 0.202844
841 0.526071
995 0.717341
733 0.318917
1277 0.347894
1133 0.419736
930 0.672749
923 0.521004
12 2.018021
296 0.575665
527 2.212936
963 0.434749
1128 1.715455
1061 1.244512
1093 1.566690
314 6.160687
796 4.722877
122 3.636039
1160 4.083121
1279 4.022506
1346 4.491927
778 7.971098
430 1.375313
71 2.269206
1157 2.191557
1085 3.044405
1361 4.124505
