1294 0.306980
1223 0.784226
723 14.604162
1281 0.633596
995 2.091504
764 0.128005
1166 0.542299
149 0.492971
856 1.442146
257 0.490263
1155 0.309427
880 1.896475
1004 0.037894
629 1.221265
1069 1.532403
1379 1.385559
1151 0.219947
689 0.356759
215 0.832506
106 1.491647
650 0.052196
397 1.131067
738 1.312076
1093 0.660133
88 1.321548
977 0.156544
744 1.229721
917 0.844386
71 1.845783
726 3.738879
1195 2.153598
299 2.181633
816 0.286265
1301 3.787535
1089 2.822734
862 1.511253
556 0.234242
1331 4.061988
750 4.879905
585 2.091885
1031 2.309650
1261 3.050449
1108 0.138255
517 1.208868
1077 0.597796
67 1.324158
39 0.163188
369 0.858878
1341 0.762010
