514 0.117076
556 0.177843
1373 0.001773
822 0.178024
1386 0.150379
274 0.034758
114 10.067932
54 0.103942
94 2.605909
603 0.160951
1068 0.345143
643 0.169584
506 0.530196
1054 0.074869
26 0.064560
1342 0.515194
1229 1.395973
770 1.033976
1336 0.051370
778 0.003191
1122 1.175253
342 0.719562
189 0.133154
1106 0.054765
555 0.372005
823 0.144890
967 0.377827
1250 0.256989
496 0.199413
477 0.004400
1255 0.050457
512 0.046780
143 0.012645
911 0.057511
624 0.045947
399 1.007714
465 1.322315
349 1.092467
160 0.973653
109 1.187022
824 1.029813
754 0.701705
885 0.531413
84 0.807516
803 2.534862
1193 3.911524
664 1.421737
1024 2.261752
25 4.784887
1389 2.408857
874 1.627321
529 1.639429
612 5.142908
1277 2.667407
1201 2.715012
