1380 0.029192
519 0.656041
516 0.802465
1336 1.030846
587 0.577548
905 15.710224
71 0.850249
501 0.635896
1374 2.038922
97 1.752801
273 1.855534
245 0.163703
628 1.713274
156 1.912126
751 1.053903
578 0.704471
670 0.589301
18 2.095265
772 0.342690
168 0.480395
1287 1.951565
871 0.877613
1332 0.802693
733 0.867028
603 1.105477
1314 0.685183
465 0.781565
250 0.844206
1011 0.568737
37 5.724793
758 4.662517
1382 1.789808
778 3.372846
1002 3.327275
1085 4.078666
1159 2.870920
1160 1.491306
1103 1.820060
147 0.259269
1385 1.583342
297 2.076555
428 1.950465
1237 1.299166
456 5.507941
1371 4.629854
803 0.423331
572 6.070573
984 0.226383
84 2.530287
1296 3.715032
