417 0.000818
414 0.000220
668 5.089683
708 0.000330
566 0.000998
1211 0.000711
510 0.000420
366 0.000664
886 0.532352
104 0.274842
1323 0.540214
1395 0.553725
1029 0.315497
1247 0.500963
653 0.380744
813 1.132863
70 0.933067
869 0.791898
1332 0.926315
595 0.075009
807 0.168938
1177 0.757652
711 0.228155
1053 0.306340
176 0.247150
880 0.293901
388 0.283404
726 0.240023
729 0.182717
1242 1.298684
927 0.226677
570 1.225010
1321 1.531694
1241 0.469328
1153 1.275182
920 1.801853
35 0.777481
936 2.736253
555 1.505886
205 1.570544
937 2.594598
1215 1.508796
1256 0.049725
215 0.049469
561 0.025615
978 0.052234
735 0.037859
705 0.052605
1371 0.049236
