269 0.222130
1174 7.311731
569 0.453123
292 0.327317
1235 0.073975
368 0.589558
1163 0.294841
4 0.382958
219 1.179577
8 1.470125
1068 1.902751
919 1.704561
1312 1.322925
812 0.232815
625 0.956824
788 0.324189
183 0.167502
1313 0.247666
802 0.064355
346 0.141124
253 0.002653
708 0.205679
1085 0.855753
506 0.077805
1343 1.595748
1289 0.500464
583 0.685322
626 1.832772
909 1.089943
497 0.673451
635 3.952098
577 3.471465
512 3.967043
480 1.091995
348 2.130756
1153 2.068916
1239 0.106422
799 2.874592
636 1.011094
1116 1.543307
1394 0.323833
985 1.036770
281 1.986073
