324 0.080193
1205 0.125869
1132 0.144077
1007 10.306769
639 0.137038
46 0.137036
775 0.046536
423 0.072320
1248 0.367024
92 0.036487
995 0.226933
1091 0.349912
598 0.289204
939 0.364240
547 0.192764
699 0.017160
878 0.220182
448 0.593152
1285 0.459938
1301 0.330470
604 0.157717
571 0.393736
999 0.179777
183 0.226631
494 1.863113
220 0.977193
132 3.001728
935 3.404138
820 1.824630
225 1.322917
447 0.062476
327 1.743753
130 0.028185
1141 1.257805
1006 1.260063
1003 0.901875
353 1.616982
1349 2.305216
952 2.426555
87 1.123258
594 0.194967
1356 0.591163
943 0.436219
1080 2.780878
533 1.260674
134 4.089264
748 3.334342
537 0.170939
1358 3.828728
1025 2.450929
1016 0.998330
844 0.482336
560 0.330774
360 0.722939
133 0.741360
1229 0.508958
1368 0.569352
