568 6.538479
652 0.430152
117 0.032594
644 0.415308
709 0.114002
667 0.112178
156 0.347600
98 0.260417
797 1.241104
1229 0.263102
1010 0.458728
1305 0.328437
304 1.011626
942 1.177403
272 0.643698
643 0.006551
604 0.001498
949 0.005515
1344 0.002157
598 0.000666
459 0.006786
413 0.004145
887 0.688551
869 0.161147
618 0.043579
889 0.606840
352 0.848734
100 1.257537
435 1.446557
621 1.058447
440 1.214544
1106 1.032211
934 1.035309
338 1.178587
552 0.621710
1248 0.126943
1071 2.374945
659 1.603768
964 2.704982
1018 1.414376
890 1.503324
1147 2.739326
216 2.519475
412 0.897225
1070 0.018935
1191 2.142609
1335 3.105784
1211 1.574090
27 1.060832
705 0.575490
1214 1.027498
725 0.165663
430 0.635518
536 0.720188
1353 0.921255
