1049 0.098818
1110 0.216623
1289 10.637436
141 0.086108
1124 0.054955
694 0.844657
1040 0.113546
12 0.451018
961 0.311578
301 0.159197
922 0.265285
1170 0.168457
1239 0.176937
257 0.280378
48 0.163453
218 0.494973
921 0.435820
1158 0.125489
197 0.457907
915 0.386434
166 0.013523
92 0.345122
834 1.143908
151 0.042581
188 0.739511
394 0.269805
1277 0.698542
461 0.623993
1019 0.313507
280 0.136790
606 0.567097
1195 0.616101
839 0.224218
1249 0.588321
721 0.342724
228 0.027150
1389 0.014843
690 0.002044
1278 0.033281
920 0.002061
881 0.017767
1085 0.401259
506 0.036482
1174 0.500464
1343 0.748240
583 0.321345
626 0.859380
909 0.511070
986 1.908914
1322 2.169571
898 0.766365
109 2.015268
380 3.865283
1166 3.667323
989 2.308914
251 2.856734
554 2.585752
1115 2.542202
276 0.393657
323 1.157137
917 2.714557
1080 1.691788
1173 3.436547
1227 3.500246
628 1.315956
991 2.137081
499 0.439211
824 2.460865
214 0.142082
