788 0.693244
294 0.141506
903 10.543983
806 0.351495
520 0.712936
422 0.396944
901 0.336304
83 0.467983
63 0.000725
386 0.000047
1240 0.002788
700 0.001669
787 0.002460
588 0.002077
144 0.001746
1042 0.347656
547 0.154638
965 0.373600
311 0.553012
354 0.692786
269 0.404701
219 0.445005
18 0.847899
687 0.363495
1029 1.010822
185 0.683998
70 0.418185
979 1.735747
486 0.894793
744 1.365573
690 0.178036
836 0.451707
835 0.465371
1036 0.578314
1060 1.175137
522 0.717797
126 1.895275
465 0.257211
923 2.119123
1196 1.737683
137 1.890423
79 1.740679
575 1.266681
1379 0.391228
667 0.388871
564 0.273785
418 1.960980
877 0.814570
447 1.469756
869 1.839085
895 0.667252
1137 0.553825
552 0.547611
375 0.259897
1128 0.077458
1303 0.362868
1006 0.527986
975 2.558254
976 1.102687
830 3.773273
1213 1.909426
201 0.614276
954 1.560227
1157 2.276044
