695 0.761323
868 0.137012
659 0.246174
679 0.252344
317 0.173472
388 20.656746
123 0.274810
117 0.402558
1389 0.324512
146 0.772038
127 1.059102
66 0.745002
878 1.228336
427 1.077959
268 0.614645
5 0.661219
632 0.489766
965 0.331034
651 0.195587
912 0.132349
716 0.339942
57 0.602495
248 0.565943
385 0.158958
1100 0.689987
18 0.530273
225 1.015660
910 0.778822
499 0.666280
711 1.603308
668 0.283404
1053 2.152739
176 1.736795
880 2.065322
726 1.686705
729 1.284005
289 1.859451
1215 0.652052
994 1.912329
200 1.880757
215 0.686162
542 2.593544
821 1.531551
148 0.116280
717 4.171963
43 3.097654
735 2.038514
538 1.064581
145 0.202974
922 2.221276
1290 0.444629
115 0.791288
989 0.616567
1327 0.656912
584 0.542857
492 0.290044
970 0.417503
611 1.904544
1204 3.296470
734 3.721350
1371 3.706412
532 4.954620
741 4.918699
1029 2.547094
1183 1.448148
128 4.204710
17 5.145133
660 4.496405
1238 4.482232
73 3.768872
1133 2.599117
