550 0.234481
110 0.390345
52 0.757936
214 0.358072
943 15.914711
1239 0.274337
911 0.761428
129 0.579101
761 1.208180
835 0.321635
1250 0.926730
1278 0.531611
96 0.044715
88 0.783289
188 0.628012
1362 0.243183
69 0.349780
475 1.595192
1389 0.377345
623 1.756151
2 1.300998
564 0.916025
737 3.535299
611 2.251300
561 0.433727
1282 0.464597
26 3.030711
1139 2.582718
895 1.795763
777 2.097476
1319 0.510459
660 2.116274
758 1.673698
465 1.957598
976 1.667352
653 1.328461
353 0.539384
1349 0.768961
952 0.809437
87 0.374690
594 0.065036
1356 0.197197
1007 0.436219
381 1.563845
543 0.170385
305 1.433124
108 0.492242
1092 1.076968
851 0.996326
1023 0.878996
39 3.076911
874 0.400182
348 2.991456
768 2.913474
1220 1.630463
1099 1.574039
727 2.144955
796 0.123576
759 0.787009
415 0.267572
1202 1.617519
1171 0.978393
1161 1.582559
327 2.060703
1159 2.410988
630 2.553459
684 0.701848
994 5.504030
760 3.371114
1183 2.759786
