1354 0.274944
239 9.946154
1375 0.700499
878 0.652897
417 0.161665
726 0.050872
926 0.455018
158 0.393454
630 0.575516
184 0.463198
782 0.493188
103 0.191832
671 0.130448
270 0.566122
1095 0.600999
1272 0.042759
283 0.016803
1013 0.043382
801 0.008972
1202 0.025025
1164 0.007970
316 0.040867
755 1.254929
1351 0.565463
976 0.852418
1356 1.808868
228 2.873044
125 0.007100
412 0.933746
1369 0.257461
1012 0.617839
508 0.570671
1249 0.219335
79 0.110851
383 0.200717
433 0.346823
993 0.129270
1344 0.706472
530 0.347962
1262 0.170438
962 0.606806
925 0.116747
448 0.388802
877 0.014940
212 0.680043
1011 0.005210
689 0.297067
791 1.053709
647 1.343183
545 0.890152
557 0.776161
1235 1.876291
1207 1.149963
548 0.737695
179 0.903109
684 1.069587
678 1.100240
751 3.853811
325 1.296902
377 3.863832
1214 1.253467
614 3.844444
888 2.049933
