446 11.523759
927 0.625538
703 1.072890
193 0.315008
1356 0.991561
43 1.158285
363 1.185672
293 0.628033
705 0.063951
236 0.059146
1203 0.004353
833 0.037766
196 0.059010
785 0.000763
332 0.040680
752 0.046366
1016 0.352774
1025 0.421516
736 0.662413
231 0.406943
969 0.002254
1195 0.713714
206 0.438024
1100 2.070341
616 0.560345
648 1.400718
541 2.464210
782 1.137096
620 1.278310
74 1.527937
1225 1.553562
524 2.335137
984 0.273608
965 1.995665
169 2.827324
811 1.758972
557 1.538594
566 0.786101
1300 1.239712
1170 0.702985
425 1.640683
203 1.808283
870 1.191919
1197 1.678968
209 1.926206
1172 1.725456
1301 0.073763
609 1.988993
1075 1.217282
919 0.252215
867 0.140225
1261 0.251859
334 0.402423
152 0.017096
617 0.226314
1281 0.258440
775 1.948774
277 4.184464
1154 0.728290
495 0.343907
527 0.483521
327 0.065327
1331 2.105714
