852 0.033787
527 0.718176
263 0.169038
80 0.196166
738 1.124654
1048 11.976067
1361 0.008668
396 0.849735
783 0.006328
320 0.001515
184 0.164445
587 0.156970
1087 0.137359
528 0.233916
443 0.139292
519 0.295966
147 0.126140
999 0.181454
973 0.081014
257 0.244681
1058 0.189738
690 0.225769
1080 0.051832
490 0.009470
411 0.045605
1064 0.020544
359 0.030306
337 0.014845
866 0.025999
1303 2.427030
1396 2.090367
661 0.532456
75 0.734703
767 1.383339
899 0.599867
893 1.559244
735 0.953191
350 1.971296
1126 2.656689
171 0.839606
1253 2.183278
1305 1.439153
996 2.390537
231 0.957334
509 1.877848
1377 1.605794
1332 0.402944
732 0.741056
556 2.052181
361 0.576976
470 1.079502
426 2.847257
283 1.696121
1319 3.889906
662 1.676409
1158 1.951890
