246 0.236827
743 0.845546
406 0.108651
695 0.209031
1247 0.435251
1096 0.499837
1392 0.023280
112 10.221251
195 0.053764
37 0.012838
78 0.006719
1193 0.173214
815 0.191601
271 0.161244
162 0.130169
386 0.269840
113 0.544540
1010 0.376012
1320 0.561289
888 0.284106
1066 0.004422
308 0.293290
421 0.078401
1357 0.253971
801 0.182776
941 0.185096
1280 0.318336
606 0.267498
321 0.222565
498 0.195034
962 0.125107
1380 0.472444
32 0.235162
158 0.504129
429 0.326032
589 1.657441
1304 1.512937
561 0.525942
768 1.784124
359 1.534193
1205 1.109619
675 1.088673
800 1.394856
982 1.666738
674 0.789356
504 0.067183
1285 0.747548
197 1.347288
727 0.865536
682 0.192858
532 0.828245
431 0.110110
399 0.867567
751 0.279734
1221 0.717831
592 0.085999
1200 0.041646
1162 0.023451
346 0.047924
841 0.102288
251 0.006873
770 0.068934
444 0.802367
637 1.631229
868 0.472397
410 0.171712
672 1.598486
860 1.019370
154 0.226219
1385 5.551673
683 5.814031
553 4.502100
630 2.802699
1216 3.209457
