1112 0.057218
280 0.083546
1172 0.114384
1250 4.922380
291 0.242902
196 0.167894
1230 0.289419
85 0.163268
501 0.452065
382 0.065030
864 0.021473
692 0.200948
189 0.442963
332 0.198755
115 0.288628
761 0.965296
835 0.256976
943 0.926730
1278 0.424740
96 0.035726
88 0.625822
188 0.501761
1242 0.388480
170 0.853965
700 0.722994
1115 0.879030
952 0.273067
1238 0.587421
191 0.482538
1106 0.170228
555 1.156318
114 0.256989
823 0.450365
967 1.174413
496 0.619843
477 0.055088
1255 0.631746
512 0.585713
143 0.158324
911 0.720070
624 0.575279
706 0.231202
1327 0.006719
318 0.223734
1291 0.242788
1246 0.112458
1111 0.110578
840 0.145388
640 0.040137
370 0.022176
836 0.123735
68 0.008648
707 0.133792
74 0.123670
979 0.070091
814 0.004820
276 0.001903
1235 0.001564
1162 0.003227
435 0.004523
566 0.001300
1034 0.003889
978 2.361386
1054 0.651602
314 0.850632
487 2.872250
163 2.285945
643 0.786475
1370 2.717761
