1068 0.490597
955 0.192429
1206 0.440792
69 0.174340
598 0.754359
1138 0.517498
1133 18.088547
197 0.429364
661 0.190617
594 0.130708
1295 0.003674
504 0.043330
158 0.060868
492 0.090334
248 0.126067
748 0.095120
808 1.944032
553 1.836223
1385 1.491767
873 1.312954
695 2.026423
694 1.385615
449 1.519696
1016 0.322133
971 1.517809
320 1.158548
778 1.662351
628 1.518316
719 1.163848
1070 0.305406
413 0.498627
1038 1.328211
397 0.392719
1178 1.359988
485 0.108963
898 0.838792
841 0.926510
995 1.263373
733 0.561673
1277 0.612707
289 0.419736
930 1.184837
923 0.917586
86 2.082032
935 1.547046
997 1.333318
1062 1.633181
655 0.321678
169 2.021275
927 1.268824
324 0.440895
731 0.087822
524 2.181933
749 2.498265
66 0.663094
610 1.850079
1065 1.949323
1183 0.896393
128 2.602685
17 3.184800
388 2.599117
660 2.783243
1238 2.774469
73 2.332905
426 0.149881
1365 6.276331
839 6.180102
831 5.830835
1269 0.466318
938 1.461407
1137 3.207964
