861 0.000000
1293 0.000003
558 0.000009
1285 0.000004
256 0.000013
1029 0.028508
902 5.557515
118 0.000010
1354 1.509402
1108 0.353110
582 1.672369
1390 1.635691
408 1.664095
1023 0.642431
484 1.017955
5 0.128761
300 0.006402
1158 0.037544
941 0.056673
1345 0.026725
524 0.096054
584 0.081783
1135 1.918880
1373 2.069602
1087 1.827503
66 1.870059
175 0.459034
1188 0.227788
233 1.532567
1348 0.692528
993 1.022395
1011 2.829762
1054 1.649424
822 2.393829
912 1.544723
1031 1.280122
1063 1.451361
1116 1.769055
1254 0.285936
1015 0.334364
163 0.248400
1197 0.887606
