906 0.196515
1028 0.182991
1009 0.251777
79 0.355104
48 0.020638
1293 0.330986
696 0.699558
300 2.975323
440 0.000559
174 0.047510
618 0.072368
136 0.147067
1139 0.110698
426 0.079085
322 0.075860
599 0.262288
635 0.121814
1275 0.398814
814 0.265280
469 0.261833
659 0.395123
540 0.260781
5 0.080380
902 0.006402
1158 0.023437
941 0.035378
1345 0.016683
524 0.059962
584 0.051053
489 1.755885
380 3.748922
1200 1.316298
420 0.946048
1035 3.963157
921 2.504220
1225 2.011918
799 0.608502
118 0.687528
25 0.595658
451 1.259655
450 1.162148
326 0.726794
1227 0.717505
