267 0.123109
990 0.838304
958 5.315384
47 0.605330
70 1.263914
1263 0.409179
88 0.363914
199 0.681759
853 0.900660
956 0.521853
490 0.672060
689 0.487648
1375 0.893366
292 0.128139
265 0.464124
407 0.873989
1387 0.885936
420 0.173685
123 0.082871
1272 0.589121
1050 0.625047
323 0.455039
755 0.336756
771 0.191288
1283 0.023626
1041 0.175378
445 0.213810
398 0.229669
1276 1.063223
258 0.364986
1366 1.086851
1144 1.561065
822 1.566299
1233 1.864143
931 1.115031
797 0.137983
852 0.451275
731 2.037634
184 0.303333
1166 0.450188
1261 2.262845
207 1.669605
800 0.350840
805 0.408252
1027 0.115198
318 0.517124
565 0.662168
305 0.016428
1123 0.415111
1305 0.531694
666 1.119041
75 0.469763
628 0.082505
1199 0.957417
678 1.366364
1154 0.840898
