1155 0.120152
570 0.012205
1129 7.923413
1069 0.047125
1357 0.177083
1121 0.043591
859 0.022453
28 0.094727
1052 0.140214
1159 0.025295
615 0.148618
980 0.075094
736 0.047082
547 0.015489
177 0.183822
1271 0.079229
1351 0.006600
248 0.048734
628 0.051546
1254 0.069084
1049 0.030948
214 0.042295
157 0.012263
484 0.808194
429 0.694776
224 0.015435
843 0.454495
1026 0.155256
287 0.446539
870 0.955593
827 0.321720
395 1.147460
636 0.715525
411 0.506303
291 0.165309
498 0.636975
470 2.113209
260 1.565928
1146 0.757212
271 2.518120
749 1.974443
663 1.259262
953 0.655169
1152 0.093914
1281 2.409361
1278 2.283731
1119 4.361935
593 0.549157
295 4.062708
1213 2.963681
784 1.175326
981 0.986427
204 1.174718
288 1.002683
1080 0.683542
624 0.552787
1238 0.591885
