1061 4.613579
368 0.219986
821 0.056898
58 0.056157
553 0.093780
855 0.373349
212 0.154212
306 0.234998
117 0.035774
161 0.177362
350 0.436162
202 0.831505
689 0.147643
657 0.161481
315 0.432275
164 0.447564
339 0.221171
1070 0.727056
118 0.147008
460 1.281724
320 0.206075
582 0.642361
1275 2.735028
53 0.688512
1285 0.915644
1024 2.549282
1259 2.456589
435 1.045481
1009 1.589498
289 1.244512
12 2.317445
296 0.661080
527 2.541281
963 0.499255
1128 1.969986
644 0.324562
541 0.369137
542 0.416925
247 0.280940
667 0.024318
703 0.316390
1255 0.304765
1134 0.222607
874 0.055958
854 0.088835
140 0.202131
1309 0.094407
1280 0.108338
1224 0.185770
