713 10.355523
1270 0.638991
1095 0.419944
876 0.647556
78 0.080304
666 0.315280
429 0.812508
36 0.429015
431 0.252332
1175 0.390174
647 0.276459
1040 0.146192
867 0.488809
673 0.115355
258 0.316243
360 0.578781
934 0.086175
125 0.684977
1312 0.340869
349 0.556199
542 0.830407
320 0.427270
952 1.100373
1343 0.795476
242 0.673697
154 0.216819
706 0.762226
1305 0.801814
401 0.627714
947 1.898758
765 0.017586
120 2.103460
1119 0.585496
438 1.230656
1167 0.900639
595 1.215218
150 2.641754
441 2.440476
186 1.488811
1262 2.422552
439 1.326400
573 2.837983
659 1.433170
667 1.261305
847 1.428631
669 0.342299
351 1.004585
44 1.484962
1087 1.310101
895 0.346999
781 0.548282
1382 0.269489
193 0.446004
315 0.377252
100 0.481624
1394 0.230896
1292 0.295601
1152 1.718015
526 2.663240
55 0.713822
27 1.473206
274 4.607147
580 3.452376
1393 2.379138
