1369 0.446078
1399 0.159734
512 0.628375
1307 5.434230
1035 0.297693
1168 0.335069
292 0.471230
50 0.318381
193 0.659855
1109 0.102008
415 0.525650
1210 0.720800
1058 0.428558
590 0.401037
270 0.654563
1083 0.151636
680 0.155098
558 0.332159
1099 0.666544
849 0.497457
1042 0.232060
878 0.363578
339 2.715847
392 0.415178
329 0.740211
562 0.687668
447 0.489250
1177 0.025128
897 0.413838
921 3.864884
455 0.344109
1271 2.583562
1067 2.745193
1233 2.028138
578 1.738623
1093 2.514338
1266 4.146199
503 1.956619
85 4.176056
1259 1.341710
409 0.375679
