340 1.178282
625 0.893214
516 1.212451
434 0.719625
1128 0.285074
431 15.590725
765 0.816839
187 0.675202
1175 0.375578
647 0.266117
1040 0.140723
867 0.470523
713 0.252332
673 0.111039
258 0.304413
988 0.143654
1362 0.031935
646 0.015468
1300 0.055191
198 0.216320
235 0.207112
285 0.110861
852 0.336738
1141 0.832123
1231 0.378036
1313 0.897838
1311 1.625391
1140 0.918250
450 0.000891
682 0.082100
532 0.352585
112 0.110110
399 0.369324
751 0.119083
1221 0.305581
743 0.199267
291 5.254685
969 3.731054
874 0.486983
415 4.686542
60 0.724720
1055 3.558399
1101 2.704769
185 0.181949
511 0.087762
27 1.899628
61 0.899561
489 0.186383
1226 1.058462
1225 1.558649
165 0.275126
69 5.888017
478 7.042070
880 6.596554
822 6.093216
1306 4.143672
