853 0.748924
956 0.433936
490 0.558837
689 0.405493
1375 0.742859
292 0.106551
958 0.464124
265 21.115356
511 0.053160
686 0.131910
634 0.162569
1353 0.128800
238 0.098526
303 0.080552
339 0.092240
310 1.251275
774 0.744211
29 0.892468
867 0.469477
879 1.078647
273 0.344618
344 0.665649
980 0.205323
294 0.232081
747 0.734884
83 1.119962
775 1.231514
1196 0.022765
347 1.721684
1319 0.996647
1286 0.225881
1266 0.102741
602 0.576622
390 1.786475
847 0.245467
780 1.435335
1218 1.061413
580 0.991238
75 0.743101
1277 0.189047
1147 0.187804
805 0.617151
226 0.095842
494 0.109555
275 0.071434
371 0.321909
48 0.318643
121 0.268773
900 0.175494
738 4.754629
829 2.925189
789 2.996816
287 1.946565
177 0.568387
1287 3.365352
1122 2.622193
770 0.002639
804 3.286128
750 2.263142
632 2.788769
1220 0.370033
988 5.768877
1138 2.982943
615 4.882375
1077 2.666857
1145 4.720006
41 4.149931
455 6.054354
926 0.126902
1212 3.373842
