549 0.123433
212 0.169645
1230 10.040542
612 0.398394
1217 0.247926
1163 0.008907
888 0.002035
33 0.246540
1112 0.178320
280 0.260371
1172 0.356476
1250 0.289419
291 0.757004
196 0.523240
85 0.508823
1165 0.291839
1171 0.225661
966 0.222435
1257 0.163260
805 0.089227
460 0.209559
90 0.152343
529 0.072927
1109 0.009660
978 0.056161
783 0.044779
592 0.097016
1389 0.098606
175 0.053908
1125 0.943097
694 1.019339
957 0.864616
378 0.651192
987 0.846569
671 0.858482
205 0.672434
1034 0.468752
191 1.513385
171 0.399409
774 0.872686
1355 0.682378
565 0.424984
411 0.940593
1319 0.044359
635 0.068685
1015 0.041590
819 0.080761
1331 0.104901
746 0.011871
473 0.066471
1346 1.523011
773 1.813989
479 1.497174
104 1.994541
257 1.933659
396 1.560990
867 1.237625
1047 2.218784
1050 0.518734
1267 0.402911
92 0.215660
1077 1.715481
1164 1.958598
933 1.394866
1167 0.280468
1272 2.770535
667 0.811581
982 1.012465
494 1.140489
444 0.634174
967 0.907497
204 2.523862
313 0.542574
596 0.512622
1180 1.890126
14 0.154930
182 2.871749
