1107 0.644012
412 11.240801
19 0.510751
961 0.030793
457 0.083087
785 0.515820
966 0.172729
383 0.328214
34 0.098284
1180 0.042146
62 0.140369
733 0.267665
308 0.162490
147 0.285930
395 0.167957
755 0.660544
1351 0.297637
976 0.448678
239 0.933746
1356 0.952115
228 0.729476
125 0.003737
763 0.070088
1360 0.089425
700 0.063517
509 0.078018
1017 0.040946
232 0.063305
567 0.063229
814 1.994940
1331 2.045830
1220 0.361063
64 0.611559
1073 0.021230
1165 1.459371
851 1.192064
378 1.008886
706 0.794145
1136 0.257975
350 0.264436
724 0.649698
1258 2.535392
1051 0.586543
376 0.375410
337 5.172670
113 1.421223
622 0.578888
197 1.508721
945 3.602599
1104 2.687810
38 4.227671
1280 2.823118
534 0.841298
650 0.452717
1000 3.341923
1166 2.438540
1147 1.814309
568 0.897225
216 1.668697
1070 0.012541
1191 1.419092
1335 2.057021
1211 1.042551
