167 0.602329
698 0.247086
371 23.815229
708 0.739734
1025 0.286089
855 0.647702
732 0.568924
8 0.420503
1276 0.092407
630 0.054625
441 0.015378
576 0.078717
758 0.077489
480 0.105921
238 0.056090
541 0.674747
1335 1.232506
933 1.358338
264 0.917464
632 0.877682
1267 0.120453
351 0.699817
677 0.795805
1119 0.859106
683 0.340878
761 0.483662
1142 0.629406
1207 0.031896
682 0.487434
42 1.120129
1368 1.020535
346 0.784115
545 0.629211
1067 0.986986
1288 0.998997
495 0.572265
193 0.553989
911 0.024778
339 0.339369
382 0.320133
1278 0.626865
1084 0.024638
599 0.472778
475 0.596891
993 0.024322
171 0.144412
486 0.786667
430 1.342849
1300 1.671720
646 1.112608
127 0.329810
1325 0.143065
944 0.468088
825 0.397416
292 0.598096
1344 0.276810
744 0.305281
226 1.098625
494 1.255814
275 0.818835
48 3.652561
265 0.321909
121 3.080906
900 2.011659
1346 0.233543
756 1.267025
317 2.076318
745 2.371041
618 3.454191
511 1.890317
1052 1.980620
530 2.175705
1172 1.208462
182 4.467614
491 4.509360
1345 4.459890
251 1.972566
1120 2.541068
414 2.730461
1074 2.220847
624 1.784297
812 3.434903
192 0.533789
813 1.978186
1231 1.815812
261 1.600487
503 4.521785
645 0.655883
223 7.336995
220 4.872703
740 3.403946
1293 3.684727
