1108 0.529094
1258 0.121642
497 3.005471
97 0.196040
214 0.420565
1090 0.268175
1148 0.149742
101 0.230436
1373 0.959788
209 0.558814
560 0.316676
804 0.498936
1324 0.154880
232 0.712541
377 0.563482
1323 1.061896
460 0.954120
1197 0.207581
293 0.888080
1178 0.023413
1339 0.358792
464 0.740245
1146 1.115864
359 1.047634
1348 0.417923
272 0.962309
1247 0.107401
784 0.069992
900 0.268067
667 0.235404
44 0.491874
1332 0.969369
604 0.769060
953 0.235277
934 0.660409
635 1.033820
577 0.908093
512 1.037730
480 0.285653
348 0.557380
1174 0.673451
1153 0.541203
