1137 0.035563
559 0.174115
746 0.205244
148 0.030496
493 0.034991
632 11.307930
417 0.044229
94 0.114157
448 0.021761
612 0.744180
364 0.350866
96 0.605940
697 0.571640
1071 0.646570
111 0.374539
541 0.537587
1335 0.981966
371 0.877682
933 1.082220
264 0.730965
1267 0.095967
351 0.557561
5 0.685434
965 0.343157
651 0.202750
912 0.137196
716 0.352392
57 0.699517
388 0.489766
925 0.318949
1392 0.273606
693 0.358683
848 0.106189
579 0.449538
390 0.230198
592 0.305977
1214 0.310935
1117 0.138208
1173 0.231481
246 0.560465
870 0.392589
508 0.313815
618 0.207989
863 0.642623
1260 0.665821
698 0.327852
1043 0.971603
789 1.358751
1252 1.201515
661 0.259136
488 1.910091
466 0.679878
510 1.772156
1224 1.515909
949 2.382531
752 1.555203
770 0.001342
804 1.670667
750 1.150581
1220 0.188125
988 2.932897
265 2.788769
1138 1.516528
1255 0.285714
165 3.162233
1121 6.107644
952 2.915403
1342 4.470241
275 2.681982
1336 3.132641
