647 12.873572
841 0.284565
586 0.391903
720 0.213743
801 0.385485
504 0.591720
898 0.413189
16 0.304081
729 0.539018
582 0.272106
330 0.442175
891 0.043183
1151 0.346203
292 0.332770
153 0.280942
431 0.266117
1175 0.411489
1040 0.154179
867 0.515512
713 0.276459
673 0.121656
258 0.333519
877 0.015490
212 0.705106
1011 0.005402
689 0.308016
239 1.343183
791 1.092544
545 0.922959
165 0.983390
1220 0.355355
1091 0.479272
783 1.357623
1355 1.324634
346 0.932741
919 0.827595
953 0.966474
1292 3.552059
211 4.081054
1245 2.388868
151 1.572839
283 1.948012
938 2.211063
606 0.634447
530 0.365866
594 0.548160
660 0.096424
275 0.535575
26 0.041091
942 0.730757
990 0.163051
357 0.386858
81 1.316199
320 1.053580
1339 0.754923
998 0.966297
1010 0.662018
1064 2.186254
335 0.713796
227 1.614065
779 0.358514
158 3.536310
297 4.054711
1240 2.213057
17 2.151721
1159 0.694080
1368 4.561743
745 2.743353
645 3.914261
752 2.313331
1387 2.386194
