586 0.406955
1233 0.692608
246 0.847401
467 0.005848
1074 0.353711
598 5.040828
216 0.797964
64 0.476124
1068 0.692775
955 0.271730
1206 0.622445
69 0.246187
1138 0.730761
1133 0.754359
197 0.606307
821 0.189074
1254 0.101782
178 0.324477
1098 0.434542
18 0.313699
1041 0.411759
313 0.263494
643 0.125070
568 0.000666
604 0.028606
949 0.105290
1344 0.041187
459 0.129540
413 0.079132
1248 1.753026
92 0.174275
995 1.083908
1091 1.671294
939 1.739727
1007 0.289204
547 0.920702
712 0.932581
602 0.779461
220 0.769771
1028 1.158886
52 0.843007
1147 0.154347
594 0.621277
571 0.751362
1090 0.733170
1086 1.211939
367 1.090184
1318 2.209897
514 0.588941
537 0.254449
1372 0.161474
214 0.070501
720 0.225916
1220 0.478500
597 1.325881
1124 0.742966
