340 1.063760
625 0.806399
516 8.758999
434 0.649682
1128 0.257367
431 1.212451
765 0.737447
187 0.609576
527 0.153428
1296 0.121982
1221 0.185303
896 0.053630
1000 0.096197
690 0.124405
212 0.106317
1380 0.032961
519 0.740743
1336 1.163938
587 0.652115
905 0.802465
71 0.960024
501 0.717997
1385 0.489243
735 0.604275
1314 0.373866
1312 0.626087
1110 0.651936
1223 0.870191
44 0.478517
49 0.537920
583 1.482660
60 0.004705
1038 1.465058
107 1.008401
27 2.464252
809 1.339180
1204 3.068327
1101 2.116165
219 2.718181
106 1.598653
1082 4.303413
616 3.513581
973 2.290840
