1396 8.531430
185 0.466515
313 0.234550
848 0.487828
655 0.133215
990 0.363594
880 0.281605
309 0.277223
119 0.675069
1341 1.257846
804 0.504368
584 1.019853
1199 1.385210
1013 1.043578
384 0.737393
779 0.004756
768 0.033001
51 0.158889
557 0.130739
621 0.209215
960 0.339467
570 0.181820
1303 2.262312
661 0.496319
75 0.684840
1048 2.090367
767 1.289454
899 0.559155
893 1.453421
950 1.518318
953 0.072082
601 0.476801
914 1.490733
72 1.501934
1301 1.819608
1297 1.048551
555 2.962100
194 0.671022
1218 0.728988
84 2.740426
1207 1.462407
709 2.170456
1370 2.278894
1060 1.681025
71 3.892570
1075 4.789933
1224 3.204407
322 4.297801
1165 2.178412
204 1.254664
