218 0.207905
1392 10.781930
975 0.365743
613 0.169120
736 0.180495
224 0.452108
618 0.368220
6 0.242767
981 0.132055
720 0.259946
540 0.968938
1298 0.111572
361 0.214965
532 0.609145
26 0.333873
246 0.018373
743 0.029284
406 0.008429
695 1.531041
1247 0.033767
1096 0.038778
112 0.023280
36 0.111525
170 0.217070
1357 0.173692
545 0.192056
241 0.051253
1085 0.039345
333 0.133549
57 0.183458
925 0.780626
693 0.877873
848 0.259898
579 1.100242
632 0.273606
390 0.563407
760 0.451940
607 1.019067
637 1.096273
892 1.085203
296 0.812644
186 0.081776
684 0.659806
966 0.053208
144 0.163389
219 0.392396
534 1.777528
1200 0.850640
445 0.195658
702 0.949732
1132 0.556710
1024 0.566954
544 0.482953
118 0.627069
1103 0.067378
859 0.268398
730 0.410042
750 0.249967
476 0.027533
332 2.537057
205 1.922319
666 0.455552
734 0.211672
784 1.364938
65 1.791800
543 1.514467
1374 2.330725
694 0.161251
1316 2.713659
710 2.177375
853 1.739299
737 3.836402
142 3.892561
868 1.921981
1344 4.090111
652 1.284616
