1029 0.062105
23 0.188712
799 0.359042
152 3.714728
1132 0.024550
1197 0.015536
829 0.348974
39 0.186144
704 0.623577
871 0.150477
282 0.119199
280 0.022815
48 0.321014
896 0.234521
95 0.164096
248 0.379060
586 0.381521
1163 0.125914
751 0.341038
686 0.457770
374 0.484853
529 0.318838
1152 0.176632
712 0.387712
73 0.361868
87 0.312021
108 0.086654
1168 0.610736
1071 0.577842
196 0.202652
1046 0.700419
522 0.742950
19 0.338713
634 0.426483
695 0.128208
1254 0.310087
161 0.763904
1264 0.442355
1149 0.371260
1361 0.815023
640 0.474966
135 0.757085
241 1.757069
270 0.272371
968 2.164627
1353 1.799011
986 2.324198
669 1.295044
1222 0.233426
1340 0.210697
366 0.066000
57 0.072616
1317 0.163792
254 0.233484
791 0.128279
919 0.132487
867 0.073660
1261 0.132301
334 0.211391
446 0.017096
617 0.118882
1281 0.135757
