1193 0.134589
1148 0.564909
1338 0.184140
855 0.770548
293 0.373632
254 0.950937
1398 0.197698
477 6.224033
1255 0.073246
114 0.004400
512 0.067909
1250 0.055088
143 0.018357
911 0.083487
624 0.066699
1223 0.026372
975 0.025709
956 0.038367
495 0.003461
429 0.037611
1097 0.016314
627 0.021862
780 0.453347
1155 0.348636
545 0.355605
294 0.577815
118 0.420922
833 0.370042
186 0.662210
1355 5.937307
1189 2.276496
164 0.822520
612 1.571926
380 0.863370
1068 1.297277
894 0.790981
1354 0.841960
551 1.613223
348 0.693859
675 1.444599
1081 2.539528
