990 0.784416
639 0.338971
1287 9.843156
48 0.048918
1210 0.632584
154 0.040256
1080 0.239519
353 0.392573
1008 0.058584
880 0.126783
922 0.114790
1016 0.056741
850 0.048850
255 0.066568
785 0.078466
578 1.243345
670 1.040078
18 3.698006
772 0.604826
168 0.847865
871 1.548930
905 1.951565
1121 0.180685
157 0.726672
532 0.702637
615 0.393858
1156 0.464934
1051 0.494039
1037 0.366796
738 3.676818
829 2.262087
265 3.365352
789 2.317478
287 1.505304
177 0.439541
1122 2.027777
218 1.144037
1152 0.537478
552 1.400426
452 1.547702
84 0.090722
1166 2.804887
1132 1.430198
978 1.997318
321 0.017598
1339 2.925511
583 3.140230
257 2.119873
304 1.427301
70 2.212108
