467 0.156292
1149 0.153120
913 0.126108
688 0.065586
339 0.090820
690 0.109119
991 8.507795
65 0.143487
1382 0.407487
340 0.447206
1226 0.949857
469 0.706087
531 0.100581
1011 0.282247
178 0.355364
761 0.301472
1371 0.295903
440 0.050657
1003 0.004673
1180 0.216071
262 0.157490
317 0.164938
19 0.500904
1386 0.924148
1376 1.055631
681 0.271424
633 0.519125
292 0.058528
482 0.583875
160 0.334232
181 0.401587
846 0.161306
514 0.033167
323 0.208073
2 0.036895
502 0.238400
1374 0.021976
1238 0.095789
1168 0.245500
745 0.353148
868 0.339595
685 1.185180
441 0.437154
653 1.748041
177 2.152372
1243 0.381828
1163 0.526930
1176 2.429743
614 2.956648
1187 0.507617
588 3.084932
210 4.307337
54 2.778631
891 2.283328
1056 2.307820
1173 3.531859
1227 3.597325
628 1.352453
499 0.451392
824 2.529116
214 0.146023
1289 2.137081
