1189 15.209075
712 0.602193
415 0.241787
971 0.302123
1229 0.627132
597 0.636459
865 0.028428
34 0.333358
378 0.421335
145 0.546166
823 0.237910
463 0.258237
231 0.135409
542 0.752614
249 0.514453
759 0.296775
809 0.176672
1009 0.184436
987 0.044780
1217 0.069211
325 0.204011
318 0.151171
44 0.991732
1389 0.385824
637 0.789729
780 0.425278
370 0.386554
762 1.094934
386 0.697992
128 0.005270
87 0.016943
770 0.011771
913 0.003040
481 0.003981
1150 0.021120
470 0.011907
608 0.473516
491 0.331010
1364 0.071499
1121 1.475385
694 0.597841
50 0.259626
538 0.809612
1372 0.406102
331 0.767987
276 0.188836
1281 1.220813
486 0.741638
439 0.708834
649 0.622995
567 3.289474
1249 3.487760
1051 2.623453
458 3.309807
1274 3.127175
26 3.126866
855 2.035807
186 1.295031
1355 2.840363
164 1.608536
612 3.074089
380 1.688422
477 2.276496
1068 2.536980
1026 0.900447
435 2.316529
591 0.390924
732 0.178988
1233 2.475458
1123 1.628245
1076 1.263976
492 2.833002
86 3.251190
484 1.342243
359 2.951281
1013 0.608598
321 3.023266
1064 3.361752
