1372 0.068693
518 0.168160
1124 0.048849
1344 0.155827
756 13.160451
305 0.181328
419 0.155989
13 0.104901
467 1.645582
277 1.102632
839 0.730093
185 1.497556
1037 0.030492
401 1.190585
352 0.834810
1053 0.029050
553 1.048778
957 0.427538
1043 0.426288
1265 0.750340
941 0.022547
531 0.634626
853 0.003851
449 0.137244
616 0.914608
1044 0.426787
1138 0.922413
681 0.071083
679 0.463745
1183 2.061571
1219 2.516976
867 1.798014
1058 1.926103
945 0.100232
670 1.699809
741 1.352194
279 0.375439
444 0.356016
170 0.162673
669 0.012068
779 0.007236
1003 0.648546
755 0.440413
256 0.086796
737 0.940336
289 0.773477
627 0.680894
863 1.550190
644 1.897262
1090 0.700658
1134 2.204533
302 0.657092
1051 0.592034
767 1.440522
1193 0.129515
1199 1.955102
793 1.621735
580 0.994195
1322 2.275415
174 0.414893
1080 1.009884
200 0.981526
680 1.704527
882 1.354366
1346 0.106220
317 0.944346
745 1.078391
371 1.267025
618 1.571027
511 0.859749
1052 0.900821
930 0.292946
1341 1.080809
667 1.986918
889 0.737371
898 1.017513
1066 1.277824
39 1.210723
625 1.755176
294 0.725022
640 2.201813
701 2.378226
926 0.805513
1259 1.441004
