1204 13.544403
13 0.490368
546 0.669896
480 0.193558
1025 0.189815
330 0.514848
893 0.693356
200 0.398631
655 0.191958
583 0.436956
812 0.453753
597 0.449257
52 0.214233
520 0.083118
490 0.267196
791 0.131387
800 0.747718
1150 0.022081
567 0.399222
208 0.428973
709 0.873809
636 0.602669
1101 1.529986
219 1.965243
106 1.155825
516 3.068327
1082 3.111365
616 2.540317
973 1.656276
611 1.312128
388 3.296470
734 2.563809
1371 2.553517
532 3.413465
741 3.388717
1029 1.754809
624 0.862199
191 1.857856
173 1.001271
1099 0.350005
357 0.790024
1100 0.561237
1041 1.121379
676 3.117018
356 1.568306
1068 1.090387
318 1.312497
872 3.849083
1143 0.596181
1073 1.967462
833 1.847074
1314 1.787045
916 3.584976
1047 3.330805
1263 1.514321
501 2.766244
7 0.573174
419 1.817503
149 0.589734
986 4.227688
135 4.204941
696 0.363804
1342 2.521428
1391 2.521173
