513 0.624927
1234 0.779427
558 1.345500
974 0.248086
214 13.797886
149 0.868758
741 0.265016
61 0.503543
1108 0.850219
1258 0.283914
497 0.420565
97 0.457558
1090 0.625920
1148 0.349498
101 0.537838
550 0.077257
110 0.128611
52 0.249725
943 0.358072
1239 0.090389
911 0.250876
129 0.190803
1271 0.664777
1129 0.042295
1351 0.055379
248 0.408906
628 0.522421
1254 0.579656
1049 0.259674
853 0.482722
128 1.309046
363 1.380261
890 0.610706
915 0.852867
1014 0.921900
86 0.589962
198 0.231941
462 0.046982
159 0.383632
5 0.463089
540 0.647986
720 0.509293
1363 1.069727
539 0.706453
1136 2.207115
257 0.986606
1309 1.101589
394 1.984709
750 1.537959
745 2.052130
519 2.603000
982 2.122774
452 0.460398
216 1.637167
1324 2.341820
787 1.437721
1262 0.378106
317 0.650230
4 1.861349
116 3.410924
730 2.355287
53 2.693536
962 1.839312
1372 0.032692
598 0.070501
1220 0.096878
1318 0.206289
597 0.268440
1124 0.150422
15 0.488437
1126 1.212151
553 0.553566
892 1.026496
186 0.675843
442 0.906925
1196 0.611482
1173 0.234813
1227 0.239165
991 0.146023
499 0.030010
824 0.168146
1289 0.142082
980 2.089296
643 2.548613
1323 3.100197
794 2.463104
240 4.232063
1349 2.736876
1299 2.217823
