1276 1.260852
190 0.003921
162 0.316183
390 0.001680
1363 0.129273
21 0.002995
728 6.013954
295 0.530341
614 0.272278
226 0.277906
891 0.523729
1306 0.848647
687 0.767854
241 0.063811
298 0.518502
52 1.841118
308 1.551140
1253 1.242162
1132 0.314562
188 0.874821
913 0.082629
493 0.953142
719 0.109251
200 0.164441
484 0.101747
504 0.097347
280 0.111999
599 0.086227
512 0.164143
109 1.146256
1203 2.028434
611 0.717018
660 1.423087
974 0.973638
1328 2.027976
633 1.034681
1241 1.222428
1017 0.263929
1121 0.226393
862 1.309694
1122 1.157803
839 0.834264
947 0.370481
928 0.838624
359 1.233500
529 0.154846
848 0.613082
1139 0.731816
789 0.773711
