412 0.063229
763 0.702996
1360 0.896954
700 0.637089
509 0.782534
1017 0.410695
232 0.634964
567 18.000207
1204 0.399222
791 0.102594
800 0.583858
1150 0.017242
208 0.334965
709 0.682316
636 0.470595
1189 3.289474
1249 2.819291
1051 2.120638
458 2.675444
1274 2.527816
26 2.527566
855 1.645621
547 2.233869
1196 0.402204
1083 1.815506
1386 3.052555
575 2.507083
663 1.237157
960 1.636463
353 4.461432
257 0.609927
94 3.982276
459 5.711182
923 1.513273
528 4.264365
1256 3.133923
363 1.245654
1209 3.173368
630 3.962949
802 4.499904
667 5.734126
1000 3.106359
1363 4.111020
