1385 0.143917
1355 0.773234
1166 12.604505
823 0.125375
1260 0.294132
694 0.582321
678 0.751698
18 0.426723
1294 0.218454
1223 0.558074
723 0.542299
1281 0.450882
995 0.555715
764 0.091092
149 0.350810
1029 0.062387
591 0.000428
886 0.021547
1380 0.100020
707 0.007610
1150 0.005398
439 0.066290
4 0.520881
1038 0.169638
1334 0.232805
236 0.426921
1283 0.302188
168 0.691570
444 0.363118
797 0.051488
852 0.168393
731 0.760341
184 0.113188
1261 0.844379
207 0.623012
958 0.450188
986 1.667148
1322 1.894792
898 0.669304
109 1.760032
380 3.375741
1289 3.667323
989 2.016488
218 2.519766
1152 1.183807
552 3.084469
452 3.408846
84 0.199818
1287 2.804887
1132 3.150042
38 2.944789
412 2.438540
1280 1.966446
534 0.586007
1258 1.609734
650 0.315341
1000 2.327820
