975 0.070099
1038 0.047346
75 0.061676
858 0.075352
758 0.013686
882 8.244500
1273 0.085379
80 0.044289
482 0.105686
241 0.042110
1269 0.274434
1335 0.265554
1264 0.071866
242 0.113297
337 0.143852
326 0.438934
348 0.466915
30 0.391192
6 0.169096
260 0.080902
759 0.331431
341 0.305656
1381 0.766363
1346 0.218264
282 0.262616
784 0.154040
1291 0.280963
81 0.172289
346 0.200840
186 0.130297
1082 0.093200
666 0.259945
11 0.088253
209 0.530677
788 0.293578
865 2.436613
324 1.210876
679 1.577069
212 0.787525
102 1.713177
732 0.569664
880 1.363616
756 1.354366
580 0.781558
1322 1.788753
174 0.326157
1080 0.793892
200 0.771599
680 1.339966
744 6.394610
36 4.114921
1092 3.624054
103 5.711188
1132 1.168027
764 2.108620
1311 3.274590
