802 0.000883
831 0.039611
1001 0.025038
623 0.038450
465 0.021516
931 0.012009
223 17.260233
1 0.024843
766 0.405298
1363 0.267076
566 0.569456
898 0.166398
733 0.248669
753 0.566228
106 0.290991
411 0.291559
761 0.528743
341 0.108944
1128 0.301212
82 0.097732
1162 0.624473
1367 0.563659
1304 0.106522
624 0.048157
817 0.217085
129 0.147398
1395 0.132579
163 0.003796
245 0.117904
666 0.125008
2 0.902049
793 2.323029
933 0.171618
755 1.154332
565 2.356635
815 1.245186
1339 0.065713
78 0.034724
936 0.212606
158 0.183134
1340 0.040066
203 0.002250
982 0.137619
261 1.810327
503 5.114636
645 0.741875
220 5.511563
740 3.850237
371 7.336995
1293 4.167831
454 7.106963
343 0.672228
488 5.358029
1267 4.809020
845 1.895037
1158 7.508749
1328 3.835596
