741 1.006790
473 0.277043
615 0.336715
765 0.552234
1171 0.433048
1154 7.880220
738 1.019272
208 0.514448
899 0.144074
1320 0.484361
1318 0.318265
47 0.490708
48 0.179950
406 0.733392
274 0.263869
1096 0.113269
1234 0.636954
1253 0.122923
1091 0.002097
510 0.126947
1100 0.043073
1215 0.397764
74 2.641946
547 2.542364
1290 4.165415
206 3.285158
870 4.074155
1102 2.216043
1305 1.053002
666 2.216226
75 0.930351
628 0.163398
958 0.840898
1199 1.896134
678 2.706041
691 0.203838
645 1.489230
681 2.054896
148 0.302630
1196 1.208615
486 1.903144
1167 1.387470
2 1.828569
1395 0.469941
979 0.857996
1315 0.591884
936 1.721593
318 0.026832
1220 0.925861
775 0.713193
277 1.531389
446 0.728290
495 0.125860
527 0.176954
327 0.023908
1331 0.770629
