446 0.991561
927 0.635506
703 1.089986
193 0.320027
1356 11.898829
43 1.176742
363 1.204565
293 0.638040
755 1.279615
1351 0.576586
976 0.869186
239 1.808868
228 1.413152
125 0.007240
412 0.952115
979 0.807269
1387 0.184971
750 0.606474
352 0.586990
552 0.513411
16 1.035887
491 0.525337
812 0.182223
220 0.076333
677 0.139089
678 0.021595
19 0.065909
467 0.040836
592 0.094658
353 0.730973
1349 1.042095
952 1.096948
87 0.507780
594 0.088137
943 0.197197
1007 0.591163
266 0.694979
414 2.593863
124 4.346444
1195 1.583312
916 0.702772
1115 5.353452
1100 3.011116
654 0.101341
570 0.003954
953 0.083635
51 0.091893
421 0.032081
558 0.094699
1258 0.054289
1262 1.467889
899 3.983112
1237 1.959981
1376 0.325751
177 0.652701
1375 3.748503
505 2.394692
