1099 0.289494
656 0.513050
924 0.559078
805 0.361395
30 0.124658
542 16.694355
1132 0.360875
37 0.417250
378 0.450393
145 0.583832
823 0.254317
463 0.276046
231 0.144747
1189 0.752614
249 0.549933
360 1.112235
934 0.165602
125 1.316310
1312 0.655042
349 1.068839
713 0.830407
320 0.821079
763 0.384373
319 0.320827
1400 0.295516
48 0.035958
927 0.044071
607 0.307467
472 0.208415
159 1.003249
11 0.248214
735 0.231773
771 0.510700
643 0.292959
462 1.148344
935 0.572077
289 1.980022
388 2.593544
1215 0.694332
994 2.036329
200 2.002710
215 0.730655
821 1.630860
36 1.150428
118 2.512186
1254 0.810376
1316 2.811607
347 1.337936
537 2.675068
1043 1.708381
358 0.973326
691 3.580643
279 1.444617
635 3.538818
933 0.493032
953 1.071972
1127 1.967882
541 5.004895
247 3.809094
667 0.329719
703 4.289730
1061 0.416925
1255 4.132125
1134 3.018183
