181 0.274388
1254 0.048504
1072 0.048758
546 0.048458
359 0.274984
1199 0.230373
630 17.841358
141 0.184143
1276 0.592319
441 0.098571
371 0.054625
576 0.504569
758 0.496694
480 1.712401
238 0.359531
184 0.720916
782 0.767592
103 0.298565
671 0.203028
270 0.881106
1095 0.935387
239 0.575516
1238 1.208783
1122 0.858261
949 0.812069
618 1.611445
1223 1.651306
1297 1.522130
88 0.006392
364 0.024103
384 0.016077
1098 0.020977
685 0.013862
288 0.017198
525 0.017739
41 0.523180
417 1.396091
246 1.401296
904 0.749718
800 0.497726
333 1.299226
788 0.495677
339 0.109263
927 0.207531
1323 0.179777
18 0.343875
1032 0.197987
1134 0.159271
705 0.188669
306 4.087542
1233 2.294985
731 1.783087
309 3.474357
1173 1.429291
488 1.338010
1045 2.434236
327 1.206756
1159 1.411884
943 2.553459
684 0.411005
994 3.223182
760 1.974138
1183 1.616141
334 0.824409
533 1.492436
1050 1.037888
443 0.898894
966 1.356147
933 0.891312
1209 2.977527
6 0.638556
704 2.438417
923 4.528228
865 2.030342
132 2.169702
956 4.316423
1214 2.581432
154 0.113511
1385 2.785700
683 2.917345
112 2.802699
553 2.259049
113 0.043640
1216 1.610431
363 0.685984
802 2.478104
567 3.962949
667 3.157792
1000 1.710677
1363 2.263946
