1295 0.321503
541 1.582853
720 0.379878
174 0.196086
1184 13.964579
204 0.475160
832 0.176010
70 0.250426
1135 1.069586
1144 0.337974
525 0.575899
1375 1.098641
1363 0.861824
1165 0.349436
134 0.613381
313 0.400505
1353 0.430869
257 0.373891
328 0.681276
1225 0.373260
53 0.627762
378 0.373615
1217 0.234874
1093 0.569005
874 0.707128
251 0.103061
1292 0.469003
977 0.608449
418 0.776856
1160 1.808369
1369 1.437818
1256 1.381542
282 0.031453
593 4.433851
1149 0.915072
466 1.070790
474 2.060289
711 0.976410
65 0.431412
387 0.294368
1150 1.815579
1010 1.162321
1301 1.017623
1083 0.531236
261 0.307968
1245 1.217694
430 1.407393
299 1.155289
601 0.824248
276 0.759733
330 2.822324
1173 2.828427
38 2.335651
1095 0.349703
617 0.414311
1017 2.290778
547 0.561965
1088 1.576732
399 3.075807
990 0.666868
451 0.902516
1309 1.986567
