920 0.523701
21 0.017214
731 0.437317
1331 0.722357
409 0.746932
1160 19.059683
541 0.033144
164 0.380228
1104 0.225631
56 4.291088
857 0.186846
1207 0.283634
350 0.809894
1105 0.893412
256 0.608239
1369 1.218050
1256 1.170376
1184 1.808369
282 0.026646
593 1.712137
1149 0.775205
466 0.907122
696 0.126773
255 0.146501
683 0.034094
1050 0.067320
1108 0.143635
941 0.052748
596 0.077371
360 3.308048
688 2.370973
646 0.405872
296 0.589266
1209 2.394493
423 0.650939
965 1.752951
441 2.474934
229 2.281035
871 0.124244
379 0.344998
188 3.639677
1070 1.301205
1018 2.358917
287 0.601621
400 1.780079
1072 2.805598
422 2.875394
1175 3.358956
395 0.728575
1107 1.049597
1002 4.093127
169 3.267337
557 2.416015
829 0.155278
315 0.050449
1168 2.379540
905 1.491306
1103 3.069870
147 0.437305
1385 2.670602
297 3.502496
428 3.289822
1237 2.191286
1093 0.724043
314 2.847150
796 2.182669
122 1.680389
1279 1.858994
289 4.083121
1346 2.075936
