137 0.121079
745 0.013597
339 0.296224
1039 0.137834
1076 4.370177
769 0.414996
614 0.005492
59 0.251778
134 1.303899
1343 1.355886
643 0.069742
1288 0.020480
530 0.717776
784 0.399258
236 0.705798
80 0.336520
1191 2.212575
1150 0.361181
1290 0.112171
400 0.207492
493 0.374548
267 0.375313
1026 1.043559
1189 1.263976
435 2.684703
591 0.453055
732 0.207435
1233 2.868891
1123 1.887028
615 0.808297
787 1.364680
895 2.572707
1318 2.279307
966 1.561880
1308 1.494606
341 0.087610
488 0.059971
1114 0.087606
587 0.072268
1161 0.017242
1312 0.050779
