392 0.145289
740 0.061895
751 0.349002
363 0.369812
1208 8.566037
206 0.319336
1028 0.293277
319 0.207964
1333 0.506177
1128 0.494996
501 0.483104
1024 0.585999
534 0.800314
158 0.721511
786 0.409133
261 0.261795
7 0.316915
236 0.331725
1206 0.311333
280 0.064212
123 0.253102
826 0.313159
1014 0.584376
945 2.116515
90 0.307260
162 2.766547
987 1.740907
484 1.881528
859 1.525680
385 0.877483
957 1.364061
719 2.919920
782 2.324524
312 2.190704
234 3.747813
1004 2.306371
1300 1.368984
1040 2.837786
151 0.892248
707 2.210869
613 3.145511
633 1.083115
1243 1.156102
