148 0.011662
473 8.038884
1098 0.426229
192 0.477669
51 0.496397
338 0.234049
686 0.469725
55 0.286692
1357 0.294003
95 0.432906
1079 0.038508
225 0.072429
682 0.401700
1185 0.496049
84 0.286025
741 0.370339
615 0.123858
765 0.617645
1171 0.159293
1154 0.277043
738 0.374930
208 0.189235
156 0.711238
154 0.979545
339 1.287011
313 0.084911
261 0.740726
548 1.157048
770 0.581046
1358 1.305748
25 0.159936
901 0.232202
1313 0.020190
350 0.657392
1319 0.362601
635 0.561452
1015 0.339967
819 0.660164
1331 0.857493
746 0.097040
1230 0.066471
755 1.266926
921 1.233356
5 0.273427
462 0.436014
1283 1.254717
643 0.128008
671 0.785570
268 1.787162
1378 2.185190
374 0.777677
937 0.758270
601 0.692730
774 1.590698
1144 1.517555
1054 1.661253
586 1.077327
443 0.983894
855 0.776292
912 0.944713
807 0.836747
