216 0.126693
1337 0.071865
1233 0.269151
1345 18.927909
1140 0.506805
1295 0.091998
623 0.618429
578 0.378925
5 0.335548
300 0.016683
902 0.026725
1158 1.651304
941 0.147687
524 0.250313
584 0.213123
1195 0.156941
1390 0.408976
720 0.346273
69 0.169394
966 0.081313
157 0.406321
608 0.262286
200 2.881420
1285 1.888142
1346 2.834407
526 0.342852
1031 2.269476
684 1.172008
651 1.449660
1290 0.007878
676 0.003866
169 0.000034
660 0.022179
748 0.000068
811 0.026143
767 0.013883
17 4.055754
110 1.462928
352 1.786887
1196 4.471635
267 1.969526
1086 4.671308
1015 2.374420
1276 2.957079
670 0.714428
322 4.419403
1347 1.560897
921 0.658415
1087 2.521411
530 2.366559
1172 1.314469
182 4.859517
491 4.904925
371 4.459890
251 2.145601
1120 2.763972
421 2.010866
731 4.299501
324 0.315002
1023 0.045500
488 0.497704
29 2.798436
496 0.166780
