85 0.645732
1361 0.013462
623 0.108730
1103 0.424629
195 0.854012
1047 0.119141
1082 14.550824
15 0.449542
404 0.011314
1316 0.380274
275 0.039572
920 0.134932
1009 0.091855
75 0.067675
722 0.061883
1261 0.087389
581 0.151368
771 0.080480
1089 0.156158
292 0.119458
372 0.084748
872 0.757043
321 1.192220
853 0.090321
101 0.065677
1336 1.158940
286 0.502394
373 0.780810
1095 1.902711
230 0.230742
1123 0.107644
1073 0.967838
654 0.775826
700 1.538465
882 0.093200
186 0.128524
1381 0.511061
666 0.256408
11 0.087052
209 0.523456
788 0.289584
609 1.101143
877 0.680473
867 2.187018
384 1.752523
889 0.749021
1023 3.287833
827 1.837772
1204 3.111365
1101 2.145847
219 2.756308
106 1.621077
516 4.303413
616 3.562865
973 2.322972
584 1.258677
950 2.045315
238 0.810883
1096 2.044848
1237 2.562801
94 1.628803
1376 1.697200
