650 0.042770
687 6.114264
7 0.057202
496 0.011985
894 0.120384
859 0.116655
787 0.007456
43 0.093613
1260 0.505424
143 0.358065
247 0.385529
563 0.384401
702 0.012418
892 0.867754
296 0.465202
614 0.316864
226 0.323414
891 0.609491
1306 0.987617
241 0.074260
728 0.767854
298 0.603408
18 0.936310
903 0.363495
1029 0.254740
185 0.172376
70 0.105388
979 0.437429
486 0.225499
42 0.742108
1353 1.454832
1132 0.457792
155 0.177145
1176 0.802647
386 0.657103
755 0.262433
187 1.024107
1050 1.281392
437 0.316514
841 0.762319
397 0.833528
253 0.338225
704 0.646340
1011 1.168089
809 0.893705
898 3.100324
343 1.332981
684 3.321644
1002 2.057865
