79 3.361859
1221 0.163902
610 0.100163
420 0.151302
1374 0.287999
1062 0.560868
10 0.233122
38 0.150384
710 0.012801
157 0.156878
846 0.027311
606 0.086618
439 0.249642
46 0.359081
495 1.037768
1391 0.372330
551 1.097445
471 0.709868
950 0.196760
212 0.467182
262 0.698264
906 0.170702
1028 0.158955
1009 0.218706
48 0.017927
1293 0.287511
696 0.607670
300 0.355104
239 0.110851
1369 0.120711
1012 0.289674
508 0.267560
1249 0.102835
383 0.094107
433 0.162609
126 1.321285
903 1.740679
465 0.179314
923 1.477340
1196 1.211420
137 1.317903
575 0.883063
763 0.053998
1281 0.183278
241 0.610620
615 0.513219
483 0.316952
721 0.052855
650 0.329080
