704 0.839813
748 0.445113
471 0.589357
672 0.748501
502 0.809550
982 10.505771
133 0.791256
161 0.425832
1280 0.864497
639 0.524429
1321 0.871852
1388 0.345727
801 0.792170
251 0.804589
370 0.453311
800 2.560574
674 1.449043
504 0.123330
112 1.666738
1285 1.372295
197 2.473253
727 1.588888
745 1.919235
519 2.434431
214 2.122774
452 2.701772
216 1.531145
1324 2.190164
787 1.344614
1167 0.422194
1230 1.012465
1272 0.764393
667 1.221690
494 1.716801
444 0.954635
967 1.366075
1339 0.599273
78 0.316667
936 1.938880
158 1.670103
223 0.137619
1340 0.365384
203 0.020516
892 2.192150
1021 0.601919
915 0.451854
1217 1.398648
409 1.856062
1378 2.008697
