1108 0.542145
1258 0.181039
497 0.268175
97 0.291764
214 0.625920
1090 19.206683
1148 0.222859
101 0.342954
571 0.825440
1086 1.331426
367 1.197666
1318 1.308411
514 0.647006
537 0.279535
598 0.733170
774 1.578870
853 1.541548
992 0.340234
924 0.608530
1187 0.374718
468 0.575124
626 0.899411
256 0.070271
737 0.761313
289 0.626221
627 0.551264
863 1.255062
644 0.228267
756 0.700658
510 0.250869
252 0.158329
103 0.251850
998 0.064297
1234 0.000053
125 0.000239
796 0.134829
663 1.815941
1059 1.327348
1309 0.416959
363 3.629913
463 1.353805
1167 1.065479
817 1.862335
71 0.054016
547 0.101805
732 0.285246
778 1.131188
481 0.528226
772 0.889688
1088 0.579580
883 2.723224
1105 2.469953
976 1.113625
427 1.204334
1145 2.545237
1286 2.228368
1051 1.457125
858 3.736868
144 0.967058
1265 2.599106
157 5.345325
1254 2.033382
857 4.304028
1248 3.818666
397 0.839525
1314 0.578937
142 0.438491
1330 3.233825
515 4.973569
201 1.207980
1399 2.913609
