878 0.556545
153 0.393406
235 0.316376
1178 0.239292
82 0.495565
1253 0.121641
1005 0.424914
209 17.836966
907 0.202348
176 0.627518
224 0.140794
1382 0.658787
581 0.442753
254 0.255581
217 0.463786
875 0.249759
222 0.129264
187 0.386298
833 0.706998
697 0.705510
259 0.560871
354 0.364262
1373 0.783779
560 0.258603
804 0.407440
497 0.558814
1324 0.126478
232 0.581873
377 0.460149
355 2.649896
554 2.674672
23 0.258466
705 0.643490
1188 0.940613
339 2.337086
769 1.548113
1080 0.079906
486 1.529309
637 1.082682
1358 0.068491
1097 1.780285
552 2.106850
783 1.715978
882 0.530677
186 0.731810
1082 0.523456
1381 2.909959
666 1.459979
11 0.495670
788 1.648879
659 0.453273
63 0.772758
868 0.602653
1191 0.123104
1399 4.664253
858 0.190010
992 1.379178
1197 3.191872
1172 3.280249
446 1.926206
1301 0.140230
203 2.609372
609 3.781258
1075 2.314165
39 3.467473
34 0.382690
26 2.732119
164 2.158602
1398 1.057872
1245 1.826819
1338 0.163008
131 0.239651
316 0.588298
1015 0.862850
490 0.548899
414 1.543385
1384 0.860207
