710 0.011244
157 0.137792
846 0.023988
606 0.076080
439 10.922984
46 0.315396
1062 0.245453
79 0.249642
1088 0.214033
960 0.060084
1294 0.013633
712 0.050717
897 0.147012
1334 0.174310
127 0.108326
1029 0.483552
591 0.003320
886 0.167005
1380 0.775242
707 0.058986
1166 0.066290
1150 0.041839
1372 0.538279
331 1.017949
1189 0.708834
276 0.250298
1281 1.618159
486 0.983024
649 0.825766
150 1.258669
441 1.162770
186 0.709347
1262 1.154230
573 1.352163
713 1.326400
659 0.682837
1253 1.585474
1153 1.043682
329 0.431255
1180 1.258945
1391 0.024921
526 1.158980
714 1.239003
245 1.472468
1344 0.391093
465 1.270247
806 0.087537
113 0.867979
1070 0.941411
734 0.952811
912 2.559503
914 0.121363
1139 0.711929
918 3.356243
765 0.503304
810 3.359235
1190 2.089419
1317 4.276531
37 2.340045
360 1.260328
216 4.886934
563 3.738673
1219 4.842686
1263 2.493670
