518 0.102539
154 0.455656
818 0.016349
1363 0.043020
478 0.023611
245 14.049630
910 0.104315
78 0.077462
22 0.079613
585 0.095251
626 0.005710
816 0.129413
926 0.127667
989 0.085014
232 0.066341
1304 0.337393
624 0.152530
817 0.687584
223 0.117904
129 0.466861
1395 0.419923
163 0.012023
118 1.183124
933 0.692628
1077 0.627089
36 1.475328
821 0.079615
1110 0.304487
286 0.761937
1340 1.267505
1020 0.258986
489 1.940391
996 1.110164
708 0.743658
565 2.369771
901 0.665719
1135 0.586787
1119 0.000394
1152 0.763716
1227 0.942398
472 0.906289
587 0.639127
52 1.607268
1078 2.197744
201 0.767310
1221 0.778904
1268 0.135833
614 1.172270
1344 0.529449
465 1.719619
806 0.118504
439 1.472468
113 1.175042
1070 1.274452
734 1.289884
905 0.163703
1374 0.257935
97 0.221739
273 0.234736
628 0.216739
156 0.241895
751 0.133325
937 2.808776
670 0.850036
1043 5.877127
1185 2.944985
642 5.471749
89 3.322331
1178 2.956057
