1354 0.226169
239 0.393454
1375 1.993254
878 0.537074
417 0.132985
726 0.041847
926 0.374299
158 29.981893
409 0.153053
347 0.398043
283 0.509585
881 0.998928
689 0.008060
530 0.963456
230 0.651365
661 0.273983
1133 0.060868
594 0.187871
1295 0.005281
504 0.062280
492 0.129841
248 0.181201
1364 0.555750
49 0.410845
960 0.016035
1171 0.109569
197 0.389686
1372 0.470956
335 1.335262
498 0.467504
1010 0.010800
962 0.299887
112 0.504129
1380 1.132467
32 0.563693
429 0.781512
1164 0.353311
70 0.221685
725 0.040117
618 0.217092
1337 0.324858
1296 0.315311
437 0.226405
448 0.142111
393 0.742434
255 0.226750
857 0.444918
1100 0.492807
290 0.110888
591 0.371337
1333 1.983675
1128 1.939856
1208 0.721511
501 1.893255
1024 2.296495
534 3.136381
786 1.603367
890 0.494357
1123 1.936161
862 0.838631
240 2.092719
1314 0.231103
1148 3.420816
944 2.343806
368 3.232978
855 1.460913
1094 0.851341
360 2.886993
888 3.353247
502 2.195371
974 2.273239
1339 0.797469
78 0.421398
936 2.580120
223 0.183134
1340 0.486227
203 0.027302
982 1.670103
662 2.010001
912 2.766555
667 1.808542
1235 0.451717
1064 4.273518
983 1.584934
647 3.536310
227 2.235764
779 0.496605
297 5.616490
1240 3.065474
355 1.639451
173 1.127776
809 1.670653
346 2.052740
896 1.990708
1302 2.048890
610 5.021439
399 4.993027
1355 4.168113
1201 2.274378
874 5.694127
18 2.158166
1374 3.037106
