1218 0.684773
554 0.837457
1266 0.305276
392 8.007168
608 0.073566
1254 0.169326
34 0.903512
100 0.453537
740 0.087698
751 0.494498
363 0.523984
1208 0.145289
206 0.452465
1028 0.415542
319 0.294663
518 0.254875
1329 0.287236
421 0.862912
694 0.359270
104 0.742882
1057 0.101796
1236 0.445075
1307 0.415178
339 1.477000
329 1.958258
562 1.819253
447 1.294330
1177 0.066477
897 1.094825
236 2.559192
385 1.581539
1400 1.728930
1043 0.076024
1118 0.114995
1009 0.531171
978 1.389459
1283 0.576724
657 0.738479
1391 0.654042
65 0.596001
793 0.916099
173 0.756546
1152 0.489572
165 4.741683
1091 0.834071
335 2.630450
144 0.374557
887 0.719345
1110 0.379868
1277 2.796326
