435 17.040829
1390 0.412049
231 0.512024
138 0.543875
920 0.807797
1210 0.139248
1103 0.643376
125 0.446868
182 0.002277
1326 0.053729
884 0.093068
1357 0.045669
653 0.108237
42 0.050839
250 0.119402
1334 0.209298
73 0.196590
529 0.214296
211 0.195786
814 2.115883
254 0.155489
297 0.149751
568 1.446557
887 0.552195
869 0.129234
618 0.034949
889 0.486665
352 0.680655
100 1.008502
621 1.349759
440 1.548817
1106 1.316302
934 1.320253
338 1.502964
552 0.792821
144 1.887059
1074 0.727047
896 1.265255
923 1.610506
617 0.861988
154 0.867993
781 0.988180
194 0.695019
29 2.485734
745 2.658635
1136 0.717101
608 4.583188
1047 0.338662
990 2.451859
1275 1.484902
53 0.373807
1285 0.497122
1024 1.384057
1061 1.045481
1259 2.041494
1009 0.862971
276 0.777784
1250 0.004523
1235 0.639315
1162 1.319106
566 0.531229
1034 1.589813
1026 1.912564
1189 2.316529
591 0.830329
732 0.380173
1233 5.257909
1123 3.458417
1076 2.684703
915 1.367566
522 3.273177
26 0.835336
65 0.117674
559 2.706354
1199 1.697014
