802 0.004294
831 0.192686
1001 0.121799
623 0.187040
465 0.104664
931 5.790793
223 0.012009
1 0.120848
231 0.002362
470 0.001771
793 0.000163
471 0.002328
776 0.000546
171 0.000018
237 0.001516
262 2.643893
1015 0.439878
1281 0.551699
554 2.032453
350 1.667158
777 0.503922
515 1.104147
1069 0.085206
78 0.224798
1251 0.975111
149 1.968239
629 1.289821
1254 1.465103
1276 1.100432
258 0.377759
1366 1.124887
1144 1.615696
822 1.716277
958 1.115031
1233 1.929381
472 0.481239
33 0.106016
1156 1.685161
1333 1.645245
674 1.677586
1132 1.445644
949 0.860002
712 0.108658
39 0.154004
184 0.425450
957 0.271311
950 0.471173
