864 5.236933
1 0.176293
1185 0.064327
82 0.245283
531 0.188226
744 0.362886
619 0.183244
24 0.126990
501 0.035139
382 0.005055
1250 0.021473
692 0.015620
189 0.002260
332 0.015449
115 0.022435
1156 0.308162
551 0.179936
315 0.024908
1176 0.156332
729 0.231999
157 0.113381
147 0.156117
781 0.042960
488 0.582939
1344 0.776917
621 0.002698
594 0.915449
167 0.483860
248 0.186571
785 0.086511
673 0.177255
884 0.078004
622 0.161971
823 0.163116
198 0.106454
1301 2.765022
1138 2.057234
1137 1.283907
1207 2.405083
1292 0.139308
921 3.075330
824 1.770997
821 0.689955
1239 0.922451
271 1.504430
1163 1.511585
749 1.008565
1234 1.409697
1139 1.338220
978 0.182001
178 0.542469
468 0.165717
143 0.307281
1330 0.238585
927 0.254988
1067 0.332547
