134 0.679768
1343 0.706871
643 0.036359
1288 0.010677
1076 0.705798
530 0.374202
784 0.208147
236 18.232008
705 0.984883
1203 0.067033
833 0.581624
196 0.980238
446 0.059146
785 0.011752
332 0.626491
4 0.873695
1038 0.284541
1334 0.390493
1166 0.426921
1283 0.506872
168 1.159999
444 0.609072
677 0.264135
575 0.763429
661 1.138909
45 1.064934
121 1.225116
969 0.816665
459 0.685029
680 0.212004
1030 0.188335
1150 0.232792
811 0.136029
489 0.126604
1346 2.560113
658 1.560659
419 1.306853
476 1.453092
715 1.239916
600 1.241540
696 1.476394
261 0.859873
7 1.040915
1208 0.331725
1206 1.022582
280 0.210905
123 0.831323
826 1.028581
385 2.613895
1400 2.857497
1043 0.125648
392 2.559192
1118 0.190058
1009 0.877896
978 2.296435
624 0.722242
1006 0.555496
770 0.621889
417 0.276723
618 0.758357
679 1.500860
1049 0.902205
1202 2.673051
238 2.004933
1086 2.164317
1127 3.626681
237 3.474710
1232 3.363566
1110 2.205347
49 2.911848
645 3.914160
23 5.079037
201 1.028206
819 2.895414
949 2.291796
1222 2.554929
