1165 15.881960
1171 0.821229
966 0.809489
1257 0.594139
805 0.324718
1230 0.291839
460 0.762629
90 0.554410
1135 0.309075
1144 0.097663
1184 0.349436
525 0.166416
1375 0.317471
1363 0.249039
134 0.177247
954 0.168779
3 0.208733
1361 0.027190
490 1.622467
543 0.180772
593 0.231093
278 0.171675
51 0.734954
990 0.975372
533 0.976620
739 0.434114
1169 1.311859
589 0.760787
716 0.984117
257 0.250987
499 0.045632
743 0.722596
1049 3.045708
1186 0.289757
631 0.589376
48 0.447906
468 0.499426
59 0.750363
362 0.539634
160 1.099352
941 0.651191
654 0.561740
572 1.054253
648 2.330410
513 0.574777
180 0.510123
94 0.271671
334 2.228329
681 1.424858
814 2.072905
1331 2.125784
1220 0.375174
64 0.635460
1073 0.022059
412 1.459371
851 1.238651
1040 1.800055
8 0.743436
316 2.619384
165 0.553216
310 2.652791
735 2.706160
918 1.745887
512 1.992503
1065 2.581010
507 1.644192
1024 2.118797
955 0.949347
1042 1.296717
843 1.641543
390 0.131188
696 1.128499
486 1.412784
295 1.651163
1123 0.828288
1140 1.101555
185 2.445954
683 0.409905
1329 2.778511
23 1.063148
194 0.205679
1197 1.964440
325 2.586315
1128 0.836375
569 0.358417
338 0.973274
825 0.739871
401 1.242285
135 0.450206
1180 0.835867
1060 1.476881
71 3.419856
1075 4.208243
1224 2.815264
322 3.775876
204 1.102297
1396 2.178412
