1099 0.159169
656 0.282084
924 0.307391
805 0.198702
30 0.068539
542 0.360875
1132 14.306214
37 0.229412
1029 0.011710
23 0.244086
799 0.067700
152 0.024550
1197 0.002929
829 0.065802
39 0.035099
338 0.005079
252 0.207378
1298 0.107668
844 0.099023
861 0.098494
145 0.131738
20 1.390997
552 1.851152
1159 0.751544
117 0.271129
907 1.116785
181 1.153755
211 0.698721
324 1.105565
1205 1.735256
1007 0.144077
639 1.889245
46 1.889217
775 0.641563
423 0.997022
52 0.357966
308 0.301586
1253 1.912252
188 0.170090
728 0.314562
913 0.016065
493 0.185318
816 0.073949
917 0.095361
1357 0.470390
633 0.074337
109 0.004853
291 0.220795
527 0.249608
437 0.917012
377 0.679856
1011 0.022880
128 0.135159
1069 1.041081
539 1.198072
548 0.600250
1369 0.999189
997 0.981623
577 0.079288
279 0.062216
206 1.955978
25 0.641478
557 1.066432
42 0.439739
1353 0.862066
155 0.104968
1176 0.478158
386 0.389369
755 0.155506
687 0.457792
1024 1.556593
544 1.325964
118 1.721640
1392 0.556710
1103 0.184989
859 0.736897
730 1.125784
977 1.979885
182 2.018594
1190 0.681906
502 0.685145
505 1.284801
863 1.048425
472 1.118164
33 0.246329
1156 3.915490
1333 3.822745
931 1.445644
674 3.897890
949 1.998225
218 1.284816
1152 0.603617
452 1.738154
84 0.101886
1287 1.430198
1166 3.150042
970 0.005004
277 0.001158
721 0.000573
535 0.001736
596 0.001444
744 1.501784
882 1.168027
36 0.966396
1092 0.851115
103 1.341282
764 0.495213
1311 0.769043
