1395 0.009938
770 0.077095
898 0.079246
370 0.049476
502 0.103111
1136 3.846476
607 0.003499
82 0.058990
1291 0.207746
447 0.052897
1108 0.306918
1258 0.488340
1298 0.039388
1223 0.227683
277 0.168290
1363 0.855358
539 0.564883
257 0.788894
1309 0.880836
214 2.207115
394 1.586982
750 1.229759
435 0.717101
194 0.105428
29 0.377062
745 0.403289
608 0.695225
1047 0.051372
990 0.371923
378 1.063554
412 0.257975
706 0.837177
350 0.278765
724 0.684903
1051 0.618326
287 0.382147
342 1.102030
106 0.599140
361 1.732529
1381 3.044202
144 2.288545
1111 0.532459
