248 0.403379
704 0.322397
586 0.405998
1163 0.133992
751 13.957459
686 0.487140
374 0.096557
152 0.341038
392 0.494498
740 0.210663
363 1.258676
1208 0.349002
206 1.086879
1028 0.998184
319 0.707818
1257 1.050374
89 0.216712
541 0.119829
1294 0.089927
231 0.916887
1068 0.772228
479 0.841103
270 0.116470
285 0.378397
1152 2.014991
355 0.510304
1054 1.796110
961 0.135588
523 1.042541
682 0.208575
532 0.895740
431 0.119083
112 0.279734
399 0.938266
1221 0.776328
743 0.506238
905 1.053903
1374 1.660559
97 1.427533
273 1.511202
245 0.133325
628 1.395341
156 1.557293
655 2.011245
311 1.657098
415 1.749852
385 1.481931
246 2.170382
387 1.345600
836 1.225542
325 1.278879
239 3.853811
228 1.466489
377 3.810137
1214 1.236048
614 3.791019
888 2.021446
968 2.378325
60 3.478047
772 4.650628
832 1.418347
891 0.713066
468 4.266290
1252 2.337451
