695 9.646171
1347 0.076755
450 0.015727
394 0.268027
969 0.203137
184 0.241620
277 0.228937
9 0.166156
246 0.164974
743 0.262936
406 0.075686
1247 0.303197
1096 0.348188
1392 1.531041
112 0.209031
868 1.376697
659 0.349905
679 0.358675
317 0.246569
388 0.761323
123 0.390607
117 0.572186
722 0.190753
620 0.196263
403 0.070657
628 0.105543
672 0.188786
1246 0.142844
202 0.151212
152 0.128208
1254 0.126021
161 0.310454
1264 0.179775
1149 0.150881
1361 0.331229
640 0.193028
748 0.078461
808 1.603571
553 1.514643
1385 1.230512
1133 2.026423
873 1.083015
694 1.142951
676 0.338234
1060 1.478577
528 0.078459
949 1.525761
404 0.898460
1146 0.942767
936 0.116063
822 1.409109
39 2.819307
146 2.732620
1141 0.515013
768 3.765478
577 2.224521
1105 1.969362
462 1.206914
706 0.679651
70 3.091970
19 0.219847
1377 1.559216
1291 3.055987
1280 2.162020
540 0.460015
737 2.359254
142 2.393790
1344 2.515277
652 0.789994
