120 0.636774
600 1.269372
1045 0.389429
278 0.695884
1311 21.844742
380 0.791485
142 0.032130
30 0.426846
135 0.895393
858 1.079476
102 0.486801
204 0.159602
189 0.087482
271 0.060852
113 0.569984
786 0.032701
733 0.056473
275 0.571476
799 0.069735
732 0.206623
75 0.488986
218 0.300678
731 0.018773
1302 0.078069
924 0.702802
208 4.012971
485 0.171413
1119 0.115209
290 1.935595
852 0.017975
1141 0.044418
1231 0.020179
1313 0.047926
1140 0.049016
450 0.000048
431 1.625391
834 1.850417
445 0.055133
1190 1.510264
633 2.024176
145 0.369033
1052 1.080047
553 1.181161
935 0.562003
263 0.702931
556 0.910415
1224 0.928384
85 0.700669
1397 0.165343
266 1.576595
955 1.191102
1162 1.573160
766 0.795584
839 0.891382
177 1.889786
736 1.150417
1298 0.184594
44 0.645098
279 0.959547
276 0.276710
121 0.555620
409 0.871405
775 0.933485
187 0.076024
886 1.168325
1053 0.639489
554 0.525577
1106 0.153890
1343 1.651477
822 0.920942
456 2.170760
926 1.731313
513 2.441533
333 4.532426
867 0.615050
856 1.637523
150 1.051700
57 3.917017
1395 0.577440
366 2.862506
1031 2.306740
185 0.486634
511 0.234726
27 5.080688
61 2.405938
489 0.498493
1226 2.830931
744 4.210285
882 3.274590
36 2.709311
1092 2.386118
103 3.760312
1132 0.769043
764 1.388339
779 0.051732
814 0.090579
11 0.019370
594 0.027412
1398 0.019603
219 0.000634
1372 0.085637
