1107 0.919463
412 0.328214
19 0.729205
961 0.043963
457 0.118624
785 0.736442
966 0.246607
383 3.678527
70 0.108914
869 0.074310
699 0.185893
509 0.050711
571 0.198606
393 0.191206
422 0.114617
239 0.200717
1369 0.218570
1012 0.524511
508 0.484468
1249 0.186203
79 0.094107
433 0.294434
1099 0.004108
1161 0.037720
301 0.678271
1029 1.306797
455 0.163485
1350 1.293855
818 0.794980
350 0.990949
721 0.826465
693 0.948096
730 0.395687
1303 0.711324
783 1.062417
964 0.534542
1170 3.193871
1352 1.605161
1126 4.088305
657 1.149376
34 2.321643
1003 1.993806
1375 2.253073
