1012 1.059553
1175 0.890504
361 0.520515
179 0.314807
965 0.642605
280 0.159339
386 0.504702
505 17.994628
977 2.388118
182 2.434808
1190 0.822508
502 0.826415
1253 2.015230
1132 1.284801
863 2.550112
312 0.808471
1348 1.326234
82 1.115355
145 0.557313
206 1.633602
873 0.840847
541 0.743287
71 0.332852
23 0.265489
1224 5.362684
512 0.265833
306 0.799618
969 0.681664
612 3.153336
917 4.493930
631 4.566950
104 2.492217
61 0.392588
360 3.569097
1170 2.440832
1262 1.514070
899 4.108423
1237 2.021643
1376 0.335999
177 0.673235
1375 3.866432
1356 2.394692
742 2.222093
1319 6.569817
98 0.564763
307 7.371796
119 6.811414
1385 4.646300
