1369 0.399568
1399 0.143079
512 0.562857
1307 0.335069
1035 0.266654
1168 9.036589
292 0.422097
50 0.285185
1241 0.139916
942 0.786084
386 0.235250
910 0.740145
1370 0.195688
482 0.735278
421 0.424286
575 0.207777
932 0.282845
1195 0.266933
1269 0.261119
1202 0.195368
915 0.336717
503 0.214654
1071 1.373860
196 0.481819
1046 1.665294
152 0.610736
522 1.766415
19 0.805314
634 1.013992
1374 0.117461
1238 0.511976
1226 1.539882
991 0.245500
745 1.887515
868 1.815080
685 1.005191
184 0.179102
1331 0.096070
513 0.214188
256 0.345548
250 0.315169
747 0.194031
872 0.179522
1157 1.555995
449 2.807063
146 3.197117
189 2.671778
889 0.961277
804 3.383562
886 1.842036
407 0.700803
1288 1.439474
1025 1.456486
883 0.127468
696 1.218286
1103 0.752986
1002 2.931390
169 2.339981
557 1.730287
829 0.111206
1160 2.379540
315 0.036130
56 2.613802
729 0.488575
560 0.997023
990 0.462265
953 1.103331
946 0.950262
200 0.622241
1169 0.665454
