748 0.075271
808 5.019443
553 1.453060
1385 1.180481
1133 1.944032
873 1.184985
695 1.603571
694 1.096480
745 1.170403
92 0.755465
139 0.890145
1381 0.931263
162 0.915726
633 0.397631
711 0.567724
74 1.432429
583 0.443351
858 0.134135
956 0.218956
302 0.579453
718 0.395094
658 0.022666
1390 0.035388
440 0.050935
560 0.102248
1187 0.063991
1394 0.029495
1059 0.974494
839 1.621970
953 1.590981
485 0.975964
704 0.500321
307 0.202574
586 1.152917
359 2.651609
493 2.678350
176 0.239949
325 2.470882
990 0.944924
316 0.037178
937 1.402036
1089 0.495602
1212 0.186165
486 1.061190
376 0.289545
1080 0.805746
1246 0.703481
