793 13.850860
13 0.817071
657 5.307744
678 0.401194
1150 0.836485
161 0.590801
1112 0.024006
25 0.463611
296 0.839510
746 0.062490
1237 0.341583
137 0.237584
452 0.297656
1355 0.606435
160 0.342766
1331 0.261117
121 0.157496
636 0.123408
147 0.196982
1366 0.284030
166 0.303095
931 0.000163
231 0.061617
470 0.046208
471 0.060722
776 0.014234
171 0.000475
237 0.039543
81 0.109674
134 0.085267
1226 0.177373
351 0.152234
964 0.178092
310 0.062765
291 0.093854
1134 1.250233
302 0.372649
1051 0.335754
767 0.816948
1193 0.073450
756 1.621735
1199 1.395114
223 2.323029
666 0.178605
2 1.288796
933 0.245198
755 1.649245
565 3.367028
815 1.779053
422 2.521753
872 0.985971
1245 2.762897
926 0.886830
1258 0.023708
854 1.444728
460 0.435927
1085 0.309769
795 0.754203
1309 0.940448
544 0.739680
977 0.985163
861 0.509808
1283 3.658979
1391 4.149516
65 3.781281
392 0.916099
173 4.799845
1152 3.106051
