144 0.395617
1081 0.409237
658 0.149952
904 12.524343
966 0.187970
993 2.584327
266 0.314046
157 0.380008
879 0.028697
490 0.137806
1028 0.064474
926 0.060283
1389 0.097225
455 0.039928
192 0.090590
41 0.557601
417 1.487943
246 1.493490
800 0.530473
333 1.384704
788 2.476191
630 0.749718
1121 1.060587
466 2.340647
19 0.780692
1167 1.878063
89 1.100311
667 0.738658
823 1.177484
124 1.280956
791 0.519633
1107 1.150998
476 1.119936
174 1.626749
686 0.693329
837 0.546530
618 1.426377
123 0.093516
1171 0.584726
521 4.353576
56 0.135526
1095 2.201003
861 0.960645
358 4.716793
154 4.433226
892 0.796535
590 2.887367
1229 3.222009
