373 0.058450
1226 0.138501
1167 0.071806
1069 0.036808
60 0.047139
836 9.162406
198 0.004318
301 0.070758
744 0.705101
690 0.091927
903 0.451707
835 0.240290
1036 0.298607
1060 0.606771
522 0.370628
776 0.649228
874 0.026274
847 1.057627
277 1.046513
970 0.987518
85 1.741658
590 1.032627
824 2.207630
1001 0.521706
550 1.040191
971 0.900581
1268 1.706308
6 0.726494
698 1.379460
655 1.619965
311 1.334716
415 1.409425
751 1.225542
385 1.193627
246 1.748142
387 1.083819
640 1.262471
370 0.697523
68 0.272020
707 4.208311
1250 0.123735
74 3.889930
979 2.204652
