1130 0.600582
1251 0.469692
429 0.638797
721 0.521394
297 0.401834
183 0.385944
74 0.153167
150 8.936624
441 2.315856
186 1.412786
1262 2.298847
439 1.258669
573 2.693065
713 2.641754
659 1.359987
259 0.028646
1213 0.137899
198 0.314943
698 0.427783
457 0.330021
1294 0.449463
686 0.289180
332 0.116795
175 0.002394
1103 0.010698
411 0.138500
972 0.043789
616 0.128182
1016 0.081572
208 0.924092
57 1.053184
1395 0.155259
333 1.105579
366 0.769654
1311 1.051700
1031 0.620223
765 4.443202
135 2.139949
802 0.824903
495 2.728910
558 3.650714
992 3.615691
1117 2.777187
1097 0.417983
1096 0.439813
720 1.348838
1047 0.354478
356 0.194942
315 1.516599
1163 1.157213
