435 0.543875
1390 0.344034
231 0.427507
138 10.234219
920 0.674459
1210 0.116263
1103 0.537178
125 0.373106
1049 0.024682
1100 0.298367
68 0.350671
809 0.529001
556 0.130379
934 0.555481
897 0.476317
452 0.361583
837 0.692348
130 0.388239
222 0.649538
1144 0.289183
511 0.926105
426 0.482449
75 0.205954
648 0.043355
308 0.521131
210 0.018526
264 0.532700
1241 0.616374
639 0.972022
1349 2.598854
669 4.245732
244 1.836315
243 0.208626
848 3.906893
1350 0.751157
947 2.336254
670 2.465040
610 2.657114
487 4.450580
252 3.948893
1310 3.792226
1085 4.521550
1243 2.393198
801 0.516479
350 0.666115
683 0.201604
489 0.537733
1066 0.940167
296 0.757264
1381 0.499775
