813 0.516636
310 0.159675
1098 0.444741
986 18.153410
1330 0.420684
629 0.154872
532 0.362852
10 0.259010
698 0.186827
748 0.061489
766 0.112073
867 0.039091
529 0.083530
1162 0.093002
51 0.103418
135 7.664807
241 1.826315
270 0.283105
152 2.324198
968 2.249936
1353 1.869911
669 1.346082
354 0.389366
244 2.214495
1117 1.437195
82 0.039612
659 2.255336
693 1.649797
200 0.476733
1322 0.986277
898 0.348386
109 0.916131
380 1.757140
1289 1.908914
1166 1.667148
989 1.049622
1336 1.294657
301 1.909859
740 2.229831
1059 1.034790
127 0.044118
1183 1.041376
1000 1.245636
322 0.339733
591 1.521512
716 0.502482
561 3.520133
875 4.646981
96 0.241074
1064 2.446789
1277 1.699815
673 0.145181
1243 0.648127
512 0.715536
621 1.824586
539 2.675844
1316 1.488325
419 2.972830
149 0.964608
1204 4.227688
696 0.595062
1342 4.124218
1391 4.123799
