1155 0.078576
570 0.007982
1129 0.022453
1069 0.030818
1357 0.115806
1121 0.028507
859 9.367452
28 0.061948
650 0.152517
687 0.116655
7 0.203977
496 0.042737
894 0.429280
787 0.026588
43 0.333817
1127 0.081229
1346 0.065756
515 0.036281
734 0.196738
940 0.075037
224 0.083050
619 0.112306
1132 0.736897
1024 0.750457
544 0.639267
118 0.830029
1392 0.268398
1103 0.089186
730 0.542758
1014 0.392668
945 1.422182
90 0.206461
162 1.858968
1208 1.525680
987 1.169793
484 1.264283
698 7.778233
261 7.133786
554 1.906205
1025 0.979986
309 1.957002
31 5.361844
1337 4.118541
