517 14.659432
1265 0.497947
274 0.789002
402 0.528520
15 0.736083
1103 0.211910
278 0.475035
57 0.420930
977 0.593268
858 0.118711
894 0.734887
624 0.243983
76 0.313506
268 0.976436
195 0.580483
662 1.314592
290 1.004730
699 0.641400
1399 0.356590
188 1.081934
379 1.278941
359 0.658804
283 0.751331
785 0.131040
486 1.164403
550 0.928702
1056 0.397772
1367 0.591768
382 0.649084
1354 0.825366
889 1.068230
35 0.849220
1113 0.641067
576 0.554373
255 1.094909
386 0.645296
308 0.296118
852 0.756860
862 0.437819
82 0.719815
20 0.766153
1267 0.271905
552 0.637018
1030 1.421047
1067 2.264587
325 0.929945
234 0.229414
494 1.198447
1195 0.171629
661 3.166470
856 0.432570
203 0.102302
670 1.996022
711 0.204526
1120 0.565182
921 1.173594
1108 0.651960
1077 2.818990
67 6.244254
39 0.769536
369 4.050158
723 1.208868
1341 3.593364
1117 0.261361
697 3.061972
401 1.375928
926 1.785320
1092 0.062653
1365 1.699421
