947 0.766449
1232 7.037586
640 0.414590
393 0.049890
1088 0.797244
604 0.023976
1199 0.164376
81 0.433802
617 0.005600
175 0.002804
1006 0.000979
235 0.008337
1351 0.006272
196 0.008208
88 0.006068
908 0.585561
701 1.235613
1057 1.091706
820 0.210823
18 0.398546
172 0.883061
442 0.658097
1202 2.863759
238 2.147974
1086 2.318728
1127 3.885424
237 3.722611
236 3.363566
1110 2.362686
1227 3.277890
50 3.190537
762 0.376264
48 2.201443
34 2.742255
208 1.557173
643 2.923647
1157 0.411930
244 0.358270
978 0.484440
242 0.156056
52 0.115606
581 0.600987
1338 0.307298
