935 11.747671
348 0.047375
148 0.538064
105 0.163201
1257 0.589642
997 1.723243
472 0.471343
74 0.371377
237 0.015834
906 0.005862
304 0.019071
999 0.178869
271 0.019977
249 0.004533
155 0.010263
72 0.618185
1164 0.277181
1366 0.047820
492 0.418191
321 0.159070
1207 0.079251
196 0.369236
61 1.310012
878 0.021932
1068 1.469118
1052 0.366383
200 1.233555
19 0.605715
314 0.763965
678 0.719335
521 1.208881
186 0.107729
601 0.332837
32 0.207721
576 0.133116
445 0.624651
159 0.942963
11 0.233298
735 0.217846
771 0.480011
643 0.275355
462 1.079339
542 0.572077
1311 0.562003
263 0.472821
556 0.612384
1224 0.624471
85 0.471300
1397 0.111217
600 0.503107
1126 1.784643
1177 0.934020
726 1.558288
658 1.184519
1071 0.788439
725 1.182458
602 0.994893
783 0.118213
344 0.388246
423 0.162375
960 0.227866
55 0.018299
275 0.357616
779 0.319225
183 0.222801
1007 3.404138
494 1.831626
220 1.819448
132 2.950998
820 1.793793
86 2.293803
1133 1.547046
1062 1.799297
655 0.354397
169 2.226867
927 1.397881
686 0.363157
1294 0.155013
546 1.838538
929 0.922664
837 1.363053
6 0.601647
