269 0.224344
1174 0.589558
569 0.457639
292 0.330580
1235 0.074712
368 15.706701
1163 0.297779
4 0.386775
93 0.377356
773 0.725191
215 0.626243
15 0.019101
686 0.636828
89 0.838294
126 1.714533
1061 0.219986
821 0.093575
58 0.092357
553 0.154233
855 1.746094
212 0.253619
306 0.386481
471 0.845524
281 0.765078
121 0.763551
1146 0.441613
1012 0.715868
860 0.239764
726 0.537735
571 1.482679
1197 1.198864
585 0.583642
197 0.924864
993 0.644097
530 0.994546
740 1.667074
492 0.526323
1024 1.848387
694 0.672643
1212 0.700980
128 0.412467
717 0.993148
158 3.232978
1094 0.659715
360 2.237166
888 2.598471
502 1.701219
974 1.761561
48 0.210704
63 0.384542
825 0.206669
179 0.522188
304 0.830582
1013 0.674414
1077 0.481833
284 1.267622
550 4.987418
1028 1.148347
1060 1.601325
718 1.631445
1379 3.390777
1257 3.328565
1327 1.944544
206 2.179372
474 4.178037
1269 3.340289
801 3.899432
688 2.701763
1343 2.204776
