1081 0.377573
883 0.118016
222 3.185255
1242 0.372365
698 0.024187
34 0.089922
536 0.371595
131 0.214372
828 0.644299
394 0.164735
23 0.670396
1131 0.064779
113 0.541161
1236 0.294516
197 0.141301
875 0.108706
187 0.168134
833 0.307716
209 0.129264
697 0.307068
259 0.244115
354 0.158543
1346 0.488256
506 0.529050
1224 0.868241
932 0.132730
403 0.908558
345 0.732408
415 0.632138
452 0.507482
837 0.971711
130 0.544893
138 0.649538
1144 0.405868
511 1.299788
426 0.677118
1280 0.271751
1347 0.127475
1319 0.632157
841 1.168254
1316 0.586205
537 0.881130
532 0.635586
966 0.283249
484 0.074447
267 0.345210
372 0.603190
465 0.430937
468 0.287581
539 0.320449
1375 0.221176
829 0.117893
573 0.090736
248 0.406177
1067 0.009681
255 0.336088
716 0.213105
