481 0.087821
104 3.362182
1316 0.009520
561 19.334196
1377 0.194691
243 0.130759
736 0.236227
142 0.127747
252 0.626061
508 0.092674
172 0.496711
1010 0.088270
636 0.086172
148 0.538673
213 0.348421
1 0.069931
288 0.105197
194 0.036509
437 0.030544
1198 0.689865
771 0.239586
432 0.144930
1021 0.601529
1039 0.376186
1027 0.558203
333 0.761170
65 0.240114
514 0.520146
653 0.210239
22 0.445135
469 0.581489
127 0.203499
1309 1.124703
438 0.028084
1225 0.120638
589 0.157678
1304 0.508549
768 0.599704
112 0.525942
359 0.515694
1205 0.372980
675 0.365939
1200 0.685327
857 0.080913
201 0.730706
1182 0.294101
962 0.535620
1233 0.006736
894 0.428654
737 0.517197
611 0.329354
1282 0.067968
26 0.443378
943 0.433727
1139 0.377839
895 0.262711
322 0.286899
591 1.284893
986 3.520133
716 0.424338
875 3.924303
96 0.203583
1064 2.066275
354 1.258705
94 2.943804
842 3.061730
387 4.374549
343 0.223731
1072 2.344889
640 3.994963
644 0.810525
1062 5.940395
592 0.487981
227 3.874661
686 4.148215
1143 3.013280
255 1.204780
593 4.567413
23 3.587067
938 0.769506
605 1.067505
25 1.326822
1146 2.686448
588 0.410348
762 0.379044
195 0.314535
174 0.015476
1376 0.148980
425 0.090515
1273 0.342040
1256 1.250312
215 1.243864
978 1.313390
735 0.951947
705 1.322735
668 0.025615
1371 1.238017
