713 0.638991
1270 4.775983
1095 0.386083
876 0.595341
78 0.073829
666 0.289858
429 0.746993
36 0.394423
881 0.916331
364 0.553053
1279 0.669739
586 0.140390
1276 0.687285
196 0.148096
179 0.600032
936 0.706989
97 0.647493
1042 0.551387
10 0.116270
878 0.194301
763 0.489964
224 0.355121
490 0.111555
121 0.121852
190 0.258129
1222 0.249577
923 0.081150
189 0.230333
234 0.200823
343 0.582107
113 0.294600
219 0.980178
1020 0.340471
62 0.880281
1071 0.033547
288 0.506043
84 2.145567
432 0.767741
448 3.275411
57 2.857620
447 2.986638
173 2.643294
868 0.422976
