343 0.461058
113 0.233338
219 0.776351
1020 0.269671
1270 0.506043
62 0.697227
1071 0.026571
288 11.737090
1 0.177890
561 0.105197
194 0.092872
437 0.077697
1198 0.687183
771 0.609457
432 0.368673
88 0.206767
364 0.779716
630 0.017198
384 0.520070
1098 0.678578
685 0.448426
525 0.573831
122 0.358693
535 0.767679
74 0.602220
954 0.525201
125 0.623481
1343 0.446124
676 0.419430
485 0.027226
1162 1.421180
365 1.426693
488 0.262194
419 0.007734
19 1.881632
834 0.999260
784 6.432194
981 5.398405
204 6.428865
1129 1.002683
1080 3.740814
624 3.025233
1238 3.239200
401 2.933172
344 5.973474
666 5.350676
201 3.961903
530 4.033092
15 0.350575
1377 3.013298
