417 0.355338
414 0.095483
668 0.000420
708 0.143359
566 0.433430
1211 0.308785
510 12.121641
366 0.288260
1186 0.877598
301 0.571206
343 0.891078
1385 1.057339
306 0.657262
199 0.932051
380 0.550111
1096 0.067815
1234 0.382025
1253 0.073595
1091 0.001256
1154 0.126947
1100 0.025788
406 0.192324
1263 0.900350
1098 0.585718
886 0.357744
87 0.050541
785 0.608973
225 0.856293
536 0.904115
661 0.163239
488 1.203234
632 1.772156
466 0.428279
1224 0.954925
949 1.500841
752 0.979678
252 2.019478
103 3.212343
998 0.820107
125 0.003044
1090 0.250869
796 1.719737
658 3.531237
772 4.519845
1353 0.688127
377 3.181359
189 4.149464
456 1.671635
1135 2.864538
279 1.681718
235 0.508692
1119 1.681908
1057 2.154272
534 0.625994
362 2.233936
1394 1.748515
