254 0.061249
625 13.344589
1131 0.097901
366 1.171467
1243 0.084924
1235 1.160517
724 0.133331
137 0.616562
340 0.783673
516 0.806399
434 0.478621
1128 0.189602
431 0.893214
765 0.543278
187 0.449075
267 0.002961
680 0.025753
784 0.003337
110 0.042845
807 0.004439
438 0.024446
219 0.860100
8 1.071955
1068 1.387408
1174 0.956824
919 1.242896
1312 0.964622
812 0.169759
1353 1.239726
822 0.409965
700 0.479555
405 0.004266
1141 1.136379
655 0.655165
710 0.732598
39 2.025567
756 1.755176
294 1.212978
640 6.201408
701 3.978826
926 1.347641
1259 2.410832
1066 7.146954
828 0.755373
1298 5.769281
1275 0.460471
1191 1.975378
1320 3.977641
