686 0.676089
599 0.465483
1101 0.520883
455 0.005431
1319 0.138004
338 16.939428
710 0.090089
23 0.295636
148 0.009073
473 0.234049
1098 0.331611
192 0.082995
51 0.386203
55 0.223050
252 0.019227
1298 0.009982
844 0.009181
861 0.009132
1132 0.005079
145 0.012214
605 0.566826
15 0.187947
803 0.189311
707 0.362374
363 0.202498
1009 0.984029
235 0.522221
21 1.461540
60 0.901892
50 6.912662
752 0.460817
977 0.269762
355 1.509439
327 0.793804
140 0.236429
225 0.051359
985 0.565564
421 0.474039
418 0.448824
776 0.435779
1144 0.259497
129 0.109249
1004 0.689953
261 0.346460
183 0.400974
314 0.546841
521 0.280737
408 0.387306
621 1.963771
440 2.253382
1106 1.915095
934 1.920842
552 1.153479
435 1.502964
568 1.178587
545 3.297088
1380 0.226074
1360 0.331950
827 0.921030
895 0.783957
735 0.024805
901 1.927327
1165 0.973274
1128 2.025092
569 0.867824
825 1.791428
401 3.007909
135 1.090070
1180 2.023861
147 3.081172
705 3.400064
267 5.683561
1124 2.230859
432 3.323065
1355 3.595793
