704 2.385873
831 1.548600
1247 0.707954
619 1.238546
1252 6.272045
588 0.603338
772 20.646885
731 1.363704
270 1.557547
1292 1.316831
1242 1.175003
29 1.377030
14 1.256666
380 1.182850
414 0.178481
578 0.409268
670 0.182635
18 0.649361
168 0.148883
1287 0.604826
871 0.271988
905 0.342690
1045 0.236012
1246 0.079225
770 0.253326
1017 0.033247
145 0.167180
972 0.131273
71 0.213748
547 0.402853
732 1.128753
778 4.476243
481 2.090252
1090 0.889688
1088 2.293468
194 0.786188
841 1.082848
1158 1.375429
466 2.726374
424 2.522725
1026 0.083976
1113 1.814290
658 3.139650
1353 0.611819
510 4.519845
377 2.828571
189 3.689320
456 1.486264
1135 2.546883
968 3.961042
60 5.792601
832 2.362222
891 1.187594
751 4.650628
468 7.105401
