1377 13.813178
424 0.834024
127 0.546146
284 0.635323
1283 0.357897
375 0.292595
583 0.319575
91 0.544231
481 0.330295
104 0.597017
1316 0.035804
561 0.194691
243 0.491782
736 0.888444
142 0.480453
440 0.683094
1009 0.736965
325 0.064039
1126 0.332633
678 0.625484
1008 0.846235
229 0.601898
1278 0.200031
20 0.301371
332 0.658966
1044 0.463712
782 0.503602
880 0.190329
618 0.494623
1116 0.144287
545 0.100900
76 0.186910
134 0.056972
1236 0.158938
1096 0.182551
1020 0.099125
231 0.101669
509 2.155525
1332 0.462527
732 0.850636
556 2.355637
361 0.662294
1048 1.605794
655 1.716070
879 2.414437
153 4.869593
280 3.612146
86 0.022287
1148 4.200346
1074 2.805047
462 0.824849
706 0.464498
70 2.113166
19 0.150252
695 1.559216
1291 2.088574
1280 1.477604
401 2.339336
288 3.013298
344 4.764113
666 4.267404
201 3.159795
530 3.216571
15 0.279599
