1191 2.502521
640 0.029187
653 0.028282
945 0.051608
1211 9.218075
703 0.003409
611 0.029806
122 0.025902
417 0.601703
414 0.161684
668 0.000711
708 0.242753
566 0.733939
510 0.308785
366 0.488119
77 0.527756
679 0.696493
275 0.619980
613 0.022382
696 0.534538
289 0.709874
663 0.393885
1049 3.458214
100 4.476393
1107 3.283730
228 2.047127
734 1.450470
343 4.205099
1150 2.510983
1147 3.183023
568 1.574090
216 2.927562
412 1.042551
1070 0.022002
1335 3.608837
93 0.835282
365 0.044614
1118 3.716792
735 3.793729
203 5.054986
425 3.566131
1380 2.620852
