569 0.853712
124 6.764370
1340 0.740929
522 0.443806
8 0.158902
310 1.092860
129 0.619206
103 0.442627
1000 0.560753
1156 0.481711
809 0.353799
1126 0.020700
172 0.135971
1124 0.484157
1186 0.692478
654 0.435902
455 0.141604
408 0.857015
141 0.148077
803 0.837801
835 0.435650
791 0.602963
1107 1.335577
476 1.299533
174 1.887620
686 0.804514
837 0.634173
904 1.280956
382 1.967962
866 0.492200
1097 1.756104
343 1.115681
491 1.511064
947 0.200790
968 1.005954
1218 0.326087
456 0.015161
1036 0.089077
128 0.123999
1361 0.473692
579 0.090753
1096 0.420056
266 0.507681
414 1.894812
1195 1.156607
1356 4.346444
916 0.513374
1115 3.910688
1100 2.199615
