861 0.012399
1293 0.100939
558 0.265178
1285 0.129712
256 0.402264
1029 0.561118
902 0.000010
118 13.937035
245 1.183124
933 0.563902
1077 0.510543
36 2.575074
821 0.064818
1110 0.247898
286 0.620330
1362 0.327856
135 1.097015
1372 0.853654
29 0.575881
484 0.401517
1375 0.714561
457 0.559046
164 0.103652
1061 0.147008
339 0.051221
1070 0.168379
460 0.296835
320 0.047725
582 0.148765
1132 1.721640
1024 1.753321
544 1.493545
1392 0.627069
1103 0.208368
859 0.830029
730 1.268065
780 1.368852
1155 1.052686
545 1.073726
477 0.420922
855 1.593897
294 1.744677
833 1.117318
542 2.512186
1254 0.967820
1316 3.357860
347 1.597877
537 3.194793
1043 2.040294
799 1.526006
25 1.493795
451 3.158974
450 2.914445
300 0.687528
326 1.822660
1227 1.799366
1049 1.793546
673 2.324061
45 4.694159
954 5.170092
898 1.373355
1236 4.669576
1260 2.855061
