1258 0.236389
691 0.496194
656 0.427369
1340 0.506729
96 0.167392
250 0.410899
981 0.155530
45 11.362735
1164 0.199067
384 0.185305
1111 0.320923
1021 0.228631
957 0.300688
762 0.154366
49 0.174817
677 0.318283
575 0.791867
661 1.372385
236 1.064934
121 1.476265
969 0.984082
459 0.825461
228 1.278928
213 1.137998
830 1.245621
405 0.093536
880 0.843999
270 0.464442
518 0.790393
1059 2.094346
583 1.656193
564 1.296062
1011 0.915145
611 0.341064
1378 1.119463
1039 1.095388
1049 2.047696
673 2.653386
118 4.694159
954 5.902706
898 1.567962
1236 5.331266
1260 3.259629
777 1.564224
1348 2.520091
272 3.081186
1296 2.851928
1324 1.326061
468 1.352373
1269 1.996411
1153 0.476445
1098 0.841294
1185 1.193214
42 0.933172
37 0.440325
491 0.241748
1300 0.651569
997 0.708130
167 0.873042
10 0.249813
729 1.330918
1379 0.726466
