476 0.231522
11 0.098874
241 0.444120
10 0.731373
734 10.218482
1075 0.083969
1197 0.720975
41 0.377285
250 2.480326
101 1.897015
445 2.501436
841 0.430564
998 1.318572
133 1.786819
617 1.298723
1127 0.875311
1346 0.708585
515 0.390961
859 0.196738
940 0.808592
224 0.894940
619 1.210196
245 1.289884
1344 0.342598
465 1.112738
806 0.076682
439 0.952811
113 0.760351
1070 0.824678
750 0.025736
1392 0.211672
332 0.261212
205 0.197919
666 0.046903
784 0.140532
611 1.481247
1204 2.563809
388 3.721350
1371 2.882638
532 3.853425
741 3.825487
1029 1.980986
1004 0.422685
1381 0.625602
279 0.594882
1339 0.244787
1294 0.675484
1227 0.300547
1147 0.411280
1211 1.450470
1049 1.316217
100 1.703742
1107 1.249807
228 0.779149
343 1.600486
1150 0.955695
1349 2.055070
216 1.304405
183 1.419045
1254 2.211789
5 1.346302
928 1.207251
1278 1.204311
