677 0.196406
575 8.471271
661 0.846873
236 0.763429
45 0.791867
121 0.910975
969 0.607258
459 0.509376
680 0.784166
1030 0.696619
1150 0.861055
196 0.264260
811 0.503145
489 0.468284
1168 0.207777
932 0.728079
1195 0.687120
1269 0.672152
1202 0.502900
915 0.866752
503 0.552547
126 0.961491
903 1.266681
465 0.130485
923 1.075051
1196 1.337309
137 0.959029
79 0.883063
763 0.094437
1379 0.216847
1134 0.140821
717 0.057017
1180 0.082644
1332 0.002060
795 0.110610
43 2.929924
918 1.327645
1376 0.824778
1324 0.352989
1115 0.732256
161 2.497622
956 1.534528
547 2.531361
1083 2.057283
1386 3.459075
567 2.507083
663 1.401913
960 1.854396
499 2.762332
344 0.533542
55 2.570192
1181 0.955675
40 0.915759
784 2.369197
1187 1.677063
