677 0.590446
1119 0.637411
683 16.034729
761 0.358852
1142 0.466986
1207 0.023665
682 0.361650
371 0.340878
1012 0.212139
649 1.304492
282 0.851159
410 0.305093
506 0.783729
474 0.864856
391 0.757917
41 0.000153
523 0.017691
796 0.002486
1169 0.002226
875 0.005029
749 0.006681
581 0.009130
696 0.480278
255 0.555019
1160 0.034094
1050 0.255042
1108 0.544159
941 0.199834
596 3.250539
1247 0.039746
495 0.711166
1106 0.442408
1343 0.108910
871 1.063019
1297 0.884522
716 0.313687
1372 0.281900
972 2.395069
285 1.105548
1097 3.107072
1363 2.134201
658 0.490753
765 1.675620
18 1.436650
521 1.460335
802 1.951231
976 1.738439
965 0.500778
1299 0.633871
831 1.220635
1085 1.533506
809 1.320035
1325 1.478588
782 2.815497
1128 2.737831
883 1.603850
185 0.591239
1329 0.671626
23 0.256986
194 0.049717
1197 0.474847
325 0.625168
1165 0.409905
154 0.235473
1385 5.778768
112 5.814031
553 4.686261
630 2.917345
113 0.090528
1216 3.340742
801 1.008455
350 1.300628
138 0.201604
489 1.049954
1066 1.835730
296 1.478602
1381 0.975840
