1353 0.000557
556 0.067893
1060 0.583580
614 0.580897
1200 0.047638
178 0.501628
661 0.008346
227 9.085583
825 1.298773
638 1.334664
941 1.456642
631 0.782809
1249 1.143097
1288 1.537714
400 0.875822
954 1.542585
1225 1.848763
90 0.040444
204 1.419941
602 0.054364
914 1.245225
732 1.358113
654 1.007277
1295 1.098137
1308 0.198383
1036 2.242274
407 1.574621
1068 0.913310
995 1.234915
640 2.788187
644 0.565686
561 3.874661
1062 4.145954
592 0.340575
686 2.895145
1143 2.103045
1064 1.382217
647 1.614065
335 0.451284
779 0.226663
158 2.235764
297 2.563513
1240 1.399163
