552 0.286799
291 1.732017
144 1.123117
1302 0.312757
645 18.784229
629 1.634611
633 1.101817
375 0.871671
765 0.124769
1375 0.176428
1376 0.201831
340 0.070887
283 0.341393
320 0.354074
414 0.178606
921 1.262299
725 1.405129
662 1.325596
616 0.981994
925 0.841431
1243 0.928789
377 1.270699
595 1.198692
381 3.392957
463 3.152323
1096 1.780968
334 1.237271
798 3.241457
876 1.888796
691 0.268285
681 2.704588
148 0.398312
1154 1.489230
1196 1.590740
486 2.504857
1167 1.826144
236 3.914160
49 3.251865
23 5.672117
201 1.148270
819 3.233512
949 2.559409
1222 2.853268
261 0.161832
503 0.457217
223 0.741875
220 0.492700
740 0.344188
371 0.655883
1293 0.372579
17 3.613801
1159 1.165703
1368 7.661418
647 3.914261
745 4.607444
752 3.885225
1387 4.007598
