947 18.450522
805 0.060752
1141 0.112082
451 0.189224
1027 0.105232
102 0.163951
934 0.122663
44 0.116230
1232 0.766449
640 0.481506
393 0.057943
1088 0.925921
604 0.027846
1199 0.190907
81 0.503819
380 0.000635
336 0.010492
100 0.006064
674 0.005459
447 0.007935
1164 0.010255
276 0.005275
835 0.020890
353 0.034757
350 0.138957
524 0.028296
235 0.057525
610 0.089248
528 1.917424
765 0.015016
120 1.796062
1119 0.499932
438 1.050810
713 1.898758
1167 0.769021
595 1.037627
1241 0.547978
1017 0.118312
1121 0.101485
862 0.587096
1122 0.519008
839 0.373975
728 0.370481
1349 1.318002
669 2.153212
244 0.931282
243 0.105804
848 1.981370
138 2.336254
1350 0.380947
382 0.478912
866 0.119779
124 0.200790
1097 0.427355
343 0.271506
491 0.367724
968 0.244803
1337 1.017137
1102 1.757845
93 1.735190
582 0.867483
493 1.801332
1139 1.167910
538 1.549304
907 1.231936
228 0.879265
545 2.099899
799 3.135522
1047 5.407258
1182 3.469367
377 4.131036
1104 1.355862
1201 3.356764
1049 6.495587
500 0.932543
522 6.711888
1206 3.496008
