764 0.678442
794 0.733147
1146 0.320627
1350 0.404914
573 0.082803
975 0.461474
457 0.015726
273 5.315083
310 0.427701
774 0.254381
265 0.344618
29 0.305057
867 0.160473
879 0.368695
344 0.227527
686 0.166006
576 0.396240
154 0.219757
839 0.131440
205 1.071302
1062 0.147242
447 0.635239
905 1.855534
1374 2.923631
97 2.513359
245 0.234736
628 2.456681
156 2.741818
751 1.511202
352 0.187259
315 1.439748
1397 0.826234
564 0.667981
274 1.148375
479 1.517180
763 0.778500
195 0.216447
1362 0.270372
507 0.359405
586 0.153507
62 0.329977
386 0.050798
847 0.213434
610 1.201455
1238 0.326035
1221 0.817221
856 1.475405
232 0.649203
48 0.541448
951 0.868772
