1165 0.554410
1171 0.428691
966 0.422563
1257 0.310148
805 0.169506
1230 0.152343
460 0.398101
90 4.102217
1233 0.083090
883 0.128451
255 0.089564
507 0.124417
741 0.094865
843 0.141260
228 0.073748
944 0.038347
55 0.088606
1398 0.014610
1057 0.001095
1349 0.032193
754 0.073627
478 0.171931
106 0.374467
643 0.882388
1038 1.175414
849 1.225879
456 0.902824
12 1.159802
658 1.042801
954 0.028140
1225 0.033725
227 0.040444
204 0.025902
602 0.000992
914 0.022715
732 0.024774
337 1.048626
1148 0.916686
1217 0.319149
798 2.175120
1110 2.731317
419 0.909615
852 1.501716
1014 0.079080
945 0.286416
162 0.374381
1208 0.307260
987 0.235587
484 0.254616
859 0.206461
