340 0.250114
625 0.189602
516 0.257367
434 0.152755
1128 12.253805
431 0.285074
765 0.173390
187 0.143325
411 0.243830
761 0.442186
341 0.091110
82 0.081733
1162 0.522245
1367 0.471387
223 0.301212
1000 0.760697
302 1.573958
1123 1.556622
726 0.781427
326 0.831998
605 1.459890
492 0.893310
1333 1.360907
1208 0.494996
501 1.298874
1024 1.575519
534 2.151726
158 1.939856
786 1.099996
683 2.737831
1085 1.740622
809 1.498319
1325 1.678287
596 3.356851
782 3.195760
883 1.820467
895 0.242053
1137 0.200906
552 0.198652
375 0.094281
903 0.077458
1303 0.131635
1006 0.191533
289 1.715455
12 3.194402
296 0.911243
527 3.502941
963 0.688181
644 0.447381
1061 1.969986
204 0.069908
149 1.470763
993 2.737683
566 2.545242
1246 1.775897
413 1.154847
306 0.992741
1165 0.836375
569 0.745758
338 2.025092
825 1.539450
401 2.584823
135 0.936744
1180 1.739189
