861 0.004130
1293 10.550131
558 0.088325
1285 0.043204
256 0.133985
1029 0.186896
902 0.000003
118 0.100939
906 0.159108
1028 0.921087
1009 0.203852
79 0.287511
48 0.016710
696 0.566398
300 0.330986
86 0.775621
988 0.118396
1011 1.352243
74 0.481229
1179 1.998853
634 1.909093
782 1.356090
1315 0.557224
1115 0.976410
375 0.450395
1019 0.883255
1083 0.436702
850 0.531632
1023 1.475726
387 2.977543
140 3.186756
400 1.179449
747 2.103852
287 1.480946
955 1.810092
981 0.169537
378 1.094455
573 0.957517
918 1.085702
1073 0.537969
605 1.033052
1313 0.307643
116 4.038397
1323 2.525454
1178 2.776025
295 0.327947
959 3.947966
1266 2.340401
261 0.909168
503 2.568631
645 0.372579
223 4.167831
220 2.767973
740 1.933635
371 3.684727
