733 0.511246
767 0.612721
1030 0.633164
341 0.069386
198 0.590334
1081 0.493594
500 0.621652
299 11.630866
954 0.963848
757 1.950102
1089 1.763906
1324 1.050600
188 2.251906
204 1.403508
549 1.211403
1301 2.712538
1083 0.605863
1184 1.155289
261 0.351231
1245 1.388752
430 1.605099
601 0.940036
659 1.171803
595 3.156396
1017 1.551933
837 3.063275
953 2.167380
818 1.890362
980 1.602959
71 0.756319
726 1.532025
1195 0.882448
816 0.117299
723 2.181633
848 3.186864
1330 0.311383
1179 2.134526
190 3.502364
154 2.123283
361 4.649164
1325 3.176578
