365 6.584029
77 1.000381
940 0.632482
782 0.951561
1065 0.666928
238 0.548919
498 0.848993
226 0.647371
51 0.001586
22 0.039496
403 0.067667
924 0.037182
426 0.009452
794 0.020661
240 0.040192
1260 0.543703
264 0.474297
1258 0.796805
1059 0.272635
263 0.068415
1281 0.289559
1139 0.737764
1135 1.181361
1056 1.015783
146 1.319249
927 0.159493
758 0.990784
565 0.400090
526 0.809012
175 1.586452
148 0.062419
1315 1.208294
291 1.702361
826 1.023984
1018 1.584135
562 1.078029
288 1.426693
485 0.038274
1162 1.997849
488 0.368585
419 0.010873
19 2.645138
834 1.404728
336 0.208601
838 0.053641
153 0.089152
586 0.150660
601 0.068201
459 0.161714
1060 0.113306
93 0.013103
1118 0.058303
735 0.059510
203 0.079295
1211 0.044614
425 0.055940
1380 0.041112
