310 0.166317
591 1.701811
333 0.314923
717 0.331583
528 0.246686
617 0.063897
408 0.030276
204 0.173012
1029 0.003125
886 0.001079
1380 0.005010
707 0.000381
1166 0.000428
1150 0.000270
439 0.003320
448 0.252481
393 1.319039
255 0.402853
158 0.371337
857 0.790460
1100 0.875542
290 0.197007
343 0.261049
607 0.408314
1002 0.436414
994 0.760795
1346 0.031260
950 0.593567
677 0.388935
322 0.124007
986 1.521512
716 0.183412
561 1.284893
875 1.696207
96 0.087995
1064 0.893109
1026 0.322753
1189 0.390924
435 0.830329
732 0.064156
1233 0.887295
1123 0.583623
1076 0.453055
621 0.186389
769 0.084127
1040 0.492889
667 0.387894
153 0.286138
1318 0.367041
