251 0.118931
228 0.148663
953 0.122541
962 6.593003
819 0.045578
410 0.106965
716 0.135144
63 0.101208
1326 0.040755
893 0.305250
621 0.405517
485 0.264788
1024 0.584897
199 0.096765
284 0.417710
1350 0.673457
1357 0.373891
230 1.166292
417 0.740484
1276 0.076591
1164 0.207031
376 0.688384
498 0.116018
1010 0.002680
112 0.125107
1380 0.281038
32 0.139889
158 0.299887
429 0.193944
239 0.606806
993 0.270593
1344 1.478815
530 0.728367
1262 0.606415
925 0.244378
448 0.813855
309 0.218506
1196 0.184007
234 0.035578
121 0.353580
586 0.094769
187 0.070771
758 0.190605
561 0.535620
1200 2.169391
857 0.256128
201 2.313040
1182 0.930973
1233 0.021324
894 1.356897
214 1.839312
317 0.429319
4 1.228969
116 2.252087
730 1.555095
53 1.778426
274 0.263970
574 1.158933
768 0.149291
418 0.114203
443 1.046978
780 1.795430
1247 1.244796
