1329 0.212330
973 0.193085
959 0.071230
247 0.031476
709 0.087147
764 7.808522
1161 0.213670
19 0.220617
838 0.542485
1137 0.632651
923 0.380579
623 0.254725
317 0.044461
1114 0.366428
40 0.316552
385 0.229086
563 0.230647
146 0.326642
1140 0.576262
717 0.333861
422 0.274829
76 0.313542
1294 0.051564
1223 0.131729
723 0.128005
1281 0.106427
995 0.131172
1166 0.091092
149 0.082806
794 1.271973
1146 0.556272
1350 0.702506
573 0.143659
975 0.800633
457 0.027283
273 0.678442
201 0.042914
137 0.462958
184 0.076512
1013 0.386138
1284 0.382244
740 0.189551
467 0.231933
648 1.246745
570 1.558889
393 0.590730
1040 1.224966
739 1.176411
861 1.048470
708 0.832700
1049 2.631265
500 1.893168
42 1.082552
1221 1.488782
411 1.341204
115 2.399037
1162 1.696782
1346 3.966909
210 0.141504
1006 1.339458
706 1.176096
197 1.299515
139 3.148988
1241 2.018526
744 2.711145
882 2.108620
36 1.744618
1092 1.536503
103 2.421392
1132 0.495213
1311 1.388339
