323 0.292135
508 0.093396
911 0.021644
266 0.354797
1180 0.176900
671 0.427021
635 15.522273
254 0.224224
1319 1.729015
1015 0.351291
819 0.682153
1331 0.886055
746 0.100272
1230 0.068685
473 0.561452
300 0.121814
599 0.285011
1275 0.433365
814 0.288262
469 0.284517
659 0.429354
540 0.283374
485 1.130197
644 0.809340
507 1.287276
524 0.044404
409 0.568935
394 1.245706
1033 1.017507
432 0.611701
479 2.434293
1139 2.689679
897 2.466685
55 2.300247
701 1.474293
542 3.538818
358 1.416916
691 5.212510
279 2.102997
933 0.717730
953 1.560520
1127 2.864738
497 1.033820
577 5.329075
512 6.089840
480 1.676331
348 3.270941
1174 3.952098
1153 3.176011
