377 0.091914
856 0.141790
578 0.111864
1324 0.180168
869 0.179320
482 8.100168
954 0.155926
29 0.115492
882 0.105686
241 0.093436
1269 0.608925
1335 0.589220
1264 0.159459
242 0.251388
337 0.319184
1168 0.735278
1241 0.285064
942 1.601559
386 0.479295
910 1.507964
1370 0.398692
421 0.864436
19 0.473092
1386 0.872837
1376 0.997019
681 0.256353
633 0.490302
991 0.583875
292 0.055278
1175 0.493533
767 0.293411
1025 0.887071
524 0.176451
384 0.526180
737 0.643340
816 0.499324
1116 0.388951
515 0.916910
1333 0.400908
955 1.811452
595 0.751967
56 1.357971
842 1.832862
171 1.570296
80 3.553938
786 4.148125
615 4.301873
655 3.965495
454 3.256383
1362 2.237057
