571 0.262978
486 0.102113
1047 0.325058
737 0.342369
470 4.633354
203 0.136368
116 0.006776
109 0.250024
931 0.001771
231 1.083749
793 0.046208
471 0.661348
776 0.155033
171 0.005171
237 0.430683
128 0.239297
87 0.769350
770 0.534499
913 0.138030
481 0.180761
1150 0.959029
1189 0.011907
260 2.070426
1146 1.001165
271 3.329389
749 2.610554
663 1.664961
953 0.866247
1129 2.113209
426 1.352408
1048 1.079502
283 0.805634
1319 1.847652
662 0.796271
1158 0.927121
1051 0.306551
453 0.418700
1238 0.130631
1021 0.033659
1130 0.401727
694 0.512276
1172 0.354532
