588 0.369452
845 0.353966
289 0.050074
1044 0.197621
7 0.136505
37 17.288425
666 0.041089
27 0.310787
1099 0.184034
656 0.326150
924 0.355410
805 0.229742
30 0.079246
542 0.417250
1132 0.229412
1030 0.701211
60 0.131570
221 0.810555
254 0.632033
571 0.495308
220 0.685308
116 0.419063
195 0.013271
78 0.001658
1193 0.042756
815 0.047295
112 0.012838
271 0.039802
162 0.032131
387 0.396597
23 0.873736
432 0.120295
831 0.700574
68 0.202611
711 0.926345
215 0.687360
485 0.068313
1002 4.805517
1071 0.926184
661 0.881344
448 0.085776
1206 0.547359
450 0.594385
819 0.314781
189 0.110465
456 0.347919
681 0.110032
1072 0.407207
608 0.188450
577 0.269190
555 0.074521
10 0.398021
1175 0.105417
698 0.007513
937 0.030876
899 0.257755
906 0.206895
43 2.224241
704 3.880223
536 4.422350
879 1.902918
304 3.564497
413 3.363109
994 2.394971
1254 0.384608
1294 0.326591
821 0.114512
494 0.431212
655 0.354765
125 0.385237
1092 0.225618
905 5.724793
758 5.437772
1382 2.087407
778 3.933662
1085 4.756842
1159 3.348279
1317 3.206318
439 2.340045
360 0.944927
216 3.663966
563 2.803060
1219 3.630791
1263 1.869622
1153 0.811979
1098 1.847558
1185 2.620405
42 2.049331
45 0.440325
491 0.530901
1300 1.430904
