1155 0.364960
140 0.589735
1273 3.795311
781 0.327455
761 0.026704
828 0.494032
818 0.242280
3 0.418354
975 0.868642
1038 0.586693
75 0.764268
858 0.933740
758 0.169597
882 0.085379
80 0.548815
784 0.045806
310 0.005939
674 0.020679
514 0.017667
540 0.006562
1346 0.007008
424 0.024173
588 2.429893
762 2.244520
195 1.862531
174 0.091639
1376 0.882193
425 0.535989
561 0.342040
1215 0.099433
1175 0.094812
1286 0.184301
309 0.068293
460 0.277510
237 0.252222
1282 0.155604
1266 0.005823
259 0.007700
360 0.000106
628 0.011401
816 0.035126
979 0.078771
1358 0.052584
