586 0.421827
1233 0.717920
246 19.717279
467 0.006062
1074 0.366638
598 0.847401
216 0.827126
64 0.493525
743 0.297899
406 0.085751
695 0.164974
1247 0.343515
1096 0.394488
1392 0.018373
112 0.236827
855 0.627527
745 0.092639
376 0.409097
874 0.431434
506 0.555532
886 0.118653
1099 0.049811
592 1.002241
1214 1.018479
1117 0.452705
1173 0.758226
870 1.285940
632 0.560465
508 1.027914
41 1.042210
417 2.781109
904 1.493490
800 0.991505
333 2.588145
788 0.987423
630 1.401296
655 2.868888
311 2.363724
415 2.496030
751 2.170382
385 2.669050
387 1.919396
836 1.748142
340 0.378128
1175 2.053429
254 1.154411
1266 1.157904
350 1.548440
1275 1.344812
1032 1.289835
296 0.100315
1141 0.202956
268 0.656587
322 1.462129
1268 0.840027
615 5.174903
56 2.162325
442 2.770873
430 5.147595
1210 1.664844
1137 2.101899
1342 3.165594
355 2.237602
890 0.231194
1386 5.450065
196 6.080847
1005 4.781554
1193 3.413719
1364 3.277238
