977 9.517599
517 0.593268
858 0.071891
894 0.445044
624 0.147755
76 0.189858
268 0.591326
195 0.351538
338 0.269762
21 0.267400
60 0.165008
50 0.174539
752 0.084310
355 0.276164
327 0.145233
1217 0.117537
1093 0.448205
874 0.353866
251 0.051574
1184 0.608449
1292 0.234702
418 0.388759
793 0.985163
460 1.699551
1085 1.207699
795 2.940417
1309 3.666533
544 2.883798
861 1.987592
182 3.752052
1190 1.267489
502 1.273510
1253 3.105480
1132 1.979885
505 2.388118
863 1.948754
723 0.156544
397 0.280072
738 0.324892
88 0.327238
744 0.304500
917 0.209085
206 2.006235
283 1.371166
258 0.022082
81 1.411757
1038 2.125018
870 0.448788
606 0.572776
