161 0.615089
688 0.566115
1249 0.175354
812 0.143687
651 0.299266
781 0.125378
1075 0.599859
143 4.519150
867 0.338645
638 0.466036
1027 0.120991
1203 0.738441
36 0.076946
186 0.145998
253 0.395601
1260 0.339617
247 0.259054
563 0.258297
702 0.008344
892 0.583083
687 0.358065
296 0.312590
477 0.018357
1255 0.210510
114 0.012645
512 0.195171
1250 0.158324
911 0.239942
624 0.191694
631 0.459691
1321 0.337439
1035 0.378166
974 0.164758
148 0.404531
1003 0.266761
1008 0.299990
978 0.729913
864 0.307281
178 2.175568
468 0.664608
1330 0.956842
927 1.022626
1067 1.333677
609 0.157131
553 0.047212
1365 0.158656
681 0.173529
94 0.182271
121 0.006246
1288 0.097074
1199 2.658905
725 4.019450
979 0.227275
1025 3.964829
192 3.694044
967 1.275866
1359 2.260869
