353 0.256999
547 0.384244
1292 0.283854
871 9.223244
589 0.332194
1110 0.350033
1065 0.413991
22 0.207430
704 0.522810
282 0.194370
280 0.037203
152 0.150477
48 0.523458
896 0.382420
95 0.267581
1080 0.262968
717 0.236463
1221 0.207106
320 0.274480
1376 0.083854
906 0.305840
379 0.236287
916 0.369459
47 0.081957
1247 0.058358
1199 0.260254
15 0.106444
1118 0.243082
385 0.198690
495 0.984984
1106 0.612747
1343 0.150843
1297 1.225086
716 0.434465
683 1.063019
565 3.210214
166 3.283878
373 1.628150
64 0.733480
1197 0.874900
347 1.222595
819 1.916549
541 1.225806
72 0.507725
1064 1.744102
1148 1.921574
914 1.918024
948 0.041839
361 0.417029
578 0.559129
670 0.467720
18 1.662983
772 0.271988
168 0.381283
1287 1.548930
905 0.877613
1160 0.124244
441 0.073584
229 0.067819
188 0.108213
1070 0.038687
1018 0.070134
610 2.167250
786 1.404881
1215 1.261424
640 0.787146
566 1.508765
56 0.348651
1053 1.143927
284 0.672369
676 0.075920
653 1.201287
1088 1.112803
1351 1.828317
1193 1.648125
1083 0.977923
