813 0.869015
310 0.268583
1098 11.293462
986 0.444741
1330 0.707617
629 0.260504
532 0.610341
10 0.435672
148 0.016523
473 0.426229
192 0.151143
51 0.703317
338 0.331611
686 0.665528
55 0.406199
598 0.434542
821 0.494219
1254 0.266048
178 0.848151
18 0.819978
1041 1.076295
313 0.688746
409 0.090864
389 0.159483
311 0.104626
758 0.133178
784 0.008970
650 0.009667
407 0.125627
1013 0.156854
377 0.146124
1024 0.154671
1335 0.567192
170 0.579353
94 0.194522
428 0.399302
1263 0.913248
886 0.362869
87 0.051265
785 0.617697
225 0.868560
536 0.917067
510 0.585718
88 0.252197
364 0.951031
630 0.020977
384 0.634337
685 0.546951
288 0.678578
525 0.699910
833 0.053371
85 1.774244
936 1.561983
898 1.452453
1380 0.389746
96 0.484042
961 0.957683
503 2.938269
247 0.908591
233 2.080451
469 1.735056
426 1.873606
963 2.028752
19 0.870610
1153 1.551384
1185 5.006602
42 3.915495
37 1.847558
45 0.841294
491 1.014350
1300 2.733915
709 1.968432
1071 3.208132
1215 1.625162
1044 2.194404
322 2.964027
277 0.202573
1382 1.726525
