1125 0.617409
694 0.667321
1230 0.846569
957 0.566030
378 0.426310
987 3.490744
671 0.562015
205 0.440217
759 0.244870
809 0.145773
1009 0.152179
1189 0.044780
1217 0.057106
325 0.168330
318 0.124732
989 0.459382
46 0.011699
1180 0.183579
1037 0.231147
469 0.019761
281 0.556704
326 0.327983
1235 0.290143
74 0.256403
1034 0.020227
611 0.187994
627 0.075378
88 0.072576
586 0.175378
721 0.003724
994 0.010469
442 0.010095
307 0.002701
1398 0.004152
921 0.000539
768 0.014487
1014 0.448062
945 1.622808
90 0.235587
162 2.121211
1208 1.740907
484 1.442635
859 1.169793
1042 0.410680
1094 0.162659
870 0.853791
628 2.006126
1071 0.153765
360 1.530275
1114 0.957830
