453 0.979361
1234 0.792498
825 11.905115
797 1.085831
637 0.634008
1051 1.217204
1228 0.796926
210 3.669554
227 1.298773
638 1.449534
941 1.188487
631 0.638701
1249 0.932663
1288 1.254635
400 0.714591
322 0.431033
481 0.396773
294 0.298706
266 0.322724
693 0.302662
1068 0.064024
739 0.304118
127 1.193337
1325 0.517645
944 1.693662
292 2.164066
371 0.397416
1344 1.001571
744 1.104586
862 1.549513
142 0.654106
480 1.159952
35 1.787180
877 0.627037
1086 0.637334
48 0.275212
63 0.502270
368 0.206669
179 0.682056
304 1.084866
1013 0.880886
1077 0.629347
664 1.382836
103 1.753970
551 0.345869
1388 3.120615
998 0.331562
1107 2.297044
1165 0.739871
1128 1.539450
569 0.659709
338 1.791428
401 2.286575
135 0.828658
1180 1.538514
533 0.009183
1046 0.107663
1131 1.823942
195 3.804440
610 3.355647
192 2.368206
1335 2.174340
