1380 0.026947
519 9.969763
516 0.740743
1336 0.951558
587 0.533125
905 0.656041
71 0.784852
501 0.586986
1263 0.980733
919 1.002239
437 0.701379
1071 0.274729
1342 0.633027
1117 0.842586
686 0.143183
1048 0.295966
147 0.568658
999 0.818019
973 0.365221
257 1.103058
1058 0.855363
690 1.017797
745 2.353415
214 2.603000
982 2.434431
452 0.527992
216 1.877529
1324 2.685636
787 1.648801
913 0.715686
1153 2.409758
348 0.806634
1024 1.212194
1222 3.598500
1352 2.466239
862 1.967653
906 0.226040
1217 0.011664
792 1.059491
1365 0.335370
901 1.863851
476 0.728993
1181 1.095429
55 0.078180
720 0.241661
608 0.000508
1176 0.183991
1322 0.054600
1091 0.262276
1326 0.159145
