951 0.051461
1188 0.027036
420 0.102549
310 0.024986
851 0.020157
1006 0.117263
331 7.092273
329 0.061036
707 0.273946
280 1.832001
1036 0.239015
597 0.373696
80 0.516687
354 0.444241
840 0.827765
33 0.610321
289 0.434884
538 0.294207
283 0.229508
640 0.671506
1105 0.203067
509 3.314850
1372 0.583199
1189 0.767987
276 0.271186
1281 1.753196
486 1.065059
439 1.017949
649 0.894677
132 0.382975
602 0.149730
257 2.083243
1266 2.870876
1075 1.289849
832 1.795628
511 1.103456
315 3.343157
1097 2.416369
1029 3.876776
681 2.331200
1354 2.184050
