864 0.064327
1 0.182583
1185 13.645618
82 0.254034
531 0.194941
744 0.190754
619 0.189782
24 0.131520
1357 0.463239
95 0.682098
1079 0.060674
473 0.496049
225 0.114120
682 0.632929
84 0.450669
1019 0.890130
485 0.292140
258 0.870764
1091 0.406683
572 0.183824
60 0.298144
123 0.459544
162 0.605681
848 0.081968
815 0.433330
582 0.137068
540 0.603720
862 0.157026
419 0.383244
1368 1.049299
1094 1.759646
613 0.956465
1205 0.970475
213 1.056223
788 0.245070
611 0.945095
268 0.029107
1378 0.035590
374 0.012666
937 1.652293
601 0.011282
774 0.025907
670 0.496305
1043 3.431443
245 2.944985
642 3.194757
89 1.939789
1178 1.725935
136 0.997592
1071 0.872743
512 1.948550
1316 2.279331
955 1.850391
771 1.810648
875 1.359844
1153 2.200339
1098 5.006602
42 5.553374
37 2.620405
45 1.193214
491 1.438660
1300 3.877531
