57 0.301424
925 1.282579
1392 1.100242
693 1.442357
848 0.427016
579 12.088675
632 0.449538
390 0.925685
509 0.016422
1180 0.197241
658 0.347123
391 0.717686
846 0.703405
448 0.613315
417 0.395477
965 1.210417
961 1.160763
1243 0.637513
84 0.491244
1393 0.501391
867 0.193532
521 0.704656
743 0.028938
738 1.421663
1036 0.979252
369 0.098015
815 0.696541
901 0.642029
551 1.050803
317 1.287798
832 1.118656
754 0.319084
230 0.141531
224 0.090246
604 1.091228
966 1.190850
62 0.083678
650 0.012425
323 0.064241
989 0.401620
797 0.531871
633 0.620446
1055 0.414414
1218 0.253900
456 0.011805
128 0.096549
1361 0.368828
124 0.090753
1096 0.327066
1334 7.839851
172 5.566700
1075 1.060002
27 1.256323
458 6.645219
47 4.276367
1369 3.924775
