509 0.017066
171 0.009735
881 0.007844
896 0.010214
830 0.006899
1151 0.020688
952 17.628784
2 0.011637
1381 0.149401
969 0.178922
1305 1.169131
886 0.529457
1097 0.310066
1240 0.117056
121 0.357427
1242 0.155678
170 0.342215
700 0.289731
1115 0.352260
1238 0.235401
1250 0.273067
191 0.193371
565 0.602286
644 0.337619
1241 0.960360
414 0.425542
108 0.784772
801 0.351893
393 0.657176
713 1.100373
1343 1.072254
242 0.908102
154 0.292258
706 1.027435
401 0.846121
80 1.298896
122 0.921829
702 1.158666
156 0.629182
619 0.403869
277 1.268361
436 0.771193
1047 1.449279
202 1.211333
600 2.320917
1226 1.960607
133 0.285633
455 0.859143
377 1.566727
353 3.000433
1349 4.277503
87 2.084290
594 0.361776
1356 1.096948
943 0.809437
1007 2.426555
101 1.509498
120 2.593557
1281 5.483804
1032 0.376277
1245 6.040048
352 6.117440
1171 3.179591
632 2.915403
1255 0.190687
165 2.110487
1121 4.076265
1342 2.983456
275 1.789965
1336 2.090737
