1019 0.376248
485 7.011027
258 0.368062
1091 0.171900
572 0.077700
1185 0.292140
60 0.126022
123 0.194244
1326 0.024627
893 0.184453
621 0.245042
1024 0.353435
962 0.264788
199 0.058472
284 0.252410
731 0.010110
1311 0.171413
1302 0.042041
924 0.378470
208 0.310226
1119 0.062042
290 0.192666
1002 0.911219
1071 0.093696
661 0.089160
448 0.008677
1206 0.055373
37 0.068313
450 0.060130
1123 0.107068
1179 0.469036
1337 0.111351
948 0.842589
1089 0.853832
95 0.878810
391 0.644457
644 1.289699
507 2.051298
524 0.070759
409 0.906609
394 1.985056
1033 1.621416
635 1.130197
303 2.618024
1116 2.142655
153 1.212267
628 0.116924
234 2.177693
700 1.979098
803 1.420621
1059 1.008892
839 1.679222
953 1.647139
704 0.517981
307 0.209725
586 1.193613
808 0.975964
288 0.027226
1162 0.038126
365 0.038274
488 0.007034
419 0.000207
19 0.050478
834 0.026807
1070 0.051701
413 0.084411
1038 0.224850
397 0.066483
1178 0.230229
1133 0.108963
898 0.141997
21 2.233964
1032 2.397730
1078 1.262792
119 2.051898
