813 0.302616
310 0.093528
1098 0.260504
986 0.154872
1330 0.246413
629 7.931620
532 0.212538
10 0.151714
699 1.197339
507 0.485269
462 1.052996
847 0.643997
990 0.150479
1137 1.176776
154 0.619915
210 0.624036
1105 0.122062
302 0.099406
969 0.232684
341 0.294146
71 0.418901
171 0.393680
1167 0.062854
1389 0.597806
1139 0.656612
32 0.550827
366 0.153668
541 0.422771
303 0.388650
552 0.285345
291 1.723235
144 1.117423
1302 0.311171
645 1.634611
633 1.096231
375 0.867251
1069 0.065584
78 0.173031
1251 0.750558
149 1.514983
1254 1.127712
931 1.289821
554 0.785054
856 0.829298
257 0.281923
995 0.753650
1155 0.177934
880 1.090558
1004 0.021791
723 1.221265
782 0.888814
393 0.888488
957 1.156050
1127 0.684430
87 1.511163
350 0.998596
966 0.890839
380 1.658307
60 1.382494
1015 2.613699
242 0.365055
268 1.440680
786 1.394207
1118 1.475779
851 0.682841
131 0.442208
700 1.084908
372 0.810366
1313 1.456870
232 0.177950
1142 0.858311
