1049 0.104454
1110 0.228978
1289 0.844657
141 0.091019
1124 0.058089
694 18.362480
1040 0.120022
12 0.476742
1385 0.959714
1355 0.635718
1166 0.582321
823 0.103077
1260 0.241822
678 0.618013
18 0.350832
1125 0.743411
1230 1.019339
957 0.681547
378 0.513313
987 0.667321
671 0.676712
205 0.530057
1094 0.015696
995 0.033775
1187 0.026438
284 0.040031
1366 0.021566
108 0.026027
266 0.023641
518 0.192541
1329 0.216988
421 0.651871
104 0.561197
1057 0.076900
1236 0.336224
392 0.359270
949 0.582578
926 1.083192
126 0.810809
10 1.027938
198 0.966441
1018 0.085892
468 0.685385
1189 0.597841
608 0.261143
491 0.182551
1364 0.039431
1121 0.813670
50 0.143183
538 0.446498
748 0.053650
808 1.096480
553 1.035673
1133 1.385615
873 0.740537
695 1.142951
740 0.922743
368 0.672643
492 0.291325
1024 1.023102
1212 0.388000
128 0.228305
717 0.549718
1400 0.677979
1075 0.256632
308 0.378686
744 0.752472
496 0.315327
230 0.149687
738 0.520222
65 0.096951
543 0.081945
1374 0.126112
1316 0.146832
710 0.117814
1392 0.161251
853 0.094111
1010 1.265370
889 1.428704
1017 3.237747
33 0.189238
277 0.261199
592 0.917974
963 1.629191
1051 2.143204
453 2.927283
1238 0.913291
470 0.512276
1021 0.235325
1130 2.808615
1172 2.478661
373 2.155057
83 1.248743
1096 3.749523
460 6.367922
588 1.300595
1284 0.504407
1339 4.105254
