548 5.017812
473 1.157048
770 0.833743
1358 1.551627
25 0.190053
901 0.275926
1313 0.023992
350 0.781182
1393 0.168216
609 0.219880
815 0.953607
1372 0.352672
172 0.332262
70 0.065950
460 0.511979
385 0.363145
513 0.266229
725 0.139915
736 0.341759
437 1.337397
1214 0.257330
504 0.254028
377 0.696208
1011 0.023430
128 0.138410
1069 1.066122
539 1.226888
1132 0.600250
909 1.585922
63 0.843310
727 1.299258
419 1.480713
604 0.678458
415 0.653708
607 0.884277
239 0.737695
557 0.360052
1235 0.870389
1207 0.533454
179 0.418942
684 0.496169
678 0.510388
1026 0.675960
735 2.835164
1197 1.410411
379 1.081995
664 2.402244
1323 1.426849
