385 0.181127
563 0.182361
146 0.258259
1140 0.455620
764 0.274829
717 2.931428
422 14.869727
76 0.247901
788 0.359474
294 0.073376
903 0.396944
806 0.182264
520 0.369685
901 0.174387
83 0.242667
67 0.029766
1199 0.561144
1081 0.106239
761 0.111560
99 0.011741
403 0.011429
130 0.109616
70 0.474777
383 0.114617
869 0.323933
699 0.810342
509 0.221059
571 0.865761
393 0.833504
1305 2.437947
802 1.478401
1235 1.243158
11 2.702323
12 2.876198
759 1.700648
872 1.211212
1245 3.394069
926 1.089423
1258 0.029123
793 2.521753
854 1.774770
287 1.028546
400 3.043263
1072 4.796514
1175 5.742548
395 1.245588
1107 1.794416
1160 2.875394
556 3.988331
1229 2.473725
1071 3.008259
1314 2.889691
375 0.213290
998 2.954428
1304 2.339915
