695 0.203137
1347 0.143060
450 0.029312
394 0.499564
969 7.039475
184 0.450345
277 0.426706
9 0.309691
1381 0.063723
1305 0.037677
886 0.225826
952 0.178922
1097 0.132250
1240 0.049927
121 1.284553
210 0.309783
1105 0.060594
302 0.049347
341 0.146020
71 0.807808
629 0.232684
171 0.195430
752 0.000201
1016 0.001530
1025 0.001828
736 0.002872
231 0.001764
1195 0.003094
446 0.002254
677 0.244082
575 0.607258
661 1.052440
236 0.816665
45 0.984082
459 0.633020
851 0.206744
327 0.664109
1003 0.348024
1343 0.347053
72 1.097939
937 1.713546
813 1.226031
541 1.339537
23 0.478458
1224 2.082015
505 0.681664
512 0.479079
306 1.441054
291 4.090459
874 0.379087
415 3.648194
431 3.731054
60 0.564152
1055 2.770002
1101 2.105502
