220 0.179590
207 0.067064
361 0.305435
682 0.492736
688 0.472410
377 0.207931
320 0.496021
168 8.250374
4 1.415302
1038 0.460930
1334 0.632561
236 1.159999
1166 0.691570
1283 0.821083
444 0.986638
578 0.306060
670 0.256024
18 0.910296
772 0.148883
1287 0.847865
871 0.381283
905 0.480395
924 3.978150
712 1.459461
1367 0.123338
468 2.785649
849 0.344379
394 3.169970
1097 2.011197
400 1.727037
1228 2.243101
691 0.827628
380 3.171631
1400 2.969473
829 0.557271
1179 1.919018
1161 1.723355
685 1.026624
1088 1.160150
7 2.320879
747 0.549942
478 0.846990
1329 1.522520
