793 5.307744
13 0.615447
657 8.524339
678 0.302194
1150 0.630071
161 0.509959
1112 0.018082
25 0.349209
1175 0.076252
126 0.808377
627 0.663547
1278 0.432792
730 0.772347
1097 0.499973
133 0.414941
1061 0.161481
117 0.013099
350 0.159711
202 0.304475
689 0.054063
315 0.157404
49 0.698295
872 1.397593
1371 0.108330
1038 1.179299
917 0.871032
798 1.067422
1142 1.193224
38 0.135505
530 0.380060
459 0.263973
313 0.444506
386 0.555682
758 0.552406
868 0.343948
814 0.846243
778 0.070759
1028 0.178374
1328 0.002710
980 1.183851
1336 0.120969
1013 0.983133
588 1.483702
1049 1.768575
503 2.393799
1252 2.145884
849 0.304207
748 1.966533
1019 1.378676
773 0.179948
359 0.276697
876 0.416915
819 0.106240
1159 0.435163
102 0.181139
1071 0.219312
1283 2.949547
1391 3.344975
65 3.048137
392 0.738479
173 3.869213
1152 2.503826
443 0.082448
24 0.074730
724 0.095209
1037 0.088569
533 0.010187
509 0.089117
1284 0.074483
1170 1.732198
383 1.149376
1352 0.870560
1126 2.217296
34 1.259145
1003 1.081342
1375 1.221956
