134 0.274260
206 0.173860
129 0.188233
933 0.219213
16 0.169781
374 0.065695
534 8.813946
345 0.143330
66 0.759699
1258 1.184639
101 0.305131
375 0.621154
1381 0.514083
621 1.007791
1318 0.079663
1392 1.777528
966 0.083032
144 0.254972
219 0.612341
1200 1.327438
445 0.305327
702 1.482074
1333 2.200330
1128 2.151726
1208 0.800314
501 2.100034
1024 2.547316
158 3.136381
786 3.023486
1344 0.513606
940 1.431960
897 1.813465
102 0.909529
513 1.135273
828 1.132424
297 0.316837
708 0.398174
1088 0.282962
320 0.158273
155 0.269170
1259 0.449310
899 0.293200
38 1.015954
412 0.841298
1280 0.678425
650 0.108793
1000 0.803099
1166 0.586007
279 0.850990
235 0.257410
1119 0.851086
1057 1.090114
510 0.625994
362 1.130426
1394 0.884791
