1160 0.186846
1104 0.043333
56 0.123184
857 9.380992
1207 0.054472
350 0.155542
1105 0.171581
256 0.116813
448 0.302511
393 1.580407
255 0.482678
158 0.444918
1100 1.049032
290 0.236045
591 0.790460
1331 0.023051
1235 0.221921
844 0.487930
1202 1.941286
31 0.363513
1201 1.582401
665 1.034222
674 0.727329
1290 1.408816
237 0.603301
314 0.910988
147 0.771620
85 1.711770
503 0.963043
561 0.080913
1200 0.327716
201 0.349416
1182 0.140636
962 0.256128
1233 0.003221
894 0.204978
308 4.169973
1224 3.203062
51 3.993306
1388 3.076693
1033 2.341239
1046 0.565698
1203 2.489274
858 2.143945
144 0.554828
1265 1.491179
157 3.066761
1254 1.166608
1090 4.304028
1248 2.190875
