550 7.443712
110 0.084220
52 0.163531
214 0.077257
943 0.234481
1239 0.059190
911 0.164284
129 0.124946
1125 1.061477
1376 0.433515
1280 0.145624
301 0.074775
689 0.604196
1091 0.330986
165 0.531728
283 0.774798
785 0.135132
517 0.928702
486 1.200772
1056 0.246173
1367 0.610251
382 0.669358
308 0.770990
324 0.700556
1226 0.798694
255 0.150136
78 0.338929
710 0.345353
1183 0.084855
836 1.040191
824 0.949332
1001 0.224346
971 0.387270
1268 0.733752
6 0.312409
698 0.593200
284 1.125731
1028 1.019807
1060 1.422080
718 1.448828
368 4.987418
1379 3.011229
1257 2.955981
1331 0.394947
1050 0.787702
777 0.003770
1215 0.045938
765 0.794820
1086 0.036242
1271 0.398530
