907 0.005377
386 0.288145
1210 0.368515
84 0.386950
237 0.501207
1099 0.080678
1161 0.208851
52 9.434452
993 0.624587
593 0.225228
1003 0.289070
678 0.224888
95 0.437741
475 0.374973
77 0.317186
550 0.163531
110 0.272233
214 0.249725
943 0.757936
1239 0.191327
911 0.531032
129 0.403874
655 0.321854
583 0.732640
1204 0.214233
812 0.760804
597 0.753265
520 0.139363
490 0.448004
308 1.765168
1253 1.413557
1132 0.357966
188 0.995529
728 1.841118
913 0.094030
493 1.084657
712 1.350390
602 1.128671
220 1.114639
1028 1.678082
1147 1.758921
598 0.843007
594 0.899617
1078 1.761195
201 0.614895
1221 0.624186
245 1.607268
1268 0.108852
565 0.891088
614 0.939416
1047 2.527021
1331 1.841354
807 3.243008
1172 1.438903
1141 2.362826
845 1.732715
1157 1.136644
244 0.988579
978 1.336722
242 0.430608
581 1.658313
1232 0.115606
1338 0.847931
