1123 10.454313
1179 0.090618
1337 0.021513
948 0.162788
1089 0.164960
95 0.169786
391 0.124509
485 0.107068
1000 0.831849
302 1.721179
726 0.854518
326 0.909820
1128 1.556622
605 1.596442
492 0.976866
1095 0.068299
230 0.008283
1316 0.010438
1082 0.107644
1073 0.034741
654 0.027849
700 0.055224
1112 1.538941
303 1.129027
387 0.191431
275 0.145639
747 1.315112
183 1.240005
706 1.074672
861 1.913164
913 1.134687
1335 1.334725
528 1.267489
1139 0.769222
56 1.189634
891 1.290196
890 0.205424
862 0.348482
240 0.869602
158 1.936161
1314 0.096032
1148 1.421476
944 0.973938
1026 1.344306
1189 1.628245
435 3.458417
591 0.583623
732 0.267217
1233 3.695687
1076 1.887028
800 1.337559
805 1.556440
1027 0.439186
318 1.971509
565 2.524480
305 0.062630
958 0.415111
1165 0.828288
843 1.823612
390 0.145739
696 1.253665
486 1.569481
295 1.834299
1140 1.223732
