1395 8.128654
770 0.062889
898 0.064644
370 0.040359
502 0.084111
1136 0.009938
607 0.002854
82 0.048121
1304 0.379384
624 0.171514
817 0.773160
223 0.132579
129 0.524966
163 0.013519
245 0.419923
886 1.485526
104 0.766945
668 0.553725
1323 4.394049
1029 0.880395
1247 1.397937
653 1.062467
386 1.869356
453 4.007203
156 1.600237
237 3.188626
1084 1.805763
1030 2.040010
150 0.155259
208 0.507376
57 0.578255
333 0.607023
366 0.422582
1311 0.577440
1031 0.340536
2 1.860874
979 0.873154
1315 0.602341
1154 0.469941
936 1.752009
318 0.027306
1220 0.942218
870 3.546956
201 1.072664
702 4.903875
1199 1.910204
880 2.854947
425 2.223929
784 1.785608
