1175 0.057081
126 0.605137
627 0.496719
1278 0.323981
730 0.578165
657 0.414941
1097 0.374271
133 16.729892
704 1.191927
748 0.631738
471 0.836460
672 1.062330
502 1.148976
982 0.791256
161 0.604373
1207 0.188944
169 1.036748
310 0.048781
1243 0.141838
1086 0.141328
285 0.365698
220 0.697452
250 1.809241
101 1.383752
445 1.824639
841 0.314069
734 1.786819
998 0.961815
617 0.947336
938 0.182103
384 0.528235
1281 0.950534
553 1.344493
983 1.334427
660 0.832635
810 0.692334
1047 0.346526
202 0.289632
600 0.554936
1226 0.468785
455 0.205423
377 0.374608
952 0.285633
335 4.792276
1258 1.416270
1210 1.542202
527 4.266897
1328 0.155811
396 1.438559
1057 2.517193
820 2.062358
932 3.172293
603 0.127714
626 3.834872
120 2.614828
466 0.508223
1079 2.296623
1007 0.741360
1016 5.406425
844 2.612078
560 1.791294
360 3.915056
1229 2.756249
1368 3.083307
