877 3.223026
822 0.174003
172 0.404430
1092 1.149973
763 1.156551
672 0.566865
700 0.510613
201 0.590351
212 0.007843
1011 0.000060
689 0.003426
239 0.014940
791 0.012152
647 0.015490
545 0.010266
638 0.233223
862 1.002253
142 0.423088
480 0.750277
35 1.155980
1086 0.412239
825 0.627037
609 0.215780
867 0.428568
384 0.343425
889 0.146778
1023 0.644284
1082 0.680473
827 0.360130
748 0.180615
359 1.370337
411 0.026710
1024 1.032349
263 1.838421
1269 1.836103
451 1.662736
1379 0.289156
667 0.287414
564 0.202354
418 1.449359
447 1.086296
869 1.359266
903 0.814570
805 0.186061
1173 0.005686
594 0.292690
1400 0.285134
900 0.248032
398 0.098714
911 0.156551
1066 0.031596
427 0.007986
907 0.021100
329 0.024155
761 0.027166
817 0.063955
1126 0.032740
