396 0.278322
852 0.340180
719 0.709871
1294 0.462750
1284 6.468039
147 0.862517
595 0.773114
361 0.437155
1274 0.253401
1010 0.496404
197 0.617774
1205 0.127807
247 0.282345
884 0.230992
440 0.314360
201 0.164064
764 0.382244
137 1.769929
184 0.292513
1013 1.476241
740 0.724670
467 0.886699
1318 0.477080
1101 0.113762
1196 0.414464
1236 0.120193
781 0.654336
571 0.015262
513 1.586287
1239 0.045886
1009 0.212681
100 0.378336
660 0.365963
1279 0.152866
588 0.446458
657 0.074483
443 2.282939
24 2.069233
724 2.636282
1037 2.452421
533 0.282069
509 2.467583
373 0.145618
83 0.084378
1096 0.253356
460 0.430282
694 0.504407
1339 0.277393
