920 0.884391
21 0.029070
731 0.738512
1331 1.219868
409 5.684879
1160 0.746932
541 0.055972
164 0.642104
347 0.052316
283 0.066976
881 0.131292
689 0.001059
530 0.124103
158 0.153053
230 0.085611
129 0.397934
155 0.613199
680 0.596928
679 0.196339
828 0.144367
156 0.057705
325 0.359675
389 0.447590
311 0.293632
758 0.373764
1098 0.090864
784 0.025174
650 0.027132
407 0.352572
1152 0.668581
176 0.543865
1073 0.310520
919 0.192736
841 0.453676
612 0.147750
664 0.897649
485 0.906609
644 0.649227
507 1.032612
524 0.035620
394 0.999266
1033 0.816212
635 0.568935
1298 0.164824
44 0.576007
279 0.856779
1311 0.871405
276 0.247074
121 0.496113
775 0.833508
578 0.304947
1093 0.441005
1266 0.727226
503 0.343183
85 0.732463
1259 0.235330
1307 0.375679
452 2.514943
982 1.856062
892 2.427421
1021 0.666519
915 0.500349
1217 1.548757
1378 2.224280
