802 0.013748
831 0.616940
1001 0.389976
623 8.386048
465 0.335112
931 0.187040
223 0.038450
1 0.386931
85 0.088879
1361 0.001853
1103 0.048760
195 0.117547
1047 0.016399
1082 0.108730
15 0.061875
838 0.367592
1137 0.428689
764 0.254725
923 0.257883
317 0.030127
1114 0.248294
40 0.214498
283 0.392077
1256 0.382495
985 0.207741
1203 0.136830
487 0.074026
130 0.149618
356 0.223322
1362 0.321191
69 0.461983
475 1.138922
1389 0.498389
943 1.756151
2 1.718332
564 1.209867
216 0.352386
1337 0.199886
1233 0.748623
1345 0.618429
1140 1.409638
1295 0.255886
578 1.053950
989 0.925560
1158 0.245720
1068 1.242493
276 1.217345
865 0.874546
678 0.234773
165 0.186875
552 1.179150
237 3.352276
1371 2.716035
792 2.241385
576 2.036651
156 3.220050
1069 1.996781
