85 0.367471
1361 0.007661
623 0.061875
1103 0.442920
195 0.485998
1047 0.067800
1082 0.449542
15 5.162193
517 0.736083
1265 0.567061
274 0.898512
402 0.601877
278 0.540968
57 0.479354
93 0.007201
773 0.013838
368 0.019101
215 0.011950
686 0.012152
89 0.015997
126 0.010579
338 0.187947
605 0.143503
803 0.047928
707 0.091742
363 0.051266
1009 0.249126
235 0.132210
916 0.468337
47 0.103890
1247 0.004194
1199 0.329905
871 0.106444
1118 0.308138
385 0.251865
726 0.153591
555 0.098171
234 0.029953
618 0.145952
653 0.038394
921 0.149129
511 0.112274
441 0.123249
268 0.283941
804 0.112870
698 0.070876
919 0.066961
688 0.197474
585 0.190644
369 0.656609
861 1.581146
781 2.005821
207 0.166524
44 1.447376
1057 1.769624
945 2.731812
875 2.847630
381 1.710917
423 1.053132
1231 2.675751
832 1.975545
1112 1.568302
1126 2.825594
214 0.488437
553 1.290394
892 2.392820
186 1.575428
442 2.114094
1196 1.425399
401 0.272165
288 0.350575
344 0.554270
666 0.496481
201 0.367619
530 0.374225
1377 0.279599
