981 0.066337
1392 0.214965
720 0.130583
540 0.110970
1298 0.056048
361 14.794338
532 0.306001
26 0.167719
220 0.166715
207 0.062256
682 0.457411
688 0.774638
377 0.193024
320 0.460461
168 0.305435
1088 0.305161
1108 0.062674
262 0.225172
1231 0.188822
479 0.196871
814 0.081492
221 0.158487
396 0.287736
852 0.351687
719 0.733882
1294 0.478403
1284 0.437155
147 0.891693
595 0.799265
1012 0.962977
1175 0.809337
179 0.286113
965 0.584033
280 0.144816
386 0.458699
505 0.520515
1115 1.217909
1080 0.837820
169 0.892793
1167 0.674531
1297 0.850373
537 1.026491
1046 1.672516
1264 0.401983
149 0.280907
442 1.334266
342 1.465139
698 0.945727
697 1.095681
541 0.488899
72 0.202501
1064 0.695616
1148 0.766399
914 0.764983
948 0.016687
871 0.417029
618 0.163053
559 2.411078
1121 1.324486
896 0.513379
1278 0.051463
1044 1.844502
231 0.036531
509 0.774500
1377 0.662294
1332 0.166190
732 0.305641
556 0.846402
1048 0.576976
287 0.409502
106 0.642028
1381 3.262118
144 2.452367
1111 0.570574
1136 1.732529
887 0.134942
1336 1.790178
266 1.306043
1029 1.537252
881 1.882100
1177 1.099534
848 3.239467
1330 0.316523
299 4.649164
1179 2.169759
190 3.560175
154 2.158330
1325 3.229012
