977 0.591326
517 0.976436
858 0.118322
894 0.732481
624 0.243185
76 0.312480
268 14.226801
195 0.578583
1389 0.204767
388 0.614645
146 0.487156
127 0.668294
66 0.470096
878 0.775081
427 0.680193
861 0.264343
180 0.236592
314 0.050761
48 0.033061
659 0.056215
1328 0.022029
282 0.169031
441 0.628992
804 0.576028
698 0.361714
919 0.341730
688 1.007800
15 0.283941
585 0.972943
1185 0.029107
1378 1.375817
374 0.489633
937 0.477414
601 0.436149
473 1.787162
774 1.001519
380 1.721816
60 1.435440
1015 2.713797
629 1.440680
242 0.379036
786 1.447602
1118 1.532298
1330 4.381315
25 2.325333
429 6.822881
478 3.548077
1028 5.991564
1383 2.738812
1265 3.870994
296 0.187504
1141 0.379358
385 1.037735
350 1.051864
246 0.656587
322 2.732951
1268 1.570143
