887 0.477126
489 0.402999
1171 0.159463
1329 0.428036
70 0.194377
1009 0.560757
1369 0.215142
108 1.977584
1094 0.282565
995 0.608026
1187 0.475951
694 0.026027
284 0.720653
1366 0.388231
266 0.425584
529 0.082125
1152 0.045496
712 0.299503
152 0.086654
73 0.093209
87 0.080369
374 0.101515
565 0.521341
952 0.784772
644 0.292245
1241 0.831292
414 0.368351
801 0.304600
393 0.568855
545 0.283356
41 0.141222
1365 0.211639
544 0.210226
258 0.089842
237 0.016637
381 1.337640
543 0.145740
305 1.225827
943 0.492242
1092 0.921188
851 0.852211
1023 0.751852
1268 0.282147
655 0.151749
1301 0.106420
129 0.340845
939 0.203896
1364 0.392335
1040 0.231362
