409 0.085611
347 0.222647
283 0.285039
881 0.558755
689 0.004509
530 0.528162
158 0.651365
230 4.922374
1350 0.767809
1357 0.613945
962 1.166292
417 0.844226
1276 0.087322
1164 0.236037
376 0.784827
317 0.450468
832 0.244765
754 0.069817
224 0.019746
604 0.238764
966 0.260561
579 0.141531
1095 0.146403
1316 0.022374
1123 0.008283
1082 0.230742
1073 0.074470
654 0.059695
700 0.118376
264 1.716220
480 1.395937
296 0.834349
1022 0.400311
707 1.164108
1400 0.315059
1075 0.119258
308 0.175976
694 0.149687
744 0.349676
496 0.146533
738 0.241749
444 1.350246
156 1.157545
782 0.918421
153 0.735686
709 1.084769
1244 2.295836
846 1.190662
