380 0.071171
336 1.175683
100 0.679505
674 0.611706
447 14.173271
947 0.007935
1164 1.149226
276 0.591124
1291 0.152731
1108 0.225640
1136 0.052897
1258 0.185116
1298 0.028957
1223 2.354081
277 0.123724
599 0.083270
732 0.153673
1097 0.057265
582 0.126879
123 0.028180
211 0.023588
324 0.084232
273 0.635239
686 0.136049
576 0.324737
154 0.180101
839 0.107721
205 0.877983
1062 0.120672
1307 0.489250
339 1.740510
392 1.294330
329 2.307629
562 2.143824
1177 0.078337
897 1.290151
1379 4.038164
667 0.518591
564 0.365114
418 2.615127
877 1.086296
869 2.452569
903 1.469756
225 0.132010
327 0.174004
1007 0.062476
130 0.002813
1141 0.125513
1006 0.125738
1003 0.089995
433 1.636966
612 3.479315
797 2.773983
60 5.085727
1130 2.769342
84 3.179479
432 1.137703
448 4.853776
57 4.234659
173 3.917052
868 0.626801
1270 2.986638
