1088 0.824726
960 0.231518
1294 0.052533
712 0.195426
897 8.667507
439 0.147012
1334 0.671661
127 0.417407
1049 0.037539
1100 0.453785
68 0.533334
809 0.804554
556 0.198292
934 0.844827
138 0.476317
26 1.058100
627 0.182149
821 0.191439
44 1.167695
1225 1.192896
729 1.063766
159 0.624157
635 2.466685
432 0.548814
479 2.184033
1139 2.413164
1319 1.215103
55 2.063768
701 1.322727
1344 0.707579
940 1.972768
786 1.715200
102 1.253031
513 1.564031
534 1.813465
828 1.560107
1307 0.413838
339 1.472231
392 1.094825
329 1.951935
562 1.813379
447 1.290151
1177 0.066262
1399 1.021974
1186 0.315230
1364 0.320807
1144 0.995474
240 0.175617
744 0.736487
988 0.686824
