514 0.525678
556 12.013026
1373 0.007963
822 0.799334
1386 0.675207
274 0.156065
114 0.177843
54 0.466704
1260 0.064301
646 0.040877
678 0.499261
1332 1.069305
1171 0.506018
680 0.331209
93 0.260335
1049 0.010275
1100 0.124211
68 0.145986
809 0.220225
934 0.231249
897 0.198292
138 0.130379
1353 0.000104
1060 0.109285
614 0.108782
1200 0.008921
178 0.093938
661 0.001563
227 0.067893
824 0.272162
311 0.011262
704 0.295076
839 0.399401
1369 0.329738
878 0.128025
483 0.215740
705 0.479067
907 0.152458
362 0.125645
1105 0.746745
1382 0.080681
906 0.504221
545 0.180737
144 0.032439
1328 0.047877
492 0.013010
448 0.019530
927 0.028478
1139 0.011216
569 0.026475
935 0.612384
1311 0.910415
263 0.765946
1224 1.011609
85 0.763480
1397 0.180165
600 0.815006
231 0.129932
509 2.754729
1377 2.355637
732 1.087100
361 0.846402
1048 2.052181
862 0.075546
1331 0.203056
750 0.243943
585 0.104572
723 0.234242
1031 0.115458
1261 0.152490
1229 3.840580
1071 4.670470
1314 4.486389
375 0.331144
998 4.586896
422 3.988331
1304 3.632833
