785 4.428950
210 0.080662
1255 0.146698
190 0.227895
390 0.011845
17 0.212436
642 0.199845
72 0.135768
248 0.492316
864 0.086511
673 0.467733
884 0.205833
622 0.427404
823 0.430424
198 0.280907
705 0.012707
236 0.011752
1203 0.000865
833 0.007504
196 0.011725
446 0.000763
332 0.008083
283 0.109324
517 0.131040
486 0.169429
550 0.135132
1056 0.034735
1367 0.086106
382 0.094446
1107 1.445026
412 0.515820
19 1.146017
961 0.069093
457 0.186430
966 0.387567
383 0.736442
1263 0.949506
1098 0.617697
886 0.377276
87 0.053300
225 0.903044
536 0.953477
510 0.608973
716 1.856001
738 0.492166
545 0.462337
261 1.779584
1378 1.827330
767 1.192563
760 0.958961
1008 0.677706
880 1.466630
922 1.327894
1016 0.656384
1287 0.078466
850 0.565106
255 0.770059
1046 1.261059
20 0.876577
11 1.171265
128 0.937082
259 1.446483
858 1.132150
1116 0.743024
