1137 0.035162
559 0.172149
746 0.202927
148 0.030152
493 0.034596
632 0.044229
417 5.781783
94 0.112868
1354 0.092930
239 0.161665
1375 0.236765
878 0.220676
726 0.017194
926 1.263838
158 0.132985
414 0.186060
668 0.000818
708 0.279350
566 0.844587
1211 0.601703
510 0.355338
366 0.561708
1350 0.487485
1357 0.270643
230 0.844226
962 0.740484
1276 0.055441
1164 0.149861
376 0.498290
509 0.020578
1180 0.247149
579 0.395477
658 0.434956
391 0.899283
846 0.881389
448 0.768503
667 0.029233
1394 0.446012
155 0.580747
628 1.220234
1130 0.046793
449 0.637712
1292 0.691371
1355 0.079868
1063 0.242922
648 0.623904
988 0.042913
705 0.567970
507 0.399858
41 1.038339
246 2.781109
904 1.487943
800 0.987822
333 2.578533
788 0.983756
630 1.396091
236 0.276723
624 0.344055
1006 0.264622
770 0.296250
618 0.361260
679 0.714966
1049 0.429785
