440 0.043921
1009 0.740697
325 18.811427
1126 0.021387
678 0.040217
1377 0.064039
1008 0.054411
229 0.038701
759 1.115602
809 0.664126
987 0.168330
1189 0.204011
1217 0.260170
318 0.568266
129 0.471269
155 2.269037
680 0.706936
679 0.232522
409 0.359675
828 0.170973
156 0.068340
57 0.780591
851 0.405745
1101 1.414023
1087 1.048927
459 0.976799
1107 1.147240
349 0.713363
1030 0.738329
1067 1.176605
234 0.119196
494 0.622674
1195 0.089173
517 0.929945
661 0.598045
1 2.699059
442 3.172806
1167 1.472543
1138 0.174627
53 0.503908
285 1.080814
865 1.594939
885 0.447433
676 1.026963
228 3.539322
1205 2.713792
869 2.352600
879 1.536293
751 1.278879
239 1.296902
377 1.282205
1214 0.415960
614 1.275771
888 0.680266
819 1.202273
41 1.847143
1125 1.520529
589 1.044759
941 2.216058
769 1.105559
915 1.139710
359 3.884671
493 3.923848
808 2.470882
176 0.351531
990 1.384337
316 0.054467
937 2.054017
862 0.798320
296 0.849705
1119 0.152880
1271 0.273945
1267 0.512650
699 0.207931
1093 0.452352
185 3.730450
683 0.625168
1329 4.237649
23 1.621461
194 0.313692
1197 2.996069
1165 2.586315
926 3.659127
1200 0.584060
922 1.737703
1313 2.215312
407 2.895124
1310 2.081009
