481 5.568879
104 0.269303
1316 0.016150
561 0.087821
1377 0.330295
243 0.221833
736 0.400760
142 0.216723
128 0.080002
87 0.257210
770 0.178695
913 0.046146
1150 0.320624
1189 0.003981
470 0.180761
120 0.222806
600 0.597412
527 0.180638
429 0.786257
798 0.231629
944 0.082677
302 1.094111
322 1.556154
294 1.078416
266 1.165126
693 1.092696
825 0.396773
1068 0.231144
739 1.097952
28 0.325846
697 2.640163
1116 0.796562
315 1.688385
685 3.188338
401 3.104535
1050 1.731227
71 0.126907
547 0.239182
732 0.670164
778 2.657637
1090 0.528226
772 2.090252
1088 1.361679
