1372 0.248288
518 0.607810
1124 0.176564
1344 0.563232
756 0.155989
305 0.655404
419 8.220052
13 0.379163
1222 0.730347
1159 0.801638
1163 0.389139
894 0.401670
1236 0.120062
975 0.212013
399 0.511864
162 0.785741
848 0.106336
815 0.562153
582 0.177816
540 0.783197
1185 0.383244
862 0.203707
255 1.235621
81 1.432001
347 0.629366
814 2.131393
1036 1.083007
732 2.346575
573 1.252936
909 2.034103
63 1.081629
727 1.666428
604 0.870189
548 1.480713
415 0.838445
607 1.134174
1346 1.203511
658 0.733667
236 1.306853
476 0.683099
715 0.582885
600 0.583648
696 0.949873
288 0.007734
485 0.000207
1162 0.010831
365 0.010873
488 0.001998
19 0.014340
834 0.007615
90 0.909615
337 0.428647
1148 0.374714
1217 0.130459
798 0.889124
1110 1.116481
852 0.613857
149 0.414690
986 2.972830
135 2.956835
1204 1.817503
1342 1.773021
1391 1.772841
