549 0.391436
212 0.182342
1230 0.247926
612 0.428212
1217 4.580366
1163 0.009574
888 0.002187
33 0.264992
1192 0.056844
454 0.929280
1071 0.787196
512 0.905770
234 1.101254
727 0.667437
275 0.662778
759 0.378469
809 0.225305
1009 0.235207
987 0.057106
1189 0.069211
325 0.260170
318 0.192785
1093 1.418148
874 0.136600
251 0.019909
1184 0.234874
1292 0.090600
977 0.117537
418 0.150070
151 0.018798
440 0.010225
688 1.201176
983 0.026453
1373 0.025554
1197 0.027672
544 0.014909
90 0.319149
337 0.150396
1148 0.131473
798 0.311960
1110 0.391731
419 0.130459
852 0.215379
906 0.003825
792 0.017929
519 0.011664
1365 0.005675
901 0.031541
476 0.012336
1181 0.018537
1245 1.876119
120 0.589786
1075 0.946340
407 3.305821
452 1.895152
982 1.398648
892 1.829200
1021 0.502260
915 0.377042
409 1.548757
1378 1.676121
