713 0.419944
1270 0.386083
1095 16.595687
876 0.391258
78 0.048520
666 0.190494
429 0.490923
36 0.259214
1074 0.380104
1195 0.631179
1244 0.300738
942 0.351340
886 0.654736
1144 0.535905
46 0.369517
869 0.674787
627 0.130461
340 0.308945
1394 0.380376
967 0.240510
59 0.341809
180 0.343303
630 0.935387
184 0.752836
782 0.801579
103 0.311784
671 0.212018
270 0.920119
239 0.600999
893 0.392112
1202 0.909200
582 0.223809
743 0.652177
1389 0.393019
1064 0.780424
535 0.564501
230 0.146403
1316 0.184498
1123 0.068299
1082 1.902711
1073 0.614081
654 0.492252
700 0.976137
276 0.067305
330 0.250032
1173 0.250572
38 0.206917
1184 0.349703
617 0.036704
1017 0.202942
618 0.979450
123 0.064214
904 2.201003
788 1.337566
1171 0.401513
521 2.989469
56 0.093061
848 0.369349
26 1.186452
215 2.262919
494 3.833504
633 0.444572
376 3.842915
1141 1.960276
186 1.270896
1205 6.776617
155 8.860803
585 7.986101
121 4.190636
1279 5.871763
1390 4.666699
