1069 0.409358
1155 0.359593
745 0.033143
949 0.216633
34 0.526787
404 0.407770
192 0.211601
62 5.254303
919 0.299531
916 0.389015
718 0.834756
733 1.771032
601 0.331006
73 0.976507
251 0.605167
343 0.802029
113 0.405901
219 1.350493
1020 0.469103
1270 0.880281
1071 0.046222
288 0.697227
1180 0.100230
308 0.386427
147 0.679987
412 0.140369
395 0.399430
195 1.575912
1362 1.968534
507 2.616768
586 1.117658
273 0.329977
386 0.369851
847 1.553979
650 0.008567
323 0.044295
989 0.276919
579 0.083678
797 0.366728
633 0.427801
1055 0.285741
