1019 0.523768
485 0.171900
258 0.512372
1091 10.390748
572 0.108165
1185 0.406683
60 0.175433
123 0.270403
1125 0.406840
1376 0.166157
1280 0.055814
301 0.028659
550 0.330986
689 0.231575
165 1.886502
1096 0.001120
1234 0.006301
1253 0.001216
510 0.001256
1154 0.002097
1100 0.000426
406 0.003178
1248 2.121014
92 0.210858
995 1.311437
598 1.671294
939 2.104923
1007 0.349912
547 1.113971
1220 0.235438
783 0.899482
1355 0.877625
346 0.617979
919 0.548316
647 0.479272
1203 0.353166
924 1.206247
1215 0.161670
449 2.816298
1373 1.126481
127 0.887259
670 1.572095
335 0.572040
392 0.834071
144 0.081454
887 0.156435
1110 0.082609
1277 0.608112
55 1.789121
519 0.262276
720 5.530308
608 0.011625
1176 4.210552
1322 1.249495
1326 3.641957
