878 0.378369
153 0.267459
235 0.215090
1178 8.505430
82 0.336912
1253 0.082698
1005 0.288879
209 0.239292
888 0.300331
525 0.147227
100 0.169814
1334 0.192620
1237 0.117199
890 0.234543
404 0.155188
1323 2.586966
460 0.021825
497 0.023413
1197 0.004748
293 0.020314
1339 0.008207
464 0.016933
1070 0.645295
413 1.053555
1038 2.806393
397 0.829781
1133 1.359988
485 0.230229
898 1.772293
937 1.646109
670 0.498171
1043 3.444344
245 2.956057
1185 1.725935
642 3.206769
89 1.947082
1313 0.312177
116 4.097918
1293 2.776025
295 0.332781
959 4.006154
1266 2.374896
1130 1.371066
501 2.694948
1162 0.784102
641 2.188763
396 1.279266
1023 2.855323
1398 1.470867
