1385 0.112965
791 0.009669
427 9.615796
1386 0.186458
636 0.657867
423 0.792816
615 0.302471
67 0.449894
868 0.605574
204 0.479398
1249 0.632846
740 0.061946
806 0.765742
98 0.374720
242 0.419344
1389 0.359119
388 1.077959
146 0.854370
127 1.172048
66 0.824451
878 1.359329
268 0.680193
664 0.407857
341 1.105440
677 1.029390
180 0.211305
17 0.706859
25 1.146963
387 0.733722
829 0.867948
460 0.292231
491 0.375090
280 0.680987
744 0.334812
870 0.702550
262 0.415249
1274 4.029809
798 0.785965
452 0.652642
335 3.994067
824 1.692750
1329 3.358064
885 2.102426
883 2.187928
1105 1.984442
976 0.894723
1145 2.044928
1286 1.790345
1051 1.170703
1090 1.204334
1066 0.374399
907 0.250024
329 0.286218
761 0.321896
877 0.007986
817 0.757832
1126 0.387948
843 0.245741
735 0.231980
21 0.065487
621 1.820850
41 1.099093
407 0.359278
1348 0.939038
