1369 0.190482
1399 14.086541
512 0.268326
1307 0.159734
1035 0.127119
1168 0.143079
292 0.201222
50 0.135954
662 0.486521
517 0.356590
290 0.371844
699 0.237378
188 0.400416
379 0.473327
359 0.243819
1186 0.865597
1364 0.880911
1144 2.733496
240 0.482231
897 1.021974
744 2.022337
988 1.885967
659 0.712174
63 1.214142
868 0.946876
1191 0.193419
209 4.664253
858 0.298539
992 2.166936
89 2.374581
525 0.537778
1188 2.850242
1202 1.072473
1389 1.471957
503 0.432132
1036 1.564027
39 4.666163
34 0.514985
26 3.676601
164 2.904821
1398 1.423574
1245 2.458343
397 0.717982
1314 0.495121
1090 2.913609
142 0.375008
1330 2.765646
515 4.253518
201 1.033094
