308 0.803020
304 0.368956
1212 0.423130
996 0.479473
521 1.698985
100 20.916075
746 0.772988
96 0.427145
1218 0.444210
554 0.543255
1266 0.198031
392 0.453537
608 0.047722
1254 0.109841
34 0.586105
380 0.054388
336 0.898452
674 0.467463
447 0.679505
947 0.006064
1164 0.878234
276 0.451734
888 1.027194
525 0.503547
1334 0.658800
1237 0.400844
890 0.802186
1178 0.169814
404 0.530777
568 1.257537
887 1.091011
869 0.255337
618 0.069051
889 0.961540
352 1.344820
435 1.008502
1239 0.088638
513 0.932051
1009 0.410837
1284 0.378336
660 0.706933
1279 0.295292
588 0.692664
1211 4.476393
1049 4.062067
1107 3.857115
228 2.404584
734 1.703742
343 4.939368
1150 2.949435
781 6.315148
713 0.481624
1382 3.103995
193 5.137098
315 4.345210
1394 2.659475
1292 3.404752
348 4.920806
1351 1.275538
74 0.594166
456 3.927460
974 4.805786
28 6.399930
1319 3.370961
396 1.216610
347 0.833378
717 0.481865
1021 0.086905
441 1.031386
1360 0.624915
