1344 0.468177
1254 0.393953
323 0.225799
275 0.714205
1046 15.487586
173 0.163220
97 0.235793
104 0.428229
153 1.341093
1044 0.865770
557 1.668048
1072 1.252941
454 0.558034
1143 0.087373
524 0.743200
743 0.155782
951 0.650531
926 1.907174
1226 1.798179
1341 2.022684
1243 0.225208
559 1.083711
545 0.589714
186 1.662975
178 0.959669
674 0.972894
257 1.880575
251 1.112931
597 1.025172
1168 1.665294
1071 1.575604
196 0.552572
152 0.700419
522 2.025803
19 0.923570
634 1.162891
361 1.672516
1264 0.439837
149 0.307360
442 1.459913
342 0.310986
698 0.445520
697 1.198861
570 0.018527
1112 0.455754
1105 0.843959
972 1.046012
238 0.324572
875 0.842833
918 0.378291
938 0.519715
950 0.832992
366 0.978774
1351 1.731063
554 1.173683
746 1.331555
20 3.132475
785 1.261059
11 4.185554
128 3.348692
259 5.169053
858 4.045773
1116 2.655222
308 0.687201
1224 0.527856
51 0.658087
1388 0.507031
1033 0.385830
857 0.565698
1203 0.410226
71 0.349557
800 0.265038
679 0.402161
609 0.376984
59 0.099005
854 0.234521
1324 0.380092
533 0.000469
1131 0.093158
195 0.194313
825 0.107663
610 0.171390
192 0.120957
1335 0.111055
