218 0.151420
921 0.373300
1289 0.125489
1158 12.002198
197 0.140081
915 0.118216
166 0.004137
92 0.105578
1051 0.006041
1244 0.012177
1074 0.001325
1376 0.003301
507 0.002931
104 0.003494
263 0.007697
5 0.471382
300 0.023437
902 0.037544
941 0.207473
1345 1.651304
524 0.351643
584 0.299398
1381 0.242427
321 0.125666
110 0.216837
306 0.358344
954 0.114125
939 0.293025
622 0.270087
989 0.327055
1068 0.439046
276 0.430159
865 0.309028
678 0.082959
165 0.066034
623 0.245720
1276 1.077784
670 0.260392
322 1.610766
1347 0.568909
1087 0.918993
194 0.511419
841 0.704398
772 1.375429
466 1.773520
424 1.641044
1026 0.054627
1113 1.180204
470 0.927121
426 2.445343
1048 1.951890
283 1.456699
1319 3.340814
662 1.439770
231 0.746129
454 8.042352
343 0.760704
488 6.063232
1267 5.441964
223 7.508749
845 2.144454
1328 4.340421
