284 0.032594
260 0.106648
1099 0.050020
123 0.115144
10 0.050091
725 12.318513
1001 0.115857
151 0.070885
515 0.078872
342 0.034764
145 0.051726
1296 0.235525
866 0.012006
898 0.403313
307 0.252779
1164 0.141604
70 0.088850
618 0.087009
1337 0.130201
158 0.040117
437 0.584563
385 0.450203
548 0.139915
513 0.330052
736 0.423690
1214 0.782361
504 0.314926
1126 1.432223
1177 0.749575
935 1.182458
726 1.250567
658 0.950607
1071 0.632743
602 0.798427
921 2.460019
662 4.110417
616 1.913750
925 1.639815
1243 1.810062
377 2.476390
645 1.405129
1256 0.210065
587 0.012583
1359 5.351099
1261 0.027402
228 1.443800
900 1.260283
27 0.478373
705 0.259512
430 0.286581
536 0.324762
568 0.165663
1353 0.415431
1199 4.878188
143 4.019450
979 0.416972
1025 7.274117
192 6.777318
967 2.340781
