937 13.139389
307 0.075771
770 0.030935
849 0.336168
968 0.737860
1351 0.657593
240 0.381652
357 0.479453
272 1.565922
1071 0.656063
49 0.414704
464 1.261105
95 0.424229
1060 0.165952
572 0.850480
1374 1.270002
1196 0.769230
163 0.344816
917 0.266041
191 1.448792
424 1.854668
746 1.026687
1185 1.652293
268 0.477414
1378 0.583742
374 0.207745
601 0.185053
473 0.758270
774 0.424932
851 0.224009
327 0.719568
1003 0.377087
1343 0.376035
969 1.713546
72 1.189628
813 1.328416
555 3.219510
10 0.317976
1175 0.084217
698 0.006002
37 0.030876
899 0.205918
906 0.165287
359 2.204254
493 2.226484
808 1.402036
176 0.199467
325 2.054017
990 0.785505
316 0.030906
670 0.473350
1043 3.272734
245 2.808776
642 3.046996
89 1.850071
1178 1.646109
668 2.594598
35 1.631479
936 5.741799
205 3.295655
1332 0.052177
1215 3.166083
