712 0.247245
602 1.296514
220 0.204081
1028 0.307242
52 1.758921
1147 10.519705
598 0.154347
594 0.164712
1060 0.066152
1062 0.023534
884 0.137027
334 0.136530
27 0.154640
1262 0.030289
603 0.106461
1218 0.490945
580 0.458486
75 0.343713
1277 0.087442
347 0.500103
265 0.187804
805 0.285456
1357 0.305267
241 0.357742
1025 0.130206
1339 1.445887
829 0.414849
1371 0.334088
839 0.424320
1047 1.294733
1331 0.943427
807 1.661573
1172 0.737230
1141 1.210607
845 0.887766
740 2.009030
183 2.660959
167 0.925802
1191 6.336268
837 0.110895
38 0.878932
954 1.458948
86 0.011260
314 0.832757
436 0.122526
824 1.038360
1274 1.638827
1109 0.829934
1004 1.691962
1381 2.504221
279 2.381248
1294 2.703892
734 0.411280
1227 1.203059
568 2.739326
216 5.094718
412 1.814309
1070 0.038289
1335 6.280314
1211 3.183023
