823 0.473755
351 0.307843
4 0.206823
413 0.053745
700 0.018129
487 0.290355
408 7.137100
105 0.249429
310 0.058725
591 0.030276
333 0.111197
717 0.117079
528 0.087103
617 0.022561
204 0.061089
129 0.137727
1004 0.869801
261 0.436771
183 0.505495
314 0.689384
521 0.353916
338 0.387306
1354 1.341115
1108 0.313741
902 1.664095
582 1.485913
1390 1.453323
1023 0.570805
484 0.904460
1384 0.629912
416 0.498670
154 0.658802
1164 1.382825
1288 1.848915
391 0.854095
757 0.992369
1186 3.081579
654 1.939794
455 0.630149
141 0.658952
124 0.857015
803 3.728275
835 1.938674
