568 0.112178
652 0.208650
117 0.015810
644 3.033819
709 0.055298
667 16.823050
156 0.168607
98 0.126318
681 0.152683
637 0.205447
46 0.039390
253 0.203203
1137 0.009181
981 0.103260
402 0.103264
417 0.029233
1394 0.016746
155 0.021805
926 0.041678
628 0.045815
1130 0.001757
449 0.780170
38 0.156644
53 0.233506
26 0.143889
319 1.209835
424 0.544403
333 0.700419
847 2.234748
669 0.535444
351 1.571431
44 2.630765
1087 2.049337
895 0.542796
713 1.261305
904 0.738658
1121 0.545963
466 1.204905
19 0.401880
1167 1.305205
89 0.566411
823 0.606138
1379 0.138042
564 0.096603
418 0.691916
877 0.287414
447 0.518591
869 0.648906
903 0.388871
497 0.235404
1332 0.606801
1108 0.103173
604 0.481413
953 0.147277
934 0.413399
1230 0.811581
1272 0.612730
982 1.221690
494 1.376171
444 0.765226
967 1.095032
662 1.819160
912 2.503882
1235 0.408828
1064 1.126947
158 1.808542
530 0.017396
983 1.434452
930 0.513664
756 1.986918
1341 1.895138
889 1.292939
898 1.784153
1066 2.240593
541 0.291926
542 0.329719
247 0.222177
703 0.250212
1061 0.024318
1255 0.241019
1134 0.176045
1202 1.065321
615 0.597594
748 0.568655
700 0.743507
204 0.549977
606 1.219352
1275 0.692242
621 1.170463
769 0.528291
1040 3.095186
1002 1.070260
591 0.387894
153 1.796859
1318 2.304903
363 0.992573
1209 2.528632
630 3.157792
802 3.585653
567 5.734126
1000 2.475237
1363 3.275780
