79 0.560868
1221 0.541880
610 0.331151
420 0.500224
1374 0.952161
1062 14.077489
10 0.770731
38 0.497187
710 0.012587
157 0.154245
846 0.026853
606 0.085164
439 0.245453
46 0.353054
894 0.259527
301 0.068136
1195 0.055495
317 0.281400
1094 0.453505
369 0.329196
362 0.256536
801 0.203160
476 0.282804
795 0.231283
727 0.429766
512 0.323867
1368 0.165080
394 0.454115
273 0.147242
686 4.470196
576 0.075271
154 0.041746
839 0.024969
205 0.203507
447 0.120672
586 0.867509
883 0.602290
153 2.722429
48 0.549079
660 1.887872
1313 0.702209
555 0.988463
1060 0.092427
884 0.191453
1147 0.023534
334 0.190759
27 0.216062
1262 0.042319
603 0.148747
86 2.421515
935 1.799297
1133 1.633181
997 1.550720
655 0.374129
169 2.350851
927 1.475711
28 2.360317
1246 1.062642
860 2.311203
1017 0.094450
403 2.304481
853 1.932448
640 4.274679
644 0.867275
561 5.940395
592 0.522148
227 4.145954
1143 3.224261
328 1.932979
492 2.607568
588 3.113567
1237 0.091387
1373 2.074222
397 0.250652
1400 1.560170
