1218 0.820233
554 11.243451
1266 0.365665
392 0.837457
608 0.088118
1254 1.094562
34 1.082243
100 0.543255
262 0.960272
931 2.032453
1015 0.212699
1281 0.266770
350 0.806141
777 0.243667
515 0.533902
1069 0.051861
78 0.136824
1251 0.593505
149 1.197976
629 0.785054
1072 0.162363
1192 0.259221
337 0.857005
614 0.582523
218 0.469442
1274 0.811058
610 0.598732
209 2.674672
355 2.614601
23 0.255023
705 0.634919
1188 0.928085
339 2.305957
769 1.527493
187 0.045445
886 0.698400
1053 0.382273
1311 0.525577
1106 0.091992
1343 0.987218
822 0.550519
918 0.318425
938 0.437469
950 0.701169
366 0.823881
1351 1.457119
746 1.120834
1046 1.173683
251 3.805564
1115 3.386564
1289 2.585752
276 0.524406
323 1.541467
917 3.616164
1080 2.253695
1020 2.156521
1050 0.186445
994 1.402637
602 0.054079
1088 0.844136
429 1.597135
1315 1.263428
698 1.966932
859 1.906205
261 1.803967
1025 0.247815
309 0.494880
31 1.355884
1337 1.041482
