377 0.208337
856 0.321390
578 0.253558
1324 0.408382
869 0.406459
482 0.115492
954 0.353432
29 16.436464
310 1.107630
774 0.658777
265 0.892468
867 0.415582
879 0.954821
273 0.305057
344 0.589233
1362 0.319725
135 1.069805
1372 0.832481
118 0.575881
484 0.391558
1375 1.517642
457 0.545180
270 2.413961
1292 2.040888
1242 1.821076
14 1.947642
380 1.833238
414 0.276618
772 1.377030
435 2.485734
194 0.365451
745 1.397947
1136 0.377062
608 2.409905
1047 0.178073
990 1.289222
399 2.547143
777 2.036045
5 0.281878
54 1.004936
796 2.214164
1192 1.747907
421 2.468075
731 5.277077
324 0.386624
1023 0.055845
488 0.610866
496 0.204700
1345 2.798436
199 0.517004
105 7.378013
1295 2.096857
1101 0.041200
160 0.451742
1137 4.832035
1397 3.931583
