275 0.095881
1037 0.494814
1347 0.810530
1106 6.116495
74 0.139568
1360 0.322390
313 0.726467
203 0.528142
1376 0.594028
379 0.108735
109 0.151429
1075 0.540766
457 0.257470
1352 0.582795
252 0.317832
870 0.030021
822 0.179381
1386 0.002752
1035 0.018840
238 0.015443
1240 0.020914
302 0.027544
189 0.103481
555 0.289106
114 0.054765
823 0.112602
967 0.293630
1250 0.170228
496 0.154975
621 1.719879
440 1.973521
934 1.682282
338 1.915095
552 1.010222
435 1.316302
568 1.032211
1247 0.022910
495 0.409931
1343 0.351837
871 0.612747
1297 0.509857
716 0.180816
683 0.442408
187 0.013306
886 0.204493
1053 0.111930
1311 0.153890
554 0.091992
1196 1.359540
1084 2.404209
663 0.242483
672 0.749759
1118 0.175619
1283 2.119618
999 1.394240
406 2.651035
752 1.464094
1011 0.410889
1280 2.851825
303 0.117776
73 1.598045
44 1.829147
