409 0.052316
347 10.770342
283 0.174185
881 0.341450
689 0.002755
530 0.322755
158 0.398043
230 0.222647
980 0.141586
294 0.160037
747 0.506759
265 1.721684
83 0.772299
775 0.849223
1196 0.015698
255 0.317280
81 0.367706
419 0.629366
814 0.547294
1036 0.278092
732 0.602548
573 0.321726
1218 2.826431
580 2.639562
75 1.978798
1277 0.503412
1147 0.500103
805 1.643407
565 1.025658
166 1.049193
373 0.520191
64 0.234346
1197 0.279529
871 1.222595
819 0.612334
262 0.896456
1086 0.632685
1263 2.672308
1328 0.903559
1305 1.676126
1051 0.933624
884 1.356139
36 0.731730
118 1.597877
542 1.337936
1254 0.515440
1316 1.788323
537 1.701477
1043 1.086616
1010 0.194808
462 0.048724
998 0.002489
483 0.083820
796 0.300123
895 0.139367
1173 0.235837
521 4.406304
396 6.067451
717 2.403147
100 0.833378
1021 0.433408
441 5.143704
1360 3.116561
