251 0.393891
228 0.492359
953 18.737574
962 0.122541
819 0.150952
410 0.354259
716 0.447586
63 0.335192
1212 0.382226
1379 1.470354
532 1.281511
1359 1.553386
748 1.827002
848 1.705056
674 1.120225
1059 1.644658
839 2.737406
485 1.647139
704 0.844394
307 0.341886
586 1.945783
808 1.590981
497 0.235277
667 0.147277
44 0.307734
1332 0.606473
1108 0.103117
604 0.481152
934 0.413176
1292 0.819773
211 0.941859
1245 0.551323
151 0.362992
283 0.449578
647 0.966474
938 0.510287
12 1.111304
320 1.248619
60 2.225689
910 1.740466
1247 0.937339
615 0.366392
456 0.643602
299 2.167380
659 1.236433
595 3.330484
1017 1.637528
837 3.232228
818 1.994624
980 1.691369
542 1.071972
358 0.429209
691 1.578963
279 0.637036
635 1.560520
933 0.217413
1127 0.867781
470 0.866247
260 0.641905
1146 0.310397
271 1.032228
749 0.809364
663 0.516197
1129 0.655169
729 2.077912
1168 1.103331
560 4.240343
990 1.966014
946 4.041468
200 2.646395
1169 2.830177
654 5.682637
570 0.221721
51 5.152825
421 1.798942
558 5.310210
1356 0.083635
1258 3.044204
950 0.209732
601 0.065863
914 0.205922
72 0.207469
1301 0.251351
1396 0.072082
1297 0.144841
