1189 0.241787
712 0.345827
415 10.805005
971 0.231420
1229 0.360150
597 0.365506
865 0.016326
34 0.191441
193 0.742119
1109 0.114726
1210 0.810661
1058 0.481986
1307 0.525650
590 0.451034
270 0.479625
1346 0.381496
506 0.413370
1224 0.678395
222 0.632138
932 0.103708
403 0.709896
345 0.572262
909 0.898019
63 0.477519
727 1.121753
419 0.838445
604 0.384173
548 0.653708
607 0.500717
655 2.313017
311 1.905733
751 1.749852
385 1.704283
246 2.496030
387 1.547497
836 1.409425
291 5.137988
969 3.648194
874 0.476168
431 4.686542
60 0.708626
1055 3.479374
1101 2.644701
796 0.022242
759 0.141648
943 0.267572
1202 0.291126
1171 0.176094
1161 0.284834
384 0.223438
399 1.918631
1144 2.171099
285 2.740819
181 3.916700
1207 2.160085
