237 0.103156
935 0.178869
906 0.038192
304 0.124247
999 2.846074
271 0.130148
249 0.029529
155 0.066861
1115 0.180607
1331 0.718722
1313 0.480378
38 0.828906
450 0.004088
770 0.564497
367 0.565415
58 0.375215
506 0.653054
44 0.176605
25 0.449995
1340 0.594315
440 0.231386
688 0.485624
1048 0.181454
519 0.818019
147 0.348638
973 0.223913
257 0.676273
1058 0.524414
690 0.624001
183 0.011766
1007 0.179777
494 0.096730
220 0.050735
132 0.155846
820 0.094732
1196 1.258495
1084 2.225521
663 0.224461
1106 1.394240
672 0.694035
1118 0.162567
1283 1.962082
115 0.095071
456 0.300659
448 0.156854
244 0.114152
915 0.036282
714 0.179779
1014 0.183810
