707 0.152207
280 0.298907
1036 16.494312
597 0.207630
80 0.287077
354 0.246826
840 0.459916
331 0.239015
744 0.902731
690 0.117693
836 0.298607
903 0.578314
835 0.307640
1060 0.776841
522 0.474510
743 0.014731
738 0.723673
369 0.049893
815 0.354562
579 0.979252
901 0.326814
551 0.534893
255 0.545972
81 0.632744
347 0.278092
419 1.083007
814 0.941777
732 1.036858
573 0.553622
780 1.099794
28 0.737211
1384 1.664226
1205 1.266629
75 1.390893
843 2.173006
849 1.897772
654 1.898905
1295 2.070193
227 2.242274
1308 0.373989
407 2.968454
1068 1.721760
995 2.328046
89 2.082421
525 0.471611
1188 2.499558
1399 1.564027
1202 0.940519
1389 1.290852
503 0.378964
1218 0.249211
456 0.011587
128 0.094766
1361 0.362018
124 0.089077
1096 0.321027
211 2.199698
810 6.734602
858 4.364362
1193 2.416363
1355 4.243723
613 4.961090
1347 3.642291
