251 0.146505
228 0.183130
953 0.150952
962 0.045578
819 10.087758
410 0.131765
716 0.166477
63 0.124673
1319 0.440552
635 0.682153
1015 0.413053
1331 1.041836
746 0.117901
1230 0.080761
473 0.660164
189 0.309372
456 0.974398
37 0.314781
681 0.308162
1072 1.140442
608 0.527782
577 0.753907
565 1.607828
166 1.644723
373 0.815455
64 0.367362
1197 0.438191
347 0.612334
871 1.916549
41 1.921817
1125 1.581999
589 1.086995
941 2.305646
325 1.202273
769 1.150253
915 1.185785
773 0.577478
359 0.887960
876 1.337940
657 0.106240
1159 1.396499
102 0.581301
1071 0.703804
236 2.895414
49 2.405496
645 3.233512
23 4.195825
201 0.849407
949 1.893267
1222 2.110643
779 0.852083
606 2.972597
1202 3.438081
212 4.888004
711 1.831984
346 1.254840
1290 2.662816
