1112 0.051475
280 6.996690
1172 0.102903
1250 0.083546
291 0.218523
196 0.151043
1230 0.260371
85 0.146881
704 0.079267
871 0.037203
282 0.029470
152 0.022815
48 0.079365
896 0.057982
95 0.040570
1032 0.474462
11 0.533087
82 0.638050
91 0.426364
99 0.041895
1246 0.007174
490 0.245172
707 0.342590
1036 0.298907
597 0.467336
80 0.646156
354 0.555557
840 1.035183
331 1.832001
829 1.173295
460 0.395039
491 0.507048
744 0.452600
870 0.949709
262 0.561335
427 0.680987
1012 0.294785
1175 0.247753
361 0.144816
179 0.087584
965 0.178783
386 0.140416
505 0.159339
719 0.263109
200 0.396024
484 0.245038
504 0.234442
728 0.111999
599 0.207661
512 0.395306
1019 0.298290
606 0.539570
1195 0.586196
1289 0.136790
839 0.213334
1249 0.559764
721 0.326088
997 0.668191
253 0.205128
688 0.739017
316 0.540622
847 1.258827
605 1.250383
742 0.749471
584 1.004433
5 0.239563
487 0.298565
1017 0.971625
787 0.717120
547 0.416034
806 0.715140
261 0.166445
7 0.201489
236 0.210905
1208 0.064212
1206 0.197940
123 0.160918
826 0.199102
655 1.150240
879 1.618339
153 3.263971
86 0.014939
1377 3.612146
1148 2.815391
1074 1.880156
511 0.692692
315 2.098660
1097 1.516871
1029 2.433638
681 1.463406
1354 1.371033
