1377 0.834024
424 10.879729
127 0.445807
284 0.518601
1283 0.292144
375 0.238839
583 0.260863
91 0.444244
784 0.949922
310 0.123165
674 0.428839
514 0.366381
540 0.136091
1273 0.024173
1346 0.145332
1360 1.318853
1269 0.056192
1047 1.148351
1022 0.835755
960 0.042217
515 0.362430
638 0.820582
1017 0.170493
816 2.128708
807 0.558894
235 2.106222
980 1.564295
1180 0.680086
652 1.368642
38 0.114072
53 0.170045
26 0.104784
319 0.881032
449 0.550704
333 0.510063
667 0.544403
937 1.854668
1374 1.902292
1196 1.152204
163 0.516488
917 0.398493
191 2.170095
746 1.537839
851 0.033550
533 0.011845
401 0.010611
1118 0.011993
1127 0.018858
354 0.021007
929 0.017697
194 0.938013
841 1.291962
1158 1.641044
772 2.522725
466 3.252878
1026 0.100193
1113 2.164656
