267 12.190177
990 0.076877
958 0.123109
47 0.055512
70 0.115909
1263 0.037524
88 0.033373
199 0.062521
80 0.396744
1191 0.153172
1150 0.425818
1290 0.132246
400 0.244625
1076 0.375313
493 0.441578
989 0.571830
1269 0.417390
716 0.506266
1188 0.481067
433 1.010321
845 0.201422
369 0.774408
680 0.065444
784 0.008479
1235 0.083492
625 0.002961
110 0.786044
807 0.011280
438 0.062123
283 0.209962
641 0.419534
885 0.288423
544 0.220206
854 1.213350
879 1.281480
452 0.802950
222 0.345210
966 0.576713
484 0.151580
372 1.228134
465 0.877415
468 0.585533
539 0.652454
17 1.877343
1345 1.969526
352 0.827121
1196 2.069848
1086 2.162273
1015 1.099081
341 3.440175
488 2.354872
1114 3.440017
587 2.837748
1161 0.677054
1312 1.993935
338 5.683561
147 3.139278
705 3.464185
50 6.071051
1124 2.272929
432 3.385734
1355 3.663605
