1189 0.636459
712 0.910325
415 0.365506
971 0.456715
1229 0.948026
597 13.299466
865 0.042975
34 0.503931
707 0.237974
280 0.467336
1036 0.207630
80 0.448841
354 0.385907
840 0.719070
331 0.373696
1008 0.093819
1376 0.275648
381 0.150583
378 0.189814
1042 0.030393
778 0.282318
655 0.674944
583 1.536384
1204 0.449257
812 1.595446
52 0.753265
520 0.292252
490 0.939489
545 2.400537
186 1.080795
178 0.623705
674 0.632300
1046 1.025172
257 1.222217
251 0.723312
1296 0.416324
350 0.735510
832 0.478539
831 0.715709
590 0.075555
30 0.497765
682 0.429131
396 0.683897
286 0.120454
662 1.852593
85 1.562468
1030 0.455392
892 1.065374
258 1.583108
813 1.071587
1349 2.231175
593 2.641014
708 0.990545
1372 2.342173
932 1.611414
895 0.508154
976 0.216688
1213 1.232893
775 1.515570
573 1.904520
1059 1.829789
1038 1.249497
214 0.268440
720 0.860195
598 1.325881
1220 1.821926
1318 3.879568
1124 2.828903
