951 0.361506
1188 0.189927
420 0.720397
310 0.175526
851 0.141600
1006 0.823762
331 0.061036
329 5.919387
418 0.002903
502 0.069082
141 0.002977
773 0.000433
867 0.047409
132 0.016913
621 0.036553
1253 0.359728
1153 0.236801
439 0.431255
1180 0.285642
1391 0.005654
526 0.262961
714 0.281117
996 0.207748
357 1.087414
57 0.132145
586 0.781556
599 0.359959
688 0.913629
735 0.929689
1307 0.740211
339 2.633306
392 1.958258
562 3.243500
447 2.307629
1177 0.118520
897 1.951935
1066 1.132387
427 0.286218
907 0.756209
761 0.973589
877 0.024155
817 2.292099
1126 1.173368
