269 0.124554
1174 0.327317
569 0.254077
292 5.837131
1235 0.041480
368 0.330580
1163 0.165325
4 0.214734
1369 0.561939
1399 0.201222
512 0.791584
1307 0.471230
1035 0.375013
1168 0.422097
50 0.401075
729 0.729500
647 0.332770
582 0.368264
330 0.598435
891 0.058443
1151 0.468547
153 0.380223
853 0.206769
956 0.119804
490 0.154288
689 0.111952
1375 0.205094
958 0.128139
265 0.106551
733 0.182452
283 0.297693
74 0.799222
551 0.419144
1164 0.277173
200 0.786414
1218 0.333790
722 0.473660
1261 0.668890
581 1.158593
1082 0.119458
771 0.616010
1089 1.195259
372 0.648675
19 0.047423
1386 0.087493
1376 0.099941
681 0.025697
633 0.049148
991 0.058528
482 0.055278
127 1.795927
1325 0.779035
944 2.548896
825 2.164066
371 0.598096
1344 1.507327
744 1.662360
