1050 0.768080
515 0.346212
195 0.222188
1031 0.297749
72 0.188192
786 21.500661
17 0.226854
86 0.502232
733 0.007297
275 0.073841
1311 0.032701
799 0.009011
732 0.026698
75 0.063183
218 0.038851
42 0.055464
389 0.257685
380 1.826019
449 0.286060
1000 0.322044
103 0.139995
311 0.225474
1333 1.124843
1128 1.099996
1208 0.409133
501 1.073570
1024 1.302227
534 3.023486
158 1.603367
1344 0.485776
940 1.354367
897 1.715200
102 0.860245
513 1.073757
828 1.071063
1362 4.481146
927 0.937354
1326 0.410377
1248 0.749141
1060 0.643500
391 0.741925
975 0.583434
871 1.404881
610 3.281864
1215 1.910173
640 1.191974
566 2.284721
56 0.527961
1053 1.732247
60 1.389137
1015 2.626257
629 1.394207
242 0.366809
268 1.447602
1118 1.482870
171 3.051844
80 6.907019
482 4.148125
615 8.360618
655 7.706874
454 6.328725
1264 7.272813
301 0.602981
484 1.380779
761 5.507252
286 7.222143
686 2.219936
1366 3.930523
