448 0.026565
612 0.908484
364 0.428333
96 0.739723
697 18.179413
1071 0.789323
632 0.571640
111 0.457232
875 0.593308
222 0.307068
187 0.917658
833 1.679487
209 0.705510
259 1.332359
354 0.865311
361 1.095681
1046 1.198861
1264 0.288142
149 0.201354
442 0.956403
342 0.203730
698 0.291864
778 0.661562
652 1.660581
137 0.464537
839 1.774627
175 1.036262
75 0.104703
800 0.922379
1096 0.646909
208 1.733256
286 0.291793
359 1.628960
913 2.337633
1182 0.582840
858 1.172932
140 0.252040
240 0.995306
203 1.182261
727 1.052958
1367 0.306676
552 0.854019
1164 1.938301
842 2.613033
589 0.837906
220 1.886108
1239 0.281493
776 0.138025
1012 1.411400
28 0.402865
1116 0.984845
315 2.087467
685 3.941963
401 7.275676
481 2.640163
1050 2.140436
1117 0.652929
517 3.061972
926 4.460062
1092 0.156518
1056 0.397350
1365 4.245471
