1081 0.945215
883 0.295440
222 0.371595
1242 0.932177
698 0.060551
34 0.225111
536 24.541163
131 0.536659
83 0.034325
643 2.524823
1126 0.040955
547 0.038453
171 0.063080
186 0.032328
259 0.047411
217 0.895206
1175 0.591567
584 0.930354
499 1.230018
1107 0.715257
1122 1.000913
453 1.037313
1263 1.409690
1098 0.917067
886 0.560125
87 0.079132
785 0.953477
225 1.730250
510 0.904115
1110 0.747826
678 2.098446
843 0.583262
50 1.803853
533 1.144347
1219 0.598535
377 0.813776
1205 0.094341
1023 0.930059
1366 0.481432
506 0.232848
796 0.516920
960 0.165440
854 7.495393
1368 0.178843
410 0.111306
730 0.053972
984 0.102846
37 4.422350
43 2.195129
704 3.829436
879 1.878011
304 3.517842
413 3.319090
994 2.363625
219 1.369794
1040 1.049995
26 3.432230
109 4.286019
569 3.360367
721 3.044750
1333 2.181246
27 2.079638
705 1.128182
1214 2.014289
725 0.324762
430 1.245858
568 0.720188
1353 1.806012
36 6.793711
844 5.637495
177 2.106018
830 9.114363
1367 4.724925
