947 0.190907
1232 0.164376
640 0.103266
393 0.012427
1088 0.198577
604 0.005972
1199 15.229743
81 0.108051
422 0.561144
67 0.160331
1081 0.572244
761 0.600902
99 0.063240
403 0.061561
130 0.590432
181 0.586716
1254 0.103715
1072 0.104257
546 0.103617
359 0.587991
630 0.230373
141 0.393747
119 0.807192
1341 1.504030
804 0.603082
584 1.219457
1396 1.385210
1013 1.247825
384 0.881714
916 1.145081
47 0.254011
1247 0.010254
871 0.260254
15 0.329905
1118 0.753396
385 0.615809
1065 0.712977
457 0.907871
237 0.459826
495 1.296808
631 0.947279
165 0.907547
692 0.915332
1134 1.507233
302 0.449252
1051 0.404772
767 0.984880
1193 0.088549
756 1.955102
793 1.395114
872 0.137530
1245 0.385388
926 0.123701
1258 0.003307
854 0.201521
1305 1.198911
666 2.523317
75 1.059265
628 0.186039
958 0.957417
678 3.081002
1154 1.896134
915 1.445163
1259 0.747921
435 1.697014
522 3.458902
26 0.882734
65 0.124351
559 2.859916
725 4.878188
143 2.658905
979 0.275831
1025 4.811898
192 4.483260
967 1.548449
1359 2.743894
870 2.737040
201 0.827730
702 3.784119
880 2.203045
425 1.716114
784 1.377880
1395 1.910204
