161 0.341574
688 0.314377
1249 14.263009
812 0.079793
651 0.166190
781 0.069625
1075 0.333116
143 0.175354
207 0.754653
1078 0.640682
712 0.652629
208 0.559808
212 0.542210
985 0.045883
184 0.493486
868 0.809855
204 0.641116
740 0.082842
427 0.632846
806 1.024054
98 0.501125
242 0.560803
825 0.932663
227 1.143097
638 0.958437
941 1.046030
631 0.562143
1288 1.104249
400 0.628937
239 0.219335
1369 0.238843
1012 0.573161
508 0.529404
79 0.102835
383 0.186203
433 0.321744
1019 1.282914
280 0.559764
606 2.320639
1195 2.521171
1289 0.588321
839 0.917530
721 1.402475
567 2.819291
1189 3.487760
1051 2.248468
458 2.836718
1274 2.680190
26 2.679925
855 1.744817
14 2.951677
552 2.732477
738 0.899394
1358 0.007323
1275 1.675601
1182 3.750659
530 2.972409
1323 4.868167
578 3.442449
1285 3.367333
480 4.722203
188 0.575771
244 2.512823
1313 3.025009
