502 0.666004
5 1.016108
1105 0.228915
732 0.379370
700 12.215527
841 0.263129
1283 0.489003
7 0.501792
823 0.040951
351 0.026610
4 0.017878
413 0.004646
487 0.025098
408 0.018129
105 0.021561
903 0.001669
63 0.125639
386 0.008121
1240 0.483087
787 0.426198
588 0.359846
144 0.302428
1242 0.412186
170 0.906078
1115 0.932672
952 0.289731
1238 0.623268
1250 0.722994
191 0.511985
877 0.510613
822 0.382473
172 0.205831
1092 0.585269
763 1.294816
672 0.288501
201 0.300454
412 0.063517
1360 0.901040
509 0.786099
1017 0.412566
232 1.065756
567 0.637089
1095 0.976137
230 0.118376
1316 0.149178
1123 0.055224
1082 1.538465
1073 0.496525
654 0.398018
1353 0.888795
405 0.003058
1141 0.814702
655 0.469707
625 0.479555
710 0.525220
215 0.129163
1038 0.719950
809 0.910883
18 0.205369
271 1.542959
802 1.037994
303 2.400390
1116 1.964538
153 0.847424
485 1.979098
628 0.107204
234 1.996663
803 1.302526
479 0.534735
1370 0.639965
906 0.525797
254 0.733814
1220 0.903323
315 0.781385
993 0.512609
851 1.641963
131 1.063336
629 1.084908
372 1.948611
1313 3.503200
1142 2.063899
1202 3.358842
667 0.743507
615 1.884150
748 1.792907
204 1.734020
606 3.844486
1275 2.182564
