765 0.207983
313 6.305308
917 0.065636
923 0.029015
600 0.332064
377 0.193917
418 0.409443
176 0.235123
275 0.087030
1037 0.449140
1347 0.735713
1106 0.726467
74 0.126685
1360 0.292631
203 0.479392
156 0.042200
473 0.084911
154 0.058120
192 0.022012
339 0.076363
261 0.043950
1396 0.234550
185 0.590721
848 2.027740
655 0.168682
990 0.460397
880 0.356580
309 0.351032
598 0.263494
821 0.299680
1254 0.161324
178 0.514294
1098 0.688746
18 0.497211
1041 0.652634
1353 0.574552
1184 0.400505
257 0.498574
328 0.908463
1225 0.497733
53 0.837105
378 0.498207
317 0.446706
441 0.153983
1220 0.453584
438 0.203895
1367 0.140700
563 0.283586
1047 1.643502
570 0.936172
480 1.642410
956 0.829396
926 0.216164
816 1.871703
38 0.529750
530 1.485833
459 1.031995
386 2.172419
657 0.444506
758 2.159614
868 1.344654
527 0.221842
770 0.776762
341 0.754731
243 0.328383
474 0.893279
238 0.394377
1005 0.547689
204 0.725650
596 0.147387
1180 0.543441
1272 0.650573
14 0.044545
182 0.825673
1230 0.542574
