1074 0.473008
1195 10.292717
1095 0.631179
1244 0.374244
942 0.437212
886 0.814763
1144 0.666888
46 0.459833
1260 0.027780
1390 0.646492
455 0.014897
711 0.004296
42 0.005441
1308 0.007026
136 0.018405
863 0.072637
1190 0.068780
1227 0.066185
1155 0.071183
116 0.084476
780 0.053727
283 0.043046
894 0.099070
301 0.026010
317 0.107419
1094 0.173118
369 0.125665
1062 0.055495
362 0.097928
752 0.063668
1016 0.484422
1025 0.578816
736 0.909612
231 0.558805
969 0.003094
446 0.713714
575 0.687120
1168 0.266933
932 0.935372
1269 0.863522
1202 0.646082
915 1.113527
503 0.709863
1345 0.156941
720 0.535940
69 0.262177
966 0.125852
157 0.628879
608 0.405950
1030 0.136264
1067 0.217152
325 0.089173
234 0.021999
494 0.114919
517 0.171629
661 0.110374
1019 1.343494
280 0.586196
606 2.430220
1289 0.616101
839 0.960856
1249 2.521171
721 1.468700
204 1.791861
1124 0.388249
459 2.187782
988 1.036277
65 1.458089
465 2.082470
837 1.274935
71 0.746600
726 1.512338
299 0.882448
816 0.115791
723 2.153598
1301 1.532019
1089 1.141767
266 0.184937
414 0.690238
124 1.156607
1356 1.583312
916 0.187011
1115 1.424576
1100 0.801271
1006 0.566481
276 3.512051
1183 1.910908
311 0.378372
675 0.125037
1028 0.782894
939 0.730144
