1396 0.133215
185 0.335504
313 0.168682
848 0.350832
655 20.647482
990 0.261486
880 0.202522
309 0.199371
583 0.656463
1204 0.191958
812 0.681699
597 0.674944
52 0.321854
520 0.124873
490 0.401423
467 0.559272
1073 0.794189
1310 1.439052
895 0.384575
1116 0.700919
463 0.102676
350 0.724895
1353 1.214268
822 0.401546
700 0.469707
405 0.004178
1141 1.113042
625 0.655165
710 0.717553
311 2.190412
415 2.313017
751 2.011245
385 1.958869
246 2.868888
387 1.778663
836 1.619965
86 0.484049
935 0.354397
1133 0.321678
997 0.305436
1062 0.374129
169 0.463034
927 0.290662
545 2.655626
980 2.112688
838 3.155203
689 2.952687
1282 2.175812
971 2.200867
1268 1.104326
108 0.151749
1301 0.416531
129 1.334071
939 0.798053
1364 1.535605
1040 0.905555
879 0.768846
153 1.550658
280 1.150240
1377 1.716070
1148 1.337545
1074 0.893230
1254 4.031237
1294 3.423129
37 0.354765
821 1.200244
494 4.519707
125 4.037822
1092 2.364793
171 2.917480
80 6.602923
482 3.965495
786 7.706874
615 7.992524
454 6.050090
1362 4.156266
