218 0.466285
921 0.410561
1289 0.386434
1158 0.118216
197 0.431368
915 7.449224
166 0.012739
92 0.325119
559 4.067251
263 0.044574
1264 0.008616
86 0.026762
1002 0.002401
276 0.000558
487 0.025987
575 0.866752
1168 0.336717
932 1.179904
1195 1.113527
1269 1.089271
1202 0.814986
503 0.895441
853 0.524512
128 1.422372
363 1.499752
890 0.663575
214 0.852867
1014 1.262831
558 0.760971
289 0.295817
393 1.012694
1328 0.330646
293 2.102132
1373 2.343949
889 1.570679
819 1.185785
41 1.821811
1125 1.499677
589 1.030431
941 2.185666
325 1.139710
769 1.090397
115 0.135058
999 0.036282
456 0.427116
448 0.222827
244 0.162164
714 0.255394
1259 0.602724
435 1.367566
522 2.787410
26 0.711365
65 0.100210
1199 1.445163
452 0.612257
982 0.451854
892 0.590951
1021 0.162263
1217 0.377042
409 0.500349
1378 0.541496
