169 0.325400
844 0.420823
1298 0.329274
1054 0.391715
63 0.362642
972 5.210811
137 0.007127
148 0.227188
588 0.102436
851 0.009669
218 0.072131
135 0.039944
863 0.071640
614 0.138175
231 0.076562
1372 0.211211
683 2.395069
285 0.828321
1097 2.327945
1363 1.599030
658 0.367692
765 1.255443
1046 1.046012
570 0.028714
557 0.944646
1112 0.706332
1105 1.307977
238 0.503026
875 1.306233
578 1.795696
772 0.131273
1045 2.219578
1246 0.745074
770 2.382408
1017 0.312677
145 1.572251
332 1.020125
175 0.020907
1103 0.093435
411 1.209701
616 1.119581
150 0.043789
1016 0.712472
