1029 0.166458
23 0.505799
799 0.962331
152 0.348974
1132 0.065802
1197 0.041640
829 8.289404
39 0.498916
460 0.503495
491 0.646254
280 1.173295
744 0.576859
870 1.210445
262 0.715446
427 0.867948
1375 0.465258
222 0.117893
573 0.190870
248 0.854420
1067 0.020364
255 0.706982
716 0.448280
502 0.342003
880 1.861717
367 1.746374
699 0.845601
1040 1.673584
731 0.058822
790 1.917159
1357 0.697742
241 0.817682
1025 0.297609
1147 0.414849
1339 1.065192
1371 0.763616
839 0.969857
698 2.654619
286 1.255912
894 2.039135
771 1.032769
616 2.269493
1086 1.527488
738 3.195917
265 2.925189
789 2.014369
287 1.308422
177 0.382052
1287 2.262087
1122 1.762558
1002 0.191290
169 0.152697
557 0.112911
1160 0.155278
315 0.002358
56 0.170565
1168 0.111206
400 0.453502
1228 0.589015
691 0.217326
168 0.557271
380 0.832837
1400 0.779752
1179 0.503914
