882 0.218264
1381 0.592303
1346 21.949125
282 0.626570
784 0.642922
1291 0.670345
81 0.411061
346 0.479181
506 0.319282
1224 0.523984
222 0.488256
932 0.080103
403 0.548315
345 0.442008
415 0.381496
310 0.035708
674 0.124329
514 0.106221
540 0.039455
1273 0.007008
424 0.145332
1127 0.292558
515 2.224878
859 0.065756
734 0.708585
940 0.270258
224 0.299118
619 0.404487
200 2.829842
1345 2.834407
1285 1.854345
526 0.336715
1031 2.228853
684 1.151029
651 2.192435
343 0.040997
607 0.064124
591 0.031260
1002 0.041772
994 0.119480
950 0.093218
677 0.061081
658 1.437246
419 1.203511
236 2.560113
476 1.338185
715 1.141866
600 1.143362
696 1.359645
1230 1.523011
773 1.873575
479 1.546353
104 2.060058
257 1.997176
396 1.612265
867 1.278278
1092 1.940369
1179 0.540539
855 0.775246
776 1.286857
117 1.920814
1047 1.141194
756 0.106220
317 0.174066
745 0.198773
371 0.233543
618 0.289578
511 0.158473
1052 0.166043
395 3.289077
219 0.418710
711 1.387325
253 2.269263
249 0.578790
1115 2.324754
210 0.264731
1006 2.505918
764 3.966909
706 2.200292
197 2.431191
139 5.891268
1241 3.776350
1093 0.796535
314 3.132209
796 2.401200
122 1.848631
1160 2.075936
1279 2.045118
289 4.491927
252 0.138685
822 0.307293
686 0.004858
1020 0.147346
659 0.243379
1244 0.259137
1386 0.209335
