1288 0.841205
304 15.551616
892 0.268944
658 0.135596
93 0.337073
746 1.381350
491 0.345390
71 0.526220
308 0.474620
1212 0.250089
996 0.283389
521 0.481971
100 0.368956
96 0.252462
237 0.923362
935 0.019071
906 0.341862
999 0.124247
271 1.164971
249 0.264315
155 0.598484
3 0.511145
49 0.204621
520 0.350955
887 0.130696
1117 0.755910
1125 0.380951
243 0.497380
797 0.545083
1229 0.115552
1010 0.201469
1305 0.144247
568 1.011626
942 0.517106
272 0.282707
240 0.685400
916 0.174162
1037 2.580080
837 0.691251
309 0.603597
956 0.543204
998 0.384440
1387 0.647694
1326 0.442796
259 0.496601
1200 0.237427
63 2.736163
295 0.593454
799 0.451919
1248 0.033055
1071 0.618415
659 0.417608
964 0.704354
1018 0.368291
890 0.391453
111 3.207373
279 0.294359
406 1.755582
691 1.214033
553 1.357689
908 1.798798
37 3.564497
43 1.769315
704 3.086597
536 3.517842
879 1.513712
413 2.675249
994 1.905126
48 1.106048
368 0.830582
825 1.084866
179 2.741115
1013 3.540191
1077 2.529282
7 1.402809
752 0.286706
192 1.770420
1386 1.761527
804 1.095225
1350 0.538151
1151 0.911426
978 1.375471
321 0.012119
1339 2.014680
583 2.162548
257 1.459870
70 1.523388
1287 1.427301
