1321 9.618343
1111 0.083558
1235 0.048293
766 0.047367
426 0.090292
714 0.064092
51 0.010597
89 0.060494
1280 1.682384
639 1.020582
982 0.871852
1388 0.672813
801 1.541628
251 1.565798
370 0.882181
46 1.590225
2 0.829491
397 0.475009
335 2.355933
322 0.558419
1227 2.414908
574 1.253145
1242 0.694393
927 0.121202
570 0.655000
1241 0.250945
668 1.531694
1153 0.681826
920 0.963432
1113 1.923730
910 0.869670
1032 0.016632
563 0.786500
817 0.706764
555 1.561122
976 0.992773
631 2.257739
143 0.337439
1035 1.857336
974 0.809198
148 1.986823
1003 1.310177
1008 1.473378
1366 0.363189
366 2.709987
1384 4.170435
1 3.605102
1335 3.840318
1202 4.338377
307 3.850978
