130 0.040360
221 0.038127
526 0.078032
41 0.085811
1265 0.074846
1394 0.019347
1337 9.862627
182 0.058233
1164 1.146690
70 0.719492
725 0.130201
618 0.704585
1296 1.023359
158 0.324858
437 0.734811
1123 0.021513
1179 0.094242
948 0.169299
1089 0.171558
95 0.176577
391 0.129489
485 0.111351
216 0.040949
1233 0.086994
1345 0.071865
1140 0.163808
1295 0.029735
623 0.199886
578 0.122475
121 0.861033
99 0.421855
745 1.044330
748 0.654825
702 0.623898
50 0.183770
1119 0.653067
1102 2.129797
947 1.017137
528 2.230588
93 2.102348
582 1.051038
493 2.182486
1139 1.415035
698 4.249749
859 4.118541
261 3.897646
554 1.041482
1025 0.535430
309 1.069236
31 2.929520
533 0.677729
814 2.949566
817 2.427462
717 0.873349
475 1.350959
1269 3.964222
1376 3.463159
