1272 0.268907
239 0.025025
283 0.105673
1013 0.272829
801 0.056426
1202 28.317833
1164 0.050126
316 0.257009
985 0.187128
244 0.125393
499 0.309932
594 0.391015
552 0.383903
252 0.126964
403 0.266285
575 0.502900
1168 0.195368
932 0.684595
1195 0.646082
1269 0.632009
915 0.814986
503 0.779407
893 0.673146
1095 0.909200
582 0.384217
743 1.119604
1389 1.559856
1064 1.339767
535 0.969088
857 1.941286
1331 0.031173
1235 0.300114
844 0.659850
31 0.491595
1201 2.139954
665 1.398626
89 1.427942
525 0.323390
1188 1.713978
1399 1.072473
1036 0.940519
238 1.707011
1086 1.842711
1127 3.087776
237 2.958387
1232 2.863759
236 2.673051
1110 1.877644
727 2.333776
796 0.134455
759 0.856289
415 0.291126
943 1.617519
1171 1.064521
1161 1.721872
1017 3.202423
886 1.239700
12 0.665854
1347 1.006832
992 2.394510
175 0.570591
126 2.826530
667 1.065321
615 2.699671
748 2.568936
700 3.358842
204 2.484560
606 8.510597
1275 3.127249
779 0.860538
819 3.438081
212 4.936505
711 1.850162
346 1.267291
1290 2.689238
1366 0.718890
366 5.364106
1384 8.254894
1 7.135882
1335 7.601466
307 7.622565
1321 4.338377
