1258 8.937905
691 0.055101
656 0.375892
1340 0.445692
96 0.147230
250 0.361405
981 0.136796
45 0.236389
1108 1.319993
497 0.121642
97 0.132342
214 0.283914
1090 0.181039
1148 0.101088
101 0.475213
1291 0.727020
447 0.185116
1136 0.488340
1298 0.137839
1223 0.796792
277 0.588942
1260 0.952299
264 0.830735
1059 0.477521
263 0.119830
1281 0.507165
1139 1.292199
365 0.796805
66 0.795850
375 0.650711
1381 0.538546
621 1.055747
1318 0.083454
534 1.184639
1199 0.003307
422 0.029123
872 0.011387
1245 0.031908
926 0.010242
793 0.023708
854 0.016685
1319 0.892327
360 1.805930
1171 2.352492
995 0.038070
1044 1.299094
1386 2.460607
914 1.320925
378 0.925076
412 2.535392
706 0.728174
350 0.242469
724 0.595727
1051 0.537818
335 1.520830
1210 0.489418
527 1.354101
133 1.416270
1328 0.049447
396 0.456527
1057 0.798832
38 2.790778
1280 1.863602
650 0.298849
1000 2.206076
1166 1.609734
654 3.688699
570 0.143923
953 3.044204
51 3.344789
421 1.167725
558 3.446951
1356 0.054289
