517 0.420930
1265 0.324275
274 0.513816
402 0.344185
15 0.479354
1103 0.138000
278 0.309354
57 11.640838
851 0.275783
1101 0.961104
1087 0.712950
459 0.663925
325 0.780591
1107 0.779773
349 0.484869
5 0.843199
632 0.699517
965 0.422141
651 0.249416
912 0.168774
716 0.433501
388 0.602495
925 0.213861
1392 0.183458
693 0.240503
848 0.071202
579 0.301424
390 0.154352
329 0.132145
996 0.026555
357 0.138994
586 0.099899
599 0.046010
688 0.116781
735 0.118833
1222 0.944269
1340 0.852325
366 3.133535
1317 0.662581
152 0.072616
254 0.944502
791 0.518920
150 1.053184
208 3.441744
1395 0.578255
333 4.117686
1311 3.917017
1031 2.309995
252 2.681609
1024 0.518521
26 1.054194
221 0.093394
682 0.350974
538 1.659283
1058 1.569739
84 3.042131
432 1.088556
448 4.644102
447 4.234659
173 3.747843
868 0.599725
1270 2.857620
