1373 0.262704
1256 0.513741
390 0.611172
1216 0.326123
1268 8.237587
101 0.665083
401 0.591232
14 0.426015
52 0.108852
1078 0.148841
201 0.051966
1221 0.052751
245 0.135833
565 0.075307
614 0.079391
836 1.706308
824 1.557265
1001 0.368012
550 0.733752
971 0.635271
6 0.512470
698 0.973073
108 0.282147
655 1.104326
1301 0.774457
129 2.480441
939 1.483823
1364 2.855154
1040 1.683701
1318 2.178974
507 1.091031
634 0.945489
199 1.972368
440 2.604550
1265 0.646959
1235 2.070021
296 0.239890
1141 0.485344
385 1.327661
350 1.345738
246 0.840027
268 1.570143
322 3.496493
