1057 0.012061
626 0.112205
137 0.032441
660 19.621863
702 0.057281
707 0.086600
515 0.021935
128 4.563793
586 1.042269
883 0.723622
153 1.490792
48 0.659691
1062 1.887872
1313 0.843669
555 1.187589
1239 0.085739
513 0.901569
1009 0.397400
1284 0.365963
100 0.706933
1279 0.285635
588 0.670010
728 1.423087
109 1.077131
1203 1.906110
611 0.673779
974 0.914923
1328 1.905680
633 0.972285
1205 0.858907
205 1.197538
656 0.966346
359 0.957759
681 1.319529
1248 0.022472
166 0.582722
1290 0.798865
676 0.392052
169 0.003414
748 0.006849
1345 0.022179
811 2.650982
767 1.407780
133 0.832635
938 0.299183
384 0.867855
1281 1.561666
553 2.208915
983 2.192376
810 1.137460
363 2.276929
266 0.459548
104 0.338851
1362 2.720707
306 2.571315
183 1.411225
812 1.485060
606 0.134623
530 0.077633
594 0.116314
647 0.096424
275 0.113643
26 0.008719
942 0.155059
777 3.771131
1319 0.917773
758 3.009204
465 3.519639
976 2.997796
653 2.388491
943 2.116274
1183 1.550737
17 5.509623
388 4.496405
1238 4.799760
73 4.035865
1133 2.783243
