1310 0.018085
777 0.095985
1115 0.290081
936 0.274830
1266 0.290165
968 7.932446
394 0.031369
35 0.147653
442 0.185611
682 0.324814
460 0.325167
310 0.421207
576 0.340940
582 0.000505
216 0.210747
937 0.737860
307 0.109197
770 0.044582
849 0.484468
1351 0.947688
240 0.550016
357 0.690962
12 0.437879
403 0.546272
1105 0.252769
1177 0.036120
744 0.506711
463 0.838981
488 0.445599
135 0.732894
241 1.700927
270 0.263668
152 2.164627
1353 1.741529
986 2.249936
669 1.253665
382 2.399345
866 0.600091
124 1.005954
1097 2.141047
343 1.360242
491 1.842294
947 0.244803
1150 2.316107
330 1.638768
529 2.134736
854 1.073756
1383 1.646016
546 0.122856
1085 1.193272
60 2.962329
772 3.961042
832 1.208037
891 0.607334
751 2.378325
468 3.633693
1252 1.990858
