1019 1.121459
485 0.368062
258 5.441837
1091 0.512372
572 0.231597
1185 0.870764
60 0.375626
123 0.578971
431 0.304413
1175 0.470705
647 0.333519
1040 0.176366
867 0.589697
713 0.316243
673 0.139163
378 0.611759
1155 0.561334
1366 1.405187
1008 0.271112
279 0.180886
266 0.762019
476 3.239331
545 0.514191
41 0.256269
108 0.089842
1365 0.384050
544 0.381487
237 0.030191
712 0.362272
1276 0.360207
1144 0.528870
822 0.530643
958 0.364986
1233 0.631549
931 0.377759
813 0.755204
597 1.583108
1349 1.572425
593 1.861260
708 0.698089
1372 1.217353
932 1.135647
913 0.012670
1017 0.096165
699 0.047542
88 0.212032
494 0.151988
938 0.079335
941 0.155287
206 0.035591
283 0.024325
81 0.025045
1038 0.037699
870 0.007962
606 0.010161
977 0.022082
367 1.102518
224 1.894776
139 1.819053
644 1.988314
659 1.483120
1125 1.273880
