1267 0.310433
1283 0.118039
633 10.136679
682 0.315901
11 0.416098
735 0.388399
1017 0.217208
207 0.264766
552 0.192338
291 1.317988
144 0.753204
1302 0.209746
645 1.101817
629 1.096231
375 0.584575
19 0.420627
1386 0.776042
1376 0.886453
681 0.227925
991 0.519125
292 0.049148
482 0.490302
816 0.052393
917 0.067564
1357 0.333273
1132 0.074337
109 0.786586
527 0.176848
834 1.663893
1311 2.024176
445 0.049576
1190 1.358028
145 0.331835
1052 0.971177
553 1.062099
848 1.226648
1319 0.443724
16 1.967460
393 1.308551
232 0.632160
3 1.045363
605 1.122895
728 1.034681
1203 1.385871
611 0.489883
660 0.972285
974 0.665211
1328 1.385559
745 1.107805
92 0.749037
139 0.882572
1381 0.923340
162 0.907934
808 0.397631
711 0.562893
62 0.427801
650 0.063524
323 0.328433
989 2.053270
579 0.620446
797 2.719174
1055 2.118683
26 0.223760
215 0.426778
494 0.722985
1095 0.444572
376 0.724760
1141 0.369701
1300 0.814685
1040 1.688773
151 0.530979
707 1.315693
613 1.871901
1243 0.687999
1208 1.083115
177 0.180370
172 0.102520
995 0.247780
212 0.259398
1093 0.015619
1334 0.211138
