1088 0.355419
1108 0.072996
262 0.262257
1231 0.219920
361 0.081492
479 0.229294
814 17.974410
221 0.184588
435 2.115883
1334 0.552214
73 0.518686
529 0.565400
211 0.516563
254 0.410243
297 0.936960
300 0.265280
599 0.620684
635 0.288262
1275 0.943760
469 0.619607
659 0.935025
540 0.617117
255 1.074490
81 1.245261
347 0.547294
419 2.131393
1036 0.941777
732 2.040571
573 1.089547
132 1.800540
826 1.111586
1221 0.552691
901 1.862554
744 1.184814
314 1.363777
1331 2.905917
1220 0.512857
64 0.868665
1073 0.030155
412 1.994940
1165 2.072905
851 1.693219
706 0.842899
1279 2.921602
191 0.979995
993 0.361303
932 0.728934
1368 1.153056
997 2.194376
778 0.081818
1028 0.206252
657 0.846243
1328 0.003134
980 1.368877
1336 0.139875
1013 1.136789
276 0.828945
1250 0.004820
1235 0.681368
1162 1.405874
566 0.566173
1034 1.694388
779 1.522976
1311 0.090579
11 0.570237
594 0.807002
1398 0.577092
219 0.018651
1372 2.521111
1337 2.949566
533 0.399901
817 1.432348
717 0.515328
475 0.797147
1269 2.339129
1376 2.043472
