438 0.426033
1014 1.139060
1020 0.505339
305 0.360872
1362 0.070247
1389 0.391188
754 0.476918
244 13.448473
1202 0.125393
985 0.160251
499 0.265417
594 0.334855
552 0.328764
252 0.108728
403 0.228039
1231 0.401054
648 0.400004
1228 0.727275
423 0.664138
274 0.727512
463 0.452740
944 0.306271
1176 1.758285
978 4.164564
219 1.408650
442 0.430898
104 0.829259
790 0.934475
1349 1.035960
669 1.692442
243 0.083163
848 1.557373
138 1.836315
1350 0.299428
947 0.931282
354 0.682529
1117 2.519293
82 0.069437
659 3.953434
693 2.891969
200 0.835677
986 2.214495
115 0.424918
999 0.114152
456 1.343788
448 0.701057
915 0.162164
714 0.803518
1323 2.891725
1249 2.512823
578 2.044838
1285 2.000219
480 2.805021
188 0.342012
1313 1.796876
1157 3.522533
242 1.334481
52 0.988579
581 5.139219
1232 0.358270
1338 2.627792
644 3.784294
54 1.142734
1151 0.925345
959 3.832931
111 1.036953
599 0.234573
1388 2.184608
