864 0.002698
781 0.000163
488 0.002207
1344 0.002941
621 23.405437
744 0.000676
594 0.003466
167 0.001832
1326 0.037716
893 0.282486
485 0.245042
1024 0.541279
962 0.405517
199 0.089549
284 0.386560
66 1.274553
1258 1.055747
101 0.511920
375 1.042114
1381 0.862481
1318 1.241191
534 1.007791
440 2.023683
1106 1.719879
934 1.725041
338 1.963771
552 1.035899
435 1.349759
568 1.058447
779 0.019184
768 0.133110
51 0.640872
1396 0.209215
557 0.527331
960 1.369223
570 0.733363
418 0.055036
502 1.309894
141 0.056446
773 0.008201
867 0.898952
329 0.036553
132 0.320689
1277 3.043661
673 0.259958
1243 1.160525
986 1.824586
512 1.281227
539 4.791323
1316 2.664970
769 0.253851
1040 1.487281
1002 0.514275
591 0.186389
667 1.170463
153 0.863417
843 1.162703
735 1.097594
21 0.309847
41 5.200264
427 1.820850
407 1.699891
1348 4.442976
688 1.854590
1051 1.174994
119 2.625284
1384 2.555137
1246 1.599315
1014 4.759682
1357 3.606798
