1156 0.723142
551 3.054995
315 0.058451
864 0.179936
1176 0.366854
729 0.544416
157 0.266063
147 0.366349
495 0.897042
1391 0.321840
79 1.097445
471 0.613608
950 0.170078
212 0.403831
262 0.603576
733 0.189546
283 0.309267
74 0.830296
1164 0.287950
200 0.816990
1218 0.346768
292 0.419144
743 0.017012
738 0.835742
1036 0.534893
369 0.057619
815 0.409471
579 1.050803
901 0.377425
894 0.292229
1354 0.311063
348 0.256347
675 0.533709
1355 1.656950
477 1.613223
1081 0.938231
664 0.139728
103 0.177229
210 0.306016
825 0.345869
1388 0.315321
998 0.033502
1107 0.232104
