1393 0.075049
548 0.219880
609 12.637444
815 0.425449
1372 0.157343
172 0.148238
70 0.029423
460 0.228418
1104 0.874884
264 0.366250
1371 1.145602
703 0.883096
1039 0.354669
849 0.245708
1153 0.710419
877 0.215780
867 0.693510
384 0.555731
889 0.237517
1023 1.042582
1082 1.101143
827 0.582763
1197 3.295915
209 3.781258
1172 3.387173
446 1.988993
1301 0.144801
203 2.694429
1075 2.389598
553 1.634312
1365 5.492125
681 6.007001
143 0.157131
94 6.309598
121 0.216213
1288 3.360363
71 2.009112
800 1.523332
1046 0.376984
679 2.311458
59 0.569037
854 1.347930
1324 2.184613
