153 1.518658
1044 0.980400
557 7.868844
1046 1.668048
1072 1.418834
454 0.631919
1143 0.098941
524 0.841602
1369 0.584517
997 0.574241
577 0.046383
1132 1.066432
279 0.036396
206 1.144231
25 0.375259
779 0.011988
768 0.083181
51 0.400484
1396 0.130739
621 0.527331
960 0.855635
570 0.475014
239 0.776161
1235 0.915774
1207 0.561271
548 0.360052
179 0.440787
684 0.522041
678 0.537002
566 0.888716
446 1.538594
1300 1.401541
1170 0.794751
425 1.854854
203 0.492595
870 1.347509
1112 0.411588
1105 0.762174
972 0.944646
238 0.293119
875 0.761157
70 2.349368
463 0.334166
1324 0.381562
1192 1.567121
780 0.177062
1380 2.496930
1144 1.454420
1002 2.976323
169 2.375849
829 0.112911
1160 2.416015
315 0.036684
56 2.653868
1168 1.730287
