1258 0.147230
691 0.039018
656 0.266177
1340 0.315604
96 8.654790
250 0.255918
981 0.096868
45 0.167392
308 0.549475
304 0.252462
1212 0.289531
996 0.328084
521 0.557986
100 0.427145
746 0.528925
448 0.028159
612 0.962996
364 0.454034
697 0.739723
1071 0.836685
632 0.605940
111 0.484667
761 0.046576
835 0.012399
1250 0.035726
943 0.044715
1278 0.020494
88 0.030196
188 0.024210
1313 0.317906
91 0.220032
161 0.305597
452 0.259476
77 0.077802
720 0.230999
225 0.175841
134 0.789201
1381 1.489731
484 0.701083
309 0.032607
936 2.217872
1223 2.045669
662 1.097657
833 0.034151
85 1.135293
898 0.929387
1380 0.249388
1098 0.484042
961 0.612796
322 0.019648
591 0.087995
986 0.241074
716 0.029061
561 0.203583
875 0.268753
1064 0.141507
773 3.455371
1386 2.379109
407 4.316793
1359 2.534739
467 3.685467
730 4.106247
1291 3.368308
