861 0.080889
180 0.072397
314 0.015533
48 0.010117
659 0.017202
1328 13.886151
268 0.022029
282 0.051723
144 1.409892
556 0.047877
492 0.565437
448 0.848843
927 1.237759
1139 0.487499
569 1.150667
728 2.027976
109 1.534970
1203 2.716309
611 0.960171
660 1.905680
974 1.303815
633 1.385559
213 1.439644
918 0.881415
160 1.713882
499 0.011257
553 2.326851
86 1.609685
642 1.307340
975 1.689551
1339 0.728281
1191 0.910652
1296 1.098216
106 1.057766
493 0.254377
670 1.128349
672 0.193504
145 0.415747
682 0.214181
211 0.244652
200 0.007599
1398 0.404658
749 0.220637
262 0.470470
1086 0.332040
1263 1.402456
1305 0.879649
347 0.903559
1051 0.489976
884 0.711716
289 0.042701
393 0.146181
293 0.303440
559 0.251416
915 0.330646
1373 0.338347
889 0.226726
471 0.428076
1281 0.790354
1365 2.985445
430 2.979416
343 1.085161
580 2.796946
1001 1.689540
814 0.003134
778 0.000262
1028 0.000660
657 0.002710
980 0.004384
1336 0.000448
1013 0.003640
335 0.167314
1258 0.049447
1210 0.053843
527 0.148972
133 0.155811
396 0.050225
1057 0.087884
454 4.108170
488 3.097201
1267 2.779847
223 3.835596
845 1.095423
1158 4.340421
