438 0.544974
1014 0.406175
1020 0.646420
305 0.461621
1362 0.089859
1389 0.058006
754 5.190451
244 0.476918
90 0.073627
944 0.052325
55 0.120906
1398 0.019936
1057 0.001494
1349 0.043928
478 0.234605
317 0.635266
832 0.551829
230 0.069817
224 0.044518
604 0.538299
966 0.587443
579 0.319084
399 1.238740
465 1.625466
349 1.342923
160 1.196870
109 1.459155
114 0.701705
824 1.265905
344 2.552834
387 1.969022
1291 1.066091
1042 2.244981
842 0.728707
640 0.133844
1210 2.152746
788 1.169339
1323 1.908452
1238 2.331727
933 1.530478
669 1.030178
43 0.071544
1303 1.400703
