910 0.128265
375 2.410368
1351 0.187754
692 0.263411
600 0.355847
1271 0.285002
442 0.001815
17 0.204388
1377 0.292595
424 0.238839
127 0.156400
284 0.181937
1283 0.102491
583 0.091517
91 0.155851
552 0.818702
291 0.918930
144 0.595876
1302 0.165935
645 0.871671
629 0.867251
633 0.584575
66 0.785573
1258 0.650711
101 0.315523
1381 0.531592
621 1.042114
1318 0.082376
534 0.621154
1315 0.896953
1115 1.571710
1028 0.097774
1293 0.450395
1019 1.421759
1083 0.702952
850 0.855758
895 0.812163
1137 0.674102
1128 0.094281
903 0.259897
1303 0.441675
1006 0.642652
556 0.331144
1229 0.205389
1071 0.249770
1314 0.239926
998 0.245301
422 0.213290
1304 0.194279
