549 0.001089
212 0.001496
1230 0.002035
612 0.003514
1217 0.002187
1163 0.000079
888 11.153168
33 0.002175
386 0.369163
113 0.625993
112 0.284106
1010 0.508251
1320 0.767890
1066 0.006049
308 0.401245
525 0.890564
100 1.027194
1334 1.165143
1237 0.708926
890 1.418733
1178 0.300331
404 0.938723
751 2.021446
325 0.680266
239 2.049933
228 0.780060
377 2.026702
1214 0.657483
614 2.016533
144 0.816058
1281 2.051822
828 2.488149
1019 2.075230
1207 2.767138
393 0.524661
919 1.455923
158 3.353247
368 2.598471
855 1.174193
1094 0.684256
360 2.320390
502 1.764506
974 1.827092
626 4.720194
1033 4.590667
1389 2.190592
323 0.884933
816 3.564594
643 0.546112
1330 2.711036
