1381 24.169609
969 0.063723
1305 0.031460
886 0.188566
952 0.149401
1097 0.110430
1240 0.041689
121 0.127297
882 0.766363
1346 0.592303
282 0.712662
784 0.418019
1291 0.762451
81 0.467541
346 0.545021
66 0.650161
1258 0.538546
101 0.261135
375 0.531592
621 0.862481
1318 0.068177
534 0.514083
321 0.289937
110 0.500286
1158 0.242427
306 0.826771
954 0.263309
939 0.676068
622 0.623145
134 0.723511
96 1.489731
484 0.642727
309 0.029893
936 1.116984
1223 1.875396
662 1.006292
745 2.594510
92 1.754267
139 2.067008
162 2.452198
633 0.923340
808 0.931263
711 1.318312
186 0.714481
1082 0.511061
666 1.425406
11 0.483932
209 2.909959
788 1.609834
515 0.994307
584 0.955788
547 0.401366
1188 0.871171
850 0.301901
1111 2.074129
620 0.081120
488 0.039138
255 0.529792
1104 0.266478
790 2.621253
1170 0.480486
1131 0.329944
287 0.719531
342 2.074975
106 1.128099
361 3.262118
144 4.309021
1136 3.044202
1004 2.573663
279 3.622145
1339 1.490473
1294 4.112923
734 0.625602
1227 1.829987
1147 2.504221
1269 0.486098
616 4.750237
636 2.869163
1266 2.775567
195 3.344063
1242 2.522567
801 2.499957
350 3.224252
683 0.975840
138 0.499775
489 2.602832
1066 4.550767
296 3.665447
