1376 0.414253
379 3.556817
1106 0.108735
109 0.061575
1075 0.219891
457 0.104695
1352 0.236981
252 0.129240
14 0.274492
1101 0.273396
1179 0.103483
634 0.040291
791 0.278921
475 0.218851
310 0.153185
662 1.744950
517 1.278941
290 1.333649
699 0.851376
1399 0.473327
188 1.736612
359 0.874477
1080 0.541599
871 0.236287
717 0.487010
1221 0.426549
320 0.565309
906 0.629896
1160 0.344998
441 0.204326
229 0.188318
1070 0.107425
1018 0.194748
770 0.167452
1026 0.789980
548 1.081995
735 3.313396
1197 1.648317
664 2.807451
1323 1.667527
