729 0.400476
261 0.276969
533 0.404970
233 0.409184
890 0.278435
343 12.206154
402 0.219127
279 0.207245
113 0.268412
219 0.893046
1020 0.310206
1270 0.582107
62 0.802029
1071 0.030565
288 0.461058
600 0.230058
781 0.655464
1342 0.652675
1267 0.833190
1319 0.290407
547 0.187798
1162 0.631552
1186 1.204938
301 0.988381
1385 1.451721
306 0.902417
199 1.279701
510 0.891078
380 0.755300
529 0.617699
839 0.820467
1365 1.454929
126 0.850334
88 0.085712
895 0.957532
416 0.490454
1349 1.812328
589 2.146670
1326 0.759409
180 0.612909
476 2.290879
615 1.195345
607 0.535500
591 0.261049
1002 1.188964
994 0.997775
1346 0.040997
950 0.778457
677 0.510084
382 2.661058
866 0.665548
124 1.115681
1097 2.374586
491 2.043246
947 0.271506
968 1.360242
471 0.135264
1281 0.249736
1328 1.085161
430 0.941437
580 0.883780
1001 0.533862
687 1.332981
1011 0.476877
18 0.295016
809 0.364859
898 1.265720
684 1.356074
354 0.074532
94 0.174313
104 0.189687
842 0.181296
387 0.259032
561 0.223731
1072 0.138849
1211 4.205099
1049 3.815883
100 4.939368
1107 3.623352
228 2.258853
734 1.600486
1150 2.770683
454 0.719999
488 0.542817
223 0.672228
845 0.191984
1158 0.760704
