608 0.652615
831 0.016271
16 0.547994
250 0.760770
1047 0.099056
1215 6.992894
499 0.572777
726 0.387520
289 0.497804
388 0.652052
994 0.511960
200 0.503508
215 0.183696
542 0.694332
821 0.410020
871 1.261424
610 2.946743
786 1.910173
640 1.070258
566 2.051421
56 0.474050
1053 1.555362
1203 0.038027
924 0.129884
449 0.303248
1373 0.121295
127 0.095536
670 0.169277
1091 0.161670
1154 0.397764
74 0.327161
547 0.314829
1290 0.515817
206 0.406812
870 0.504516
1102 0.274420
668 1.508796
35 0.948729
936 3.338939
555 1.837572
205 1.916472
937 3.166083
1332 0.030342
1331 0.230609
1050 0.459937
777 0.002201
550 0.045938
765 0.464094
1086 0.021161
1271 0.232701
1175 0.800370
1286 1.555799
1273 0.099433
309 0.576503
460 2.342640
237 2.129167
1282 1.313554
709 2.600398
1071 4.238105
1098 1.625162
1044 2.898919
322 3.915630
277 0.267610
1382 2.280827
