308 0.544310
304 0.250089
1212 3.972029
996 0.325000
521 0.552741
100 0.423130
746 0.523953
96 0.289531
613 0.451069
586 0.524733
87 0.869168
967 0.246712
913 0.575377
1054 0.140624
140 0.485982
310 0.201931
1340 0.977048
1042 0.102715
1200 0.284615
40 0.572161
592 1.095242
648 0.585699
1379 0.338677
532 0.295180
1359 0.357803
953 0.382226
748 0.420826
848 0.392738
674 0.258030
740 0.961615
368 0.700980
492 0.303598
1024 1.066201
694 0.388000
128 0.237922
717 0.572875
615 2.651224
1077 1.448155
265 3.373842
1145 2.563054
41 2.253492
455 3.287631
926 0.068910
1089 0.361204
486 0.773415
74 1.012133
808 0.186165
376 0.211026
1080 0.587243
1246 0.512710
