414 16.422469
729 0.091796
592 0.018504
397 0.135823
350 0.115154
493 0.008077
1130 0.114135
60 0.087164
474 0.040908
363 0.048183
297 0.015013
860 0.051323
1047 0.031392
259 0.016414
340 0.223732
417 0.186060
668 0.000220
708 0.075065
566 0.226950
1211 0.161684
510 0.095483
366 0.150937
565 3.660136
952 0.425542
644 0.158469
1241 0.450768
108 0.368351
801 0.165169
393 0.308461
765 0.344469
645 0.178606
1375 0.487092
1376 0.557224
283 0.942535
320 0.977545
270 0.312880
1292 0.264525
1242 0.236035
29 0.276618
14 0.252439
380 0.237611
772 0.178481
63 2.558767
1305 2.638422
131 3.103454
1068 0.588398
491 2.725271
959 1.697166
266 0.302973
124 1.894812
1195 0.690238
1356 2.593863
916 0.306370
1115 2.333813
1100 1.312682
1074 3.476355
624 2.793011
371 2.730461
812 5.376750
192 0.835554
813 3.096510
1231 2.842343
1338 0.826562
316 2.983068
1015 4.375231
209 1.543385
490 2.783291
1384 4.361829
