177 0.393343
924 0.494513
852 0.520398
359 25.322633
1378 0.674369
720 0.642759
22 0.323770
31 0.363534
88 0.282682
1206 0.203260
1040 0.036064
75 0.146801
1181 0.112131
544 0.185496
87 0.148969
181 0.700331
1254 0.123799
1072 0.124446
546 0.123682
1199 0.587991
630 0.274984
141 0.469995
662 0.898853
517 0.658804
290 0.686985
699 0.438558
1399 0.243819
188 0.739773
379 0.874477
1146 2.068212
1348 0.774604
272 1.783604
1247 0.199065
784 0.129727
900 0.496853
497 1.047634
1205 2.201133
205 1.551997
656 1.252375
681 1.710096
1248 0.029123
166 0.755202
660 0.957759
589 0.459952
1304 1.483456
561 0.515694
768 1.749359
112 1.534193
675 1.067459
928 1.578869
1276 2.052784
728 1.233500
529 0.291528
848 1.154243
1139 1.377782
789 1.456657
697 1.628960
1096 0.783955
208 2.100441
286 0.353609
913 2.088056
1182 0.706313
858 1.421414
1048 0.030306
1080 2.410059
490 0.440326
411 2.155199
1064 6.579493
337 0.690281
866 1.208877
748 0.234383
1024 1.339676
263 2.385713
1269 2.382705
451 2.157727
877 1.370337
493 4.210849
808 2.651609
176 0.377243
325 3.884671
990 1.485591
316 0.058451
937 2.204254
773 1.504009
876 3.484592
657 0.276697
819 0.887960
1159 3.637106
102 1.513967
1071 1.833020
492 4.739646
86 5.439280
484 2.245588
1013 1.018192
321 5.057961
1189 2.951281
