1200 0.331361
328 0.406459
530 0.439591
360 0.126096
356 3.645960
959 0.529495
385 0.456756
53 0.341941
1355 0.390984
587 0.597090
1072 0.471809
1354 0.624587
531 0.693504
456 0.641972
264 0.377334
283 0.786958
1256 0.767726
985 0.416968
1203 0.274639
487 0.148581
130 0.300307
623 0.223322
404 1.365400
48 1.653171
1079 0.168876
821 0.786696
433 0.917085
523 2.105762
722 1.079758
676 1.840822
1204 1.568306
1068 0.643951
318 0.775123
872 2.273158
1143 0.352087
1073 1.161927
1097 0.102844
1096 0.108215
720 0.331878
150 0.194942
1047 0.087219
315 0.373156
1163 0.284730
