1156 0.257303
275 0.196522
1169 11.415484
740 0.206507
205 0.182355
600 0.569505
469 0.008289
163 0.314389
1252 0.419015
196 0.351595
314 0.030929
1006 1.035834
310 0.617507
965 0.229896
363 0.679095
41 0.002643
523 0.306527
796 0.043067
683 0.002226
875 0.087133
749 0.115766
581 0.158197
51 1.095371
990 2.639453
1165 1.311859
533 1.455548
490 2.230418
739 0.647001
589 1.133872
729 1.253255
1168 0.665454
560 2.557485
953 2.830177
946 2.437537
200 1.596125
616 3.412302
627 2.671956
559 4.954070
661 6.434224
799 4.291724
773 3.139218
1223 3.453921
