296 0.548171
746 0.051409
1237 0.281014
137 0.195455
452 6.994027
793 0.297656
1355 0.498902
160 0.281986
96 0.259476
1313 0.964044
91 0.667243
161 0.926717
77 0.235935
720 0.700501
225 0.533233
837 0.540930
130 0.303330
138 0.361583
222 0.507482
1144 0.225938
511 0.723563
426 0.376936
267 0.802950
283 0.137257
641 0.274259
885 0.520690
544 0.143954
854 0.793196
879 0.837734
745 0.416253
519 0.527992
214 0.460398
982 2.701772
216 0.332082
1324 0.475014
787 0.291627
427 0.652642
1274 0.636630
798 0.124167
335 0.630983
824 0.267421
1329 0.530507
218 1.390375
1152 0.653210
552 1.701971
84 0.110257
1287 1.547702
1166 3.408846
1132 1.738154
892 2.970339
1021 0.815593
915 0.612257
1217 1.895152
409 2.514943
1378 2.721762
