1068 0.475250
955 0.186409
1206 0.427003
69 0.168887
598 0.730761
1138 6.480907
1133 0.517498
197 0.415933
853 0.012596
449 0.448834
616 2.991076
1044 1.395737
756 0.922413
681 0.232464
679 1.516602
864 2.057234
1301 1.755269
1137 0.815039
1207 1.526776
1292 0.088435
921 1.952257
824 1.124250
1 0.191831
442 0.225501
1167 0.104658
53 0.035814
325 0.174627
285 0.076817
865 0.113357
770 0.001435
804 1.786991
750 1.230693
632 1.516528
1220 0.201223
988 3.137106
265 2.982943
957 0.260158
251 0.419107
507 0.068544
492 0.205940
894 0.037512
262 0.146263
1267 0.212469
