218 0.525876
921 19.491379
1289 0.435820
1158 0.373300
197 0.486496
915 0.410561
166 0.014367
92 0.366669
726 1.050974
555 0.671753
234 0.204962
15 0.149129
618 0.998700
653 0.262720
511 0.768258
725 2.460019
662 2.320776
616 1.719218
925 1.473129
1243 1.626070
377 2.224667
645 1.262299
755 1.905381
5 0.411218
462 0.655739
1283 1.887019
643 0.192517
473 1.233356
671 1.181450
721 0.008442
987 0.000539
994 0.023735
442 0.022887
307 0.006123
1398 0.009414
768 0.032843
864 3.075330
1301 2.623927
1138 1.952257
1137 1.218391
1207 2.282355
1292 0.132200
824 1.680626
856 0.418429
203 0.098958
670 2.041132
711 0.197840
661 1.949538
1120 0.546705
517 1.173594
1345 0.658415
1276 0.456804
322 0.682701
1347 0.241124
1087 0.389503
489 2.033171
380 4.340945
1200 1.524165
420 1.095446
300 2.504220
1035 4.589011
1225 2.329636
270 0.406457
455 0.613166
1271 4.603630
1067 4.891640
1307 3.864884
339 3.844522
1233 3.613924
