870 21.664919
822 0.295185
1386 0.044659
1035 0.305778
238 0.250634
1240 0.339439
1106 0.030021
302 0.447036
829 1.210445
460 0.407547
491 0.523103
280 0.949709
744 0.466931
262 0.579109
427 0.702550
1129 0.955593
827 0.428988
395 1.530048
636 0.954097
411 0.675115
291 0.220426
498 0.849357
592 0.702040
1214 0.713414
1117 0.317106
1173 0.531114
246 1.285940
632 0.392589
508 0.720023
557 1.347509
566 0.688471
446 1.191919
1300 1.085747
1170 0.615678
425 4.623481
203 0.381604
206 4.890170
283 0.494366
258 0.007962
81 0.509001
1038 0.766163
606 0.206511
977 0.448788
1042 0.277095
1094 0.109750
628 1.353581
1071 0.103749
360 1.032513
1114 0.646271
987 0.853791
1154 4.074155
1215 0.504516
74 3.350996
547 3.224688
1290 5.283336
1102 2.810788
1175 3.327880
1388 5.226464
178 2.229751
1144 1.312933
743 4.725703
1336 5.432681
1244 3.401413
201 1.536969
702 7.026529
1199 2.737040
880 4.090718
784 2.558513
1395 3.546956
