1045 0.406260
1093 0.908697
1059 14.194529
950 0.422688
297 0.163070
499 1.054667
906 1.013391
102 0.569777
1139 1.565084
899 1.162104
1167 0.612452
537 0.042075
1358 0.191708
1125 0.946744
185 0.617800
1260 0.325839
264 0.284244
1258 0.477521
263 0.041001
1281 0.173532
365 0.272635
839 1.676693
953 1.644658
485 1.008892
704 0.517201
307 0.209409
586 1.191815
808 0.974494
663 0.664918
1309 0.152672
363 1.329115
1090 1.327348
463 0.495704
817 0.681906
706 0.074233
599 0.106878
588 0.057406
732 0.118942
744 0.102553
658 0.079265
957 0.063162
1336 1.116184
301 1.646579
740 1.922441
127 0.038036
1183 0.897819
986 1.034790
1000 1.073921
895 0.819559
976 0.349477
1213 1.988430
775 2.444336
573 3.071641
597 1.829789
1038 2.015209
583 3.984668
564 3.118223
1011 2.201766
611 0.820573
1378 4.859545
45 2.094346
1039 2.635416
679 0.040911
512 0.594332
18 1.912338
399 2.045259
1375 0.955554
606 2.430773
