509 0.322346
171 0.183874
881 0.148169
896 6.525513
830 0.130310
1151 0.390763
952 0.010214
2 0.219797
704 0.814810
871 0.382420
282 0.302929
280 0.057982
152 0.234521
48 0.815819
95 0.417030
516 0.053630
527 0.257489
1296 0.204714
1221 0.310981
1000 0.161441
690 0.208782
212 0.178425
144 2.204826
1074 0.849476
923 1.881703
617 1.007141
154 1.014156
435 1.265255
781 1.154582
397 1.052600
84 0.904116
487 1.126395
540 1.585383
822 0.815260
758 1.573930
373 1.498841
691 1.472550
218 1.939681
894 1.918433
1045 0.153988
475 1.574275
565 1.575002
924 1.049621
618 0.034194
559 0.505628
698 0.112940
1121 0.277758
361 0.513379
1278 0.010792
1044 0.386811
1375 1.427490
355 1.651562
173 1.136106
809 1.682993
346 2.067903
158 1.990708
1302 2.064024
