173 0.216704
615 0.169721
387 0.066996
1240 0.170349
210 0.236535
1159 18.203953
971 0.086330
174 0.128361
1052 0.035050
980 0.018772
736 0.011769
547 0.003872
1129 0.025295
177 0.045951
1102 0.008273
1374 0.116643
54 0.374517
740 0.309514
528 0.333174
879 0.060291
181 0.860093
20 0.751634
552 0.150433
117 0.146506
1132 0.751544
907 0.603462
211 0.377558
1222 1.075041
1163 0.572797
894 0.591242
1236 0.176726
419 0.801638
975 0.312075
399 0.753442
773 2.365361
359 3.637106
876 5.480233
657 0.435163
819 1.396499
102 2.381022
1071 2.882799
37 3.348279
905 2.870920
758 2.726982
1382 1.046811
778 1.972688
1002 1.946034
1085 2.385503
970 5.996049
277 1.387654
721 0.686283
535 2.080290
596 1.730216
1176 3.050490
327 1.139424
943 2.410988
630 1.411884
684 0.388072
994 3.043343
760 1.863989
1183 1.525968
1103 1.830538
474 0.395481
1064 2.341684
463 3.453834
790 1.942878
860 1.580978
1383 2.241267
17 0.640802
1368 1.358529
647 0.694080
745 0.816996
645 1.165703
752 0.688931
1387 0.710630
