746 0.177985
1275 0.217339
960 7.734869
929 0.255271
648 0.024954
614 0.096066
788 0.147217
66 0.147670
1088 0.337066
1294 0.021470
712 0.079870
897 0.231518
439 0.060084
1334 0.274508
127 0.170594
1153 0.568844
323 0.433367
250 0.447576
237 0.661957
155 0.109599
289 0.191284
156 0.363990
158 0.016035
1364 0.032135
49 0.023756
1171 0.006336
197 0.022533
1372 0.027232
335 0.020037
779 0.672685
768 0.215981
51 1.039864
1396 0.339467
557 0.855635
621 1.369223
570 1.189937
1360 0.058936
424 0.042217
1269 0.002511
1047 0.051317
1022 0.037348
515 0.016196
638 0.036670
783 0.237577
344 0.780272
423 0.326330
935 0.227866
55 0.036776
275 0.718713
547 1.652310
1196 0.297495
1083 1.342862
1386 2.257862
567 1.636463
575 1.854396
663 0.915079
854 1.041016
536 0.165440
1368 3.522270
410 2.192152
730 1.062973
1107 2.883993
984 2.025522
