1074 0.330139
1195 0.374244
1095 0.300738
1244 12.390667
942 0.208319
886 0.388211
1144 1.063137
46 0.219097
1051 0.477598
1376 0.261006
1158 0.012177
507 0.231756
104 0.276249
263 0.608526
1323 1.826620
721 1.624312
1124 0.227818
198 0.965705
240 1.700630
250 2.372154
844 1.360284
444 2.194262
156 1.881107
230 2.295836
782 1.492510
153 1.195551
709 1.762840
846 1.934924
1175 1.889320
1388 2.967192
178 1.265885
870 3.401413
743 2.682898
1336 3.084267
252 2.000323
822 4.432255
686 0.070073
1020 2.125253
1346 0.259137
659 3.510391
1386 3.019351
