1260 0.091392
556 0.331209
646 0.058098
678 0.709606
1332 0.679675
1171 0.719210
680 6.420141
93 0.370018
129 0.782132
155 1.205232
679 0.385901
409 0.596928
828 0.465416
156 0.113419
325 0.706936
267 0.065444
784 0.073756
1235 0.726251
625 0.025753
110 0.947071
807 0.098118
438 0.540378
1030 1.389622
1150 1.717640
575 0.784166
196 0.527148
811 1.003678
236 0.212004
489 0.934136
449 1.155675
455 0.195029
476 0.843807
24 1.506648
1312 1.261055
276 0.176707
1083 0.188184
1307 0.155098
558 0.412217
1099 0.827197
849 0.617356
1042 0.287992
878 0.451209
756 1.704527
580 0.983624
1322 2.251222
174 0.410482
1080 0.999147
200 0.971090
882 1.339966
