695 0.349905
868 0.246196
659 13.803581
679 0.115978
317 0.079728
388 0.246174
123 0.126303
117 0.185017
861 0.206414
180 0.184745
314 0.039637
48 0.025816
1328 0.017202
268 0.056215
282 0.131989
300 0.395123
599 0.924482
635 0.429354
1275 1.405690
814 0.935025
469 0.922877
540 0.919170
150 1.359987
441 1.398251
186 0.766446
1262 1.247140
439 0.682837
573 1.461006
713 1.433170
783 0.141220
520 0.052734
1113 0.011171
558 0.002802
309 0.163405
874 0.082465
568 1.603768
1248 0.097182
304 0.417608
1071 1.818152
964 2.070813
1018 1.082783
890 1.150878
299 1.171803
595 1.800640
1017 0.885336
837 1.747517
953 1.236433
818 1.078402
980 0.914446
354 0.695117
244 3.953434
1117 2.565756
82 0.070717
693 2.945305
200 0.851090
986 2.255336
63 0.234942
1191 0.037427
1399 0.712174
209 0.453273
858 0.057769
992 0.419312
367 1.599936
224 2.749632
139 2.639746
476 3.379650
258 1.483120
644 2.885371
1125 1.848609
252 1.878686
822 4.162735
686 0.065812
1020 1.996019
1346 0.243379
1244 3.510391
1386 2.835748
