809 1.351905
573 0.657894
553 1.335339
797 0.514752
673 0.309938
616 24.096860
335 0.501522
546 0.723208
636 4.151583
1358 1.335708
490 1.300390
1340 0.973942
1193 0.898609
1352 0.246684
384 0.033272
206 0.103936
1100 0.491256
648 0.332366
446 0.560345
541 0.584714
782 0.269813
620 0.303321
921 1.719218
725 1.913750
662 1.805427
925 1.146008
1243 1.264987
377 1.730660
645 0.981994
853 0.012489
449 0.445037
1044 1.383927
1138 2.991076
756 0.914608
681 0.230497
679 1.503770
1204 2.540317
1101 1.752007
219 2.250425
106 1.323550
516 3.513581
1082 3.562865
973 1.896623
332 2.986162
175 0.061199
1103 0.273509
411 3.541101
972 1.119581
150 0.128182
1016 2.085585
698 3.845172
829 2.269493
286 1.819168
894 2.953652
771 1.495949
699 1.010413
1086 2.212540
627 1.425769
559 2.643516
661 3.433333
799 2.290085
773 1.675102
1169 3.412302
1223 1.843029
1381 4.750237
1269 0.698429
790 3.529860
1266 3.987956
195 4.804774
1242 3.624442
