793 0.463611
13 0.458341
657 0.349209
678 0.225052
1150 0.469231
161 0.331414
1112 0.013467
25 10.739423
11 0.115849
384 0.196640
1297 0.281712
566 0.152247
886 0.525940
147 0.282513
58 0.887518
548 0.190053
473 0.159936
770 0.095441
1358 0.214478
901 0.038141
1313 0.003316
350 0.107981
664 0.409872
341 1.110903
677 1.034477
180 0.212349
17 0.710353
427 1.146963
387 0.737348
1369 0.351598
997 0.345416
577 0.027900
1132 0.641478
279 0.021893
206 0.688276
557 0.375259
506 0.964294
44 0.260774
1340 0.877560
440 0.341662
999 0.449995
688 0.717069
1225 0.026471
188 0.030416
217 0.006193
372 0.042190
163 0.009361
1363 0.012435
804 0.021193
255 0.364050
593 1.380141
561 1.326822
23 1.083908
938 0.232522
605 0.322569
1146 0.811767
1389 2.813338
874 1.900572
529 1.914713
612 6.006476
1277 3.115303
114 4.784887
1201 3.170902
799 1.322095
118 1.493795
451 2.736859
450 2.525005
300 0.595658
326 1.579109
1227 1.558927
268 2.325333
1330 1.359069
429 2.116435
478 1.100602
1028 1.858563
1383 0.849571
1265 1.200770
