218 0.150381
1392 0.169120
975 0.264548
613 11.695810
736 0.130555
224 0.327017
618 0.266340
6 0.175597
1212 0.451069
586 0.314895
87 0.521593
967 0.148053
913 0.345287
1054 0.084389
140 0.291641
442 0.109848
163 0.464905
1029 0.369583
238 0.342423
1296 0.317219
1113 0.315423
355 0.326229
1368 0.766076
1185 0.956465
1094 1.284689
1205 0.708528
213 0.771131
788 0.178921
611 0.689998
861 0.345572
979 0.909491
514 0.891970
522 0.338520
206 0.854589
606 0.740696
796 0.770932
77 0.056543
1211 0.022382
679 0.074622
275 0.066424
696 0.057270
289 0.076055
663 0.042201
1300 2.365956
1040 4.904424
151 1.542034
707 3.820950
633 1.871901
1243 1.998042
1208 3.145511
1036 4.961090
211 1.881739
810 5.761138
858 3.733508
1193 2.067086
1355 3.630308
1347 3.115811
