647 0.304081
841 0.239799
586 0.330251
720 0.180118
801 0.324843
504 0.498634
898 0.348189
16 6.866782
134 0.997781
206 0.632514
129 0.684805
933 0.797513
374 0.239004
534 0.169781
345 0.521444
832 0.240796
370 0.352970
684 0.225269
309 0.068582
372 0.414097
652 0.314777
397 0.215586
979 1.695878
1356 1.035887
1387 0.388579
750 1.274055
352 1.233123
552 1.078552
491 1.103606
848 1.218782
633 1.967460
1319 0.453646
393 1.378437
232 0.665922
3 1.101192
605 1.182865
608 1.961737
831 0.048911
250 2.286848
1047 0.297758
1215 0.547994
499 1.721748
726 1.164872
