1175 0.059537
126 0.631170
627 0.518089
1278 10.577604
730 0.603039
657 0.432792
1097 0.390373
133 0.323981
761 0.553734
835 0.147412
1250 0.424740
943 0.531611
96 0.020494
88 0.358998
188 0.287831
193 1.038589
911 0.046452
339 0.636230
382 0.600168
1084 0.046189
371 0.626865
599 0.886339
20 0.169943
332 0.371591
1377 0.200031
1044 0.300263
782 0.283981
880 0.107327
618 0.282346
1290 0.402576
966 0.553259
608 0.444709
327 0.754518
994 0.043588
1283 0.716901
641 0.391408
202 0.544776
169 1.483331
401 0.353755
1001 0.680209
137 1.726998
141 0.586592
703 1.137571
1289 0.033281
228 3.042669
1389 1.663448
690 0.229116
920 0.230927
1239 0.937701
881 1.991123
559 0.050686
698 0.011321
1121 0.027843
361 0.051463
896 0.010792
1152 0.044809
1281 1.149577
1129 2.283731
1119 2.081208
593 0.262019
295 1.938438
1213 1.414060
1349 3.484746
216 2.211857
183 2.406249
734 1.204311
1254 3.750491
5 2.282899
928 2.047113
