130 0.233349
221 1.959421
526 0.451159
41 0.496132
1265 0.432738
1394 0.111856
1337 0.058233
182 15.466895
1326 0.003232
435 0.002277
884 0.005598
1357 0.002747
653 0.006510
42 0.003058
250 0.007182
977 3.752052
1190 1.292269
502 1.298408
1253 3.166195
1132 2.018594
505 2.434808
863 1.986854
976 1.439954
44 2.858137
1057 2.479477
774 0.354620
233 1.687668
981 1.609151
530 2.370658
1172 1.316746
491 4.913420
371 4.467614
1345 4.859517
251 2.149317
1120 2.768759
204 3.840741
313 0.825673
596 0.780093
1180 2.876339
1272 3.443373
14 0.235768
1230 2.871749
