308 0.465040
1336 0.854563
1359 0.047050
702 0.135299
340 0.387895
1326 0.760153
1246 8.093855
99 0.578548
80 0.468225
779 0.241643
1080 2.561392
87 0.221731
1107 0.240039
1314 0.256133
173 0.316280
722 0.414644
620 0.426623
403 1.864246
628 0.229421
695 0.142844
672 0.410370
202 0.328693
1032 0.008605
11 0.009668
82 0.011572
91 0.007733
490 0.004446
280 0.007174
1250 0.112458
706 1.222233
1327 0.035517
318 1.182755
1291 1.283480
1111 0.584564
840 0.768580
578 1.083729
772 0.079225
1045 1.339548
770 1.437818
1017 0.258817
145 0.948877
972 0.745074
28 1.752105
860 1.715648
853 1.434491
153 1.099819
1062 1.062642
204 0.077804
149 1.636894
993 3.046919
566 2.832741
413 1.285294
306 1.104876
1128 1.775897
1089 1.364918
1212 0.512710
486 2.922579
74 3.824645
808 0.703481
376 0.797425
757 0.372479
36 0.645250
1256 0.171527
381 0.021354
1342 0.343941
47 0.162388
1276 0.535664
621 1.599315
688 0.530212
1051 0.335921
119 0.750547
1384 0.730493
1014 1.360754
1357 1.031154
