181 10.311933
1254 0.123530
1072 0.124176
546 0.123414
359 0.700331
1199 0.586716
630 0.274388
141 0.468975
1102 0.011751
1374 0.165675
54 0.531947
740 0.439620
528 0.473225
1159 0.860093
879 0.085634
20 1.160840
552 0.232332
117 0.226268
1132 1.153755
907 0.932000
211 0.583109
1037 0.054620
43 0.123560
1157 0.800037
1388 0.021167
1122 0.217729
151 0.010070
405 0.111439
46 0.961408
983 0.275826
712 0.945930
978 0.922638
886 0.054465
474 0.616091
160 1.345895
846 0.649552
514 0.133556
323 0.837876
991 0.401587
2 0.148569
502 0.959997
384 0.340804
399 2.926435
971 0.088339
1144 3.311518
415 3.916700
285 4.180496
1207 3.294718
