1204 0.398631
13 0.426612
546 0.582799
480 0.168393
1025 0.165136
330 0.447910
893 0.603210
200 12.508132
733 0.355633
283 0.580260
74 1.557834
551 0.816990
1164 0.540262
1218 0.650620
292 0.786414
935 1.233555
61 1.158238
878 0.019391
1068 1.298910
1052 0.323935
19 0.535538
314 0.675455
719 0.386305
484 0.359772
504 0.344215
280 0.396024
728 0.164441
599 0.304894
512 0.580401
1372 1.957157
97 0.555644
320 0.315680
1267 1.211867
1192 2.174840
1094 2.272439
628 1.282868
1345 2.881420
1285 1.885102
1346 2.829842
526 0.342300
1031 2.265822
684 1.170121
651 1.447325
1328 0.007599
672 0.025843
145 0.055524
682 0.028604
211 0.032674
1398 0.054043
749 0.029466
289 1.435850
388 1.880757
1215 0.503508
994 1.476682
215 0.529848
542 2.002710
821 1.182648
756 0.981526
580 0.566405
1322 1.296332
174 0.236370
1080 0.575344
680 0.971090
882 0.771599
354 0.146934
244 0.835677
1117 0.542350
82 0.014948
659 0.851090
693 0.622579
986 0.476733
1002 0.100881
169 0.361037
992 0.440589
545 0.331128
1376 0.407618
868 0.435020
1155 0.281225
729 1.171873
1168 0.622241
560 2.391411
990 1.108766
953 2.646395
946 2.279252
1169 1.596125
