1385 0.157113
1355 23.312653
1166 0.773234
823 0.136871
1260 0.321103
694 0.635718
678 0.820627
18 2.798013
296 1.116826
746 0.104739
1237 0.572528
137 0.398214
452 0.498902
793 0.606435
160 0.574511
587 0.631748
356 0.390984
1072 0.499195
1354 1.525623
531 0.733759
456 0.679235
264 0.399236
1034 0.177404
191 0.572755
171 0.151160
774 0.330276
565 0.160839
1230 0.682378
411 0.355976
1292 0.198445
417 0.079868
1063 0.069726
648 0.179080
988 0.012317
705 2.354696
507 0.114772
165 1.800749
1220 0.650714
1091 0.877625
783 2.486031
346 1.708002
919 1.515463
647 1.324634
215 1.015816
1343 0.673946
932 1.528409
132 0.241775
437 2.145873
638 1.611826
715 1.267409
186 0.826234
1189 2.840363
164 1.026251
612 1.961278
380 1.077218
477 5.937307
1068 1.618601
894 0.812421
551 1.656950
348 0.712666
675 1.483755
1081 2.608363
1036 4.243723
211 1.609642
810 4.928086
858 3.193648
1193 1.768188
613 3.630308
1347 2.665269
338 3.595793
147 1.986113
267 3.663605
50 3.840945
1124 1.438004
432 2.142037
610 5.426278
399 5.395575
158 4.168113
1201 2.457742
874 6.153199
1374 3.281964
