1088 0.977867
960 0.274508
1294 0.062287
712 0.231714
897 0.671661
439 0.174310
1334 14.254242
127 0.494914
435 0.209298
73 0.746378
529 0.813598
211 0.743322
814 0.552214
254 0.590331
297 0.568546
888 1.165143
525 0.571172
100 0.658800
1237 0.454676
890 0.909918
1178 0.192620
404 0.602059
4 0.476436
1038 0.155164
236 0.390493
1166 0.232805
1283 0.276403
168 0.632561
444 0.332134
633 0.211138
177 1.912854
172 7.807077
995 2.627748
212 2.750960
1093 0.165642
1319 0.138699
579 7.839851
1075 1.279581
27 1.516570
458 8.021774
47 5.162215
1369 4.737791
