1099 0.159398
656 0.282491
924 0.307834
805 4.479100
30 0.068638
542 0.361395
1132 0.198702
37 0.229742
947 0.060752
1141 0.135243
451 0.228326
1027 0.558907
102 0.197831
934 0.148011
44 0.140249
1165 0.324718
1171 0.251084
966 0.247495
1257 0.181653
1230 0.089227
460 0.233168
90 0.169506
1218 1.613314
580 1.506650
75 1.129489
1277 0.287346
1147 0.285456
347 1.643407
265 0.617151
877 0.186061
1173 0.048203
594 2.481380
1400 2.417322
900 2.102778
398 0.836881
911 1.327212
800 1.315457
318 1.938932
565 2.482766
305 0.061595
958 0.408252
1123 1.556440
1303 0.215325
73 0.018769
1017 0.050861
385 0.181861
1295 0.494073
898 0.379809
1305 0.361925
