1050 0.439700
515 0.198194
195 0.127195
1031 0.170451
72 0.107733
786 0.502232
17 0.129866
86 17.509331
559 0.458757
915 0.026762
263 0.982111
1264 0.189836
1002 0.052897
276 0.012288
487 0.572582
1328 1.609685
213 0.972783
918 0.595582
160 1.158089
499 0.007606
553 1.572279
642 0.883384
214 0.589962
198 0.519414
462 0.105214
159 0.859113
5 1.037053
540 1.451115
720 1.038092
377 1.611815
946 2.937716
321 7.577426
582 2.939313
137 3.018032
892 2.021530
777 1.714571
988 0.045103
1011 0.515139
74 0.183325
1179 0.761466
634 0.727272
1293 0.775621
782 0.516604
271 2.378774
964 2.034362
488 2.296086
1313 0.293433
339 1.226349
765 2.299354
910 1.321669
935 2.293803
1133 2.082032
997 1.976908
1062 2.421515
655 0.484049
169 2.996942
927 1.881284
879 0.009985
153 0.020139
280 0.014939
1377 0.022287
1148 0.017371
1074 0.011601
1147 0.011260
314 0.021054
602 0.027555
436 0.003098
824 0.026253
1274 0.041434
1109 0.020983
492 5.221289
484 2.473785
359 5.439280
1013 1.121661
1064 6.195788
1189 3.251190
