571 5.990422
486 0.128268
1047 0.408317
737 0.430062
470 0.262978
203 0.171297
116 0.365521
109 0.314065
1030 0.597378
37 0.495308
60 0.112088
221 0.690531
254 0.538444
220 0.583830
70 0.822686
383 0.198606
869 0.561305
699 1.431968
509 0.383046
393 1.444280
422 0.865761
1318 1.344345
1101 0.000827
1284 0.015262
1196 0.003013
1236 0.000874
781 0.004757
513 0.008024
368 1.482679
126 1.037768
1197 1.072418
585 0.522085
197 0.827318
993 0.576163
530 0.889650
1007 0.393736
878 0.356993
448 0.961709
1285 0.745722
1301 0.535809
604 0.255714
1090 0.825440
1086 1.364463
367 1.227384
514 0.663060
537 0.286471
598 0.751362
373 0.016196
640 0.559151
740 1.084139
1191 0.072952
1373 0.263184
1303 0.897809
747 0.562433
634 1.306780
891 0.869856
1038 1.146851
1161 0.581744
954 0.508673
854 0.250332
773 0.703593
