85 0.097390
1361 0.002030
623 0.016399
1103 0.053429
195 0.128802
1047 22.658220
1082 0.119141
15 0.067800
571 0.408317
486 0.158547
737 0.531586
470 0.325058
203 0.211735
116 0.010521
109 0.388205
414 0.031392
474 0.713920
363 0.840892
297 0.262011
860 0.895684
259 0.286452
340 0.489071
1360 1.603124
424 1.148351
1269 0.068304
1022 1.015897
960 0.051317
515 0.440550
638 0.997454
608 0.682935
831 0.008841
16 0.297758
250 0.413372
1215 0.099056
499 0.311224
726 0.210563
52 2.527021
1331 1.552705
1147 1.294733
807 2.734638
1172 1.213342
1141 1.992433
845 1.461096
570 0.779126
480 1.366889
313 1.643502
956 0.690262
926 0.179902
816 1.557717
848 1.173494
1050 0.684934
1230 2.218784
1267 0.532002
92 0.284757
1077 2.265116
1164 2.586127
933 1.841776
202 1.469568
600 2.815696
1226 2.378574
133 0.346526
455 1.042297
377 1.900725
952 1.449279
435 0.338662
194 0.049790
29 0.178073
745 0.190459
1136 0.051372
990 0.175646
1346 1.141194
651 0.940793
1092 2.374695
1179 0.661532
855 0.948775
776 1.574902
117 2.350763
1097 0.187009
1096 0.196775
720 0.603480
150 0.354478
356 0.087219
315 0.678537
1163 0.517745
538 1.213737
947 5.407258
907 0.965109
228 0.688823
545 1.645078
799 2.456393
1182 2.717930
833 3.402574
1314 3.291993
916 6.604039
1263 2.789597
501 5.095819
7 1.055868
1204 3.330805
