132 0.982117
1029 0.339022
824 0.351104
1121 0.541739
1105 0.232276
998 9.970417
646 0.099484
119 0.535671
240 1.848677
916 0.162709
1037 0.751698
837 0.645797
309 0.563907
956 0.507485
304 0.384440
250 1.335119
101 1.021132
445 1.346482
841 0.231765
734 1.318572
133 0.961815
617 0.699081
510 0.820107
252 0.517586
103 0.993211
1234 0.000173
125 0.000780
1090 0.064297
796 0.463842
257 1.545744
799 0.991641
44 0.620288
294 0.009261
650 1.799112
193 2.248098
990 0.472441
357 1.120926
81 3.813703
320 3.052761
1339 2.187397
647 0.966297
1010 1.933185
429 0.678969
339 0.339178
453 0.033134
199 0.299302
933 0.912692
234 0.519604
1035 0.558161
664 0.133948
551 0.033502
210 0.293358
825 0.331562
1388 0.302277
1107 0.222502
462 0.003747
347 0.002489
483 0.006446
895 0.010717
1173 0.018135
556 4.586896
1229 2.844978
1071 3.459735
1314 3.323373
375 0.245301
422 2.954428
1304 2.691087
