944 0.067712
44 0.115262
243 0.075031
411 0.102133
1214 0.112570
1006 8.058454
1255 0.105825
32 0.061454
617 0.042955
1232 0.000979
175 0.021506
235 0.063949
1351 0.048109
196 0.421048
88 0.046547
951 0.694530
1188 0.364890
420 1.384037
310 0.966125
851 0.272044
331 0.117263
329 0.823762
1252 0.426747
314 0.031500
1169 1.035834
965 0.234138
363 0.691625
225 2.662480
447 0.125738
327 3.509447
1007 1.260063
130 0.056726
1141 2.531437
1003 1.815099
895 1.649926
1137 1.369453
552 1.354088
375 0.642652
1128 0.191533
903 0.527986
1303 0.897271
236 0.555496
624 0.690661
770 0.594695
417 0.264622
618 0.725197
679 1.435232
1049 0.862755
276 1.116733
1183 0.607615
311 0.120312
675 0.039758
1028 0.248938
939 0.232165
1195 0.566481
1346 2.505918
210 0.089389
764 1.339458
706 0.742946
197 0.820911
139 1.989233
1241 1.275114
