14 0.079298
151 0.211840
852 0.226044
800 6.870001
520 0.381979
1148 0.384732
997 0.102092
110 0.211529
41 0.370183
417 0.987822
246 0.991505
904 0.530473
333 0.919284
788 0.350723
630 0.497726
1204 0.747718
791 0.192152
1150 0.032293
567 0.583858
208 0.627368
709 1.277935
636 0.881395
982 2.560574
674 1.212672
504 0.103212
112 1.394856
1285 1.148443
197 2.069811
727 1.329705
778 0.667292
652 1.674962
137 0.468561
839 1.789996
175 1.045237
697 0.922379
75 0.105609
805 1.315457
1027 0.371187
318 1.666261
565 2.133616
305 0.052933
958 0.350840
1123 1.337559
71 1.412504
1046 0.265038
679 1.625068
609 1.523332
59 0.400061
854 0.947661
1324 1.535890
