72 0.653297
1164 0.292924
1366 0.050536
935 0.418191
492 17.440805
321 5.840603
1207 0.083753
196 0.390208
661 0.406613
1133 0.090334
594 0.278817
1295 0.007837
504 0.092429
158 0.129841
248 0.268917
1171 0.779714
527 1.074495
1102 0.848336
201 0.624198
708 1.730604
471 1.004817
1000 0.477379
302 0.987746
1123 0.976866
726 0.490389
326 0.522125
1128 0.893310
605 0.916162
144 0.383111
556 0.013010
1328 0.565437
448 0.230657
927 0.336337
1139 0.132469
569 0.312672
740 0.722018
368 0.526323
1024 0.800546
694 0.291325
1212 0.303598
128 0.178642
717 0.430137
1290 0.910386
115 1.620175
388 0.290044
989 1.262433
1327 1.345038
584 1.111509
970 0.854845
86 5.221289
484 2.155591
359 4.739646
1013 0.977386
1064 5.398847
1189 2.833002
957 2.380195
251 3.834425
507 0.627115
1138 0.205940
894 0.343198
262 1.338164
1267 1.943885
328 5.168265
1062 2.607568
588 8.324839
1237 0.244344
1373 5.545911
397 0.670177
1400 4.171474
