698 0.291541
748 11.510215
766 0.174888
867 0.061001
986 0.061489
529 0.130348
1162 0.145129
51 0.658372
704 0.670506
471 0.470542
672 0.597602
502 0.646344
982 0.445113
133 0.631738
161 0.339984
1212 0.420826
1379 1.618842
532 1.410927
1359 1.710259
953 1.827002
848 1.877246
674 1.233354
808 0.075271
553 0.071097
1385 0.057760
1133 0.095120
873 0.050836
695 0.078461
694 0.053650
801 0.429681
570 0.724084
1213 1.497630
266 1.609963
1371 1.097390
81 0.906947
1290 0.002433
676 0.001194
169 0.000010
660 0.006849
1345 0.000068
811 0.008073
767 0.004287
359 0.234383
411 0.004569
1024 0.176574
263 0.314445
1269 0.314048
451 0.284395
877 0.180615
657 1.966533
588 2.047417
1049 2.440523
503 3.303293
1252 2.961187
849 0.419787
1019 1.902487
1080 2.079214
533 0.942584
134 3.057472
537 0.127808
1007 3.334342
1358 2.862673
1025 1.832517
121 2.078457
1337 0.654825
99 1.018322
745 2.520921
702 1.506035
50 0.443604
1119 1.576445
1202 2.568936
667 0.568655
615 1.441050
700 1.792907
204 1.326227
606 2.940369
1275 1.669286
