251 0.434401
228 0.542996
953 0.447586
962 0.135144
819 0.166477
410 0.390693
716 8.516711
63 0.369665
54 0.628956
912 0.191001
959 1.045897
1034 1.425966
879 0.237418
469 0.982117
271 0.727006
989 0.221056
267 0.506266
1269 0.161353
1188 0.185969
433 0.390567
845 0.077865
369 0.299368
5 0.475753
632 0.352392
965 0.238182
651 0.140727
57 0.433501
388 0.339942
257 0.501017
499 0.091090
1165 0.984117
743 1.442437
1049 1.646608
1186 0.578409
631 1.176506
1247 0.016245
495 0.290660
1106 0.180816
1343 0.044512
871 0.434465
1297 0.361512
683 0.313687
1375 0.841005
222 0.213105
829 0.448280
573 0.345018
248 1.544460
1067 0.036810
255 1.277950
738 0.865308
545 0.812864
261 3.128799
785 1.856001
1378 3.212744
767 2.096721
760 1.686010
322 0.040954
591 0.183412
986 0.502482
561 0.424338
875 0.560175
96 0.029061
1064 0.294951
