967 0.089715
160 0.731370
66 0.624956
1359 0.574019
642 0.361942
1228 7.455953
1394 0.468561
193 0.390069
453 0.669637
1234 0.541870
825 0.796926
797 0.742435
637 0.433502
1051 0.832261
210 0.438298
1389 0.655871
1231 0.760579
244 0.727275
648 0.758589
423 1.259505
274 1.379690
463 0.858598
238 0.843407
306 1.278782
191 0.949726
281 0.516601
779 0.147882
328 0.475655
465 0.669643
400 1.825414
691 0.874771
168 2.243101
380 3.352295
1400 3.138622
829 0.589015
1179 2.028330
1139 0.963205
1351 0.126425
1233 2.696623
9 3.461476
495 1.953485
32 0.491841
23 3.196188
