240 1.151360
916 0.292563
1037 1.351607
837 9.630815
309 1.013945
956 0.912495
998 0.645797
304 0.691251
452 0.540930
130 0.580807
138 0.692348
222 0.971711
1144 0.432619
511 1.385456
426 0.721746
204 1.389630
1124 0.301096
459 1.696676
1195 1.274935
988 0.803657
65 1.130782
465 1.615004
124 0.634173
791 0.257259
1107 0.569834
476 0.554456
174 0.805368
686 0.769365
904 0.546530
220 1.007643
1294 0.181885
546 2.157259
929 1.082613
6 0.705946
935 1.363053
740 0.125450
183 0.166159
167 0.057810
1191 0.125113
1147 0.110895
38 0.054883
954 0.091102
299 3.063275
659 1.747517
595 4.707153
1017 2.314407
953 3.232228
818 2.819110
980 2.390503
