1102 3.871507
1374 0.233246
54 0.748902
740 0.618919
528 12.164124
1159 0.333174
879 0.120560
181 0.473225
310 0.478485
591 0.246686
333 0.906015
717 0.953943
617 0.183828
408 0.087103
204 0.497746
1048 0.233916
783 0.039454
320 0.009448
184 1.025379
587 0.978768
1087 0.856486
443 0.868538
835 0.162652
353 4.085857
350 1.081955
524 0.220323
235 0.447907
947 1.917424
610 0.694903
676 0.033900
1060 0.148194
949 0.152924
404 0.090051
1146 0.094491
936 0.011633
695 0.078459
861 1.574125
913 0.933605
1335 1.098193
1123 1.267489
1139 3.194140
56 0.978815
891 1.061556
1337 2.230588
93 3.805282
582 1.902395
493 3.950332
257 0.521584
94 3.405475
567 4.264365
459 4.883963
923 1.294087
1256 2.679999
