218 0.325217
1392 0.365743
975 7.925277
613 0.264548
736 0.282341
224 0.707214
618 0.575992
6 0.379750
1038 0.481692
75 0.627486
858 0.766627
758 0.139244
882 0.070099
1273 0.868642
80 0.450592
1370 0.003544
1024 0.006099
237 0.004378
1207 0.000300
279 0.001508
614 0.001242
260 0.004830
764 0.800633
794 0.865192
1146 0.378375
1350 0.477842
573 0.097716
457 0.018558
273 0.461474
1222 0.284322
1159 0.312075
1163 0.151491
894 0.156369
1236 0.046740
419 0.212013
399 0.199267
442 0.025311
889 0.102834
378 0.077750
1283 0.060490
336 0.080208
843 0.048102
580 0.058908
1223 0.992975
956 1.444591
495 0.130308
429 1.416126
1097 0.614255
477 0.025709
627 0.823142
1339 0.726073
1328 1.689551
1191 0.907892
1296 1.094887
106 1.054560
493 0.253606
670 1.124929
1362 0.283809
927 1.993270
1326 0.872661
1248 1.593037
1060 1.368394
391 1.577694
786 0.583434
976 0.911357
830 3.118564
1213 1.578117
903 2.558254
201 0.507692
954 1.289509
1157 1.881123
