502 0.253348
5 0.211095
1105 0.087079
732 10.510222
700 0.379370
841 0.100094
1283 0.186016
7 0.190882
167 0.490106
698 0.201050
371 0.568924
708 0.601910
1025 0.232786
855 0.527025
8 0.342157
786 0.026698
733 0.046106
275 0.466566
1311 0.206623
799 0.056933
75 0.399219
218 0.245481
599 4.605043
1097 0.527460
582 1.168657
447 0.153673
123 0.259558
211 0.217263
324 1.169514
255 1.182969
81 1.370981
347 0.602548
419 2.346575
814 2.040571
1036 1.036858
573 1.199546
954 0.944923
1225 1.132474
90 0.024774
227 1.358113
204 0.869796
602 0.033301
914 0.762772
865 0.792170
882 0.569664
679 0.512723
212 0.256033
102 0.556973
880 0.443327
706 2.665752
588 2.061498
744 3.682762
1059 0.118942
658 2.846462
957 2.268187
231 0.046919
509 0.994750
1377 0.850636
1332 0.213451
556 1.087100
361 0.305641
1048 0.741056
1026 0.147775
1189 0.178988
435 0.380173
591 0.064156
1233 0.406256
1123 0.267217
1076 0.207435
71 0.068531
547 0.129160
778 1.435146
481 0.670164
1090 0.285246
772 1.128753
1088 0.735318
