1156 0.007041
275 0.005378
1169 0.008289
740 0.005651
205 0.004990
600 0.015585
469 5.705418
163 0.008603
1382 0.762068
340 0.836349
1226 1.237582
531 0.188103
991 0.706087
1011 0.527849
178 0.664590
54 0.455518
912 0.069364
716 0.982117
959 0.757485
1034 1.032747
879 0.171949
271 0.526529
989 0.036006
46 0.000917
1180 0.014389
987 0.019761
1037 0.018117
281 0.043633
326 0.025707
81 0.056604
527 0.655318
832 0.699819
624 0.259373
951 1.010274
1043 0.885137
866 0.487567
300 0.261833
599 0.612620
635 0.284517
1275 0.931499
814 0.619607
659 0.922877
540 0.609100
653 0.194677
22 0.412187
127 0.188436
1309 1.041453
438 0.026005
1225 0.111708
561 0.581489
503 3.356553
247 1.037936
233 2.376619
426 2.140328
963 2.317560
19 0.994548
1098 1.735056
