529 1.787504
1109 0.109096
978 0.634244
783 0.505705
592 1.095629
1389 11.224891
1230 0.098606
175 0.608800
879 0.116364
490 0.558791
1028 0.261434
926 0.244441
455 0.161905
904 0.097225
192 0.367335
438 0.051817
1014 0.038620
1020 0.061463
305 0.043892
1362 0.077558
754 0.058006
244 0.391188
388 0.324512
146 0.257202
127 0.352837
66 0.248195
878 0.409217
427 0.359119
268 0.204767
1167 0.102195
1139 1.067593
32 0.895595
366 0.249850
629 0.597806
541 0.687389
303 0.631911
675 0.487078
676 0.854749
721 0.010230
594 0.570661
296 0.478690
522 0.241727
312 0.456759
44 0.369848
637 0.294515
780 0.158600
370 0.144158
762 0.408335
1189 0.385824
386 0.260303
1231 0.361679
648 0.360732
1228 0.655871
423 0.598934
274 0.656085
463 0.408290
893 1.514917
1095 0.393019
1202 1.559856
582 0.166085
743 0.483970
1064 0.579139
535 0.418907
69 0.099266
475 0.244720
943 0.377345
623 0.498389
2 0.369218
564 0.259964
1289 0.014843
228 1.356998
690 0.102183
1278 1.663448
920 0.102991
1239 0.418205
881 0.888020
89 1.959834
525 0.443849
1188 2.352416
1399 1.471957
503 0.356656
1036 1.290852
25 2.813338
874 0.956805
612 3.023841
1277 1.568338
114 2.408857
1201 1.596328
626 3.129511
1033 3.043634
323 0.586714
816 2.363343
888 2.190592
643 0.362075
1330 1.797430
35 3.026656
406 2.730036
121 2.408073
434 4.377165
1060 1.475403
