647 0.591720
841 0.466631
586 0.642645
720 0.350498
801 0.632121
504 3.452209
898 0.677551
16 0.498634
661 0.195038
1133 0.043330
594 0.133739
1295 0.003759
158 0.062280
492 0.092429
248 0.128990
385 0.817383
548 0.254028
513 0.599238
725 0.314926
736 0.769246
437 0.896576
1214 0.579209
719 0.228688
200 0.344215
484 0.212981
280 0.234442
728 0.097347
599 0.180494
512 0.343591
800 0.103212
982 0.123330
674 0.058408
112 0.067183
1285 0.055315
197 0.099692
727 0.064045
1343 2.904745
186 2.605477
924 0.280323
1364 0.622399
93 2.517420
1263 3.056175
1200 1.725250
