1291 11.334554
447 0.152731
1108 0.886176
1136 0.207746
1258 0.727020
1298 0.129466
1223 0.657398
277 0.485911
882 0.280963
1381 0.762451
1346 0.670345
282 0.806561
784 0.473097
81 0.529143
346 0.616832
869 0.024176
420 0.031099
653 0.004494
909 0.024639
663 0.019008
451 0.016082
434 0.890010
594 0.414622
844 0.100707
967 0.597259
1173 1.150903
563 0.771172
699 0.610367
1250 0.242788
706 3.549096
1327 0.076679
318 2.553471
1246 1.283480
1111 1.262027
840 1.659303
344 1.072365
387 0.827124
754 1.066091
1042 0.943045
842 0.306107
640 0.056224
1210 0.904301
462 1.616664
70 4.141702
19 0.294486
1377 2.088574
695 3.055987
1280 2.896032
773 2.140185
96 3.368308
1386 1.473571
407 2.673732
1359 1.569965
467 2.282702
730 2.543325
