218 0.402013
1392 0.452108
975 0.707214
613 0.327017
736 0.349012
224 11.696529
618 0.712005
6 0.469423
209 0.140794
907 0.047236
176 0.146487
1382 0.153787
581 0.103356
254 0.059663
217 0.108266
936 0.718227
97 0.657785
1042 0.560151
10 0.118119
1270 0.355121
878 0.197389
763 0.497752
157 0.000380
1129 0.015435
484 0.025034
429 0.021521
843 0.014078
1026 0.004809
287 0.013832
317 0.179672
832 0.156073
754 0.044518
230 0.019746
604 0.152247
966 0.166146
579 0.090246
1127 0.369499
1346 0.299118
515 0.165038
859 0.083050
734 0.894940
940 0.341335
619 0.510866
367 2.044016
139 3.372437
476 4.317709
258 1.894776
644 3.686238
659 2.749632
1125 5.189394
472 7.242061
20 1.890341
503 5.379470
1145 7.354993
35 2.822583
1314 3.760010
