80 0.250652
1191 0.096770
1150 0.269021
1290 0.083549
400 9.974604
1076 0.207492
493 0.278977
267 0.244625
825 0.714591
227 0.875822
638 0.734339
941 0.801451
631 0.430705
1249 0.628937
1288 0.846057
1254 0.229631
1350 0.965485
291 1.121417
494 0.364503
257 1.315500
749 0.730420
673 0.802362
1023 0.637752
1293 1.179449
387 1.286781
140 1.377195
747 0.909205
287 1.276753
955 0.782253
1072 2.969392
422 3.043263
1175 3.555056
395 0.771110
1107 1.110874
1160 1.780079
1228 1.825414
691 0.673515
168 1.727037
380 2.581042
1400 2.416528
829 0.453502
1179 1.561677
1203 5.997790
590 1.483387
1352 0.071276
606 5.147697
1110 2.426873
442 1.771405
1344 3.266091
