1000 0.037926
310 0.026493
1156 0.032580
809 0.023929
1126 23.692494
172 0.009196
1124 0.032746
124 0.020700
440 0.228137
1009 0.246129
325 0.021387
678 0.247977
1377 0.332633
1008 0.282623
229 0.201020
536 0.040955
83 0.001686
643 0.003434
547 0.001889
171 0.504377
186 3.911316
259 0.002329
1110 0.013927
843 0.010862
50 0.033593
225 0.007254
533 0.021311
1177 1.131308
935 1.784643
726 1.887437
658 1.434718
1071 0.954977
725 1.432223
602 1.205039
735 0.569094
350 1.176945
1048 2.656689
1253 1.303507
1305 0.859233
996 1.427248
1066 1.534871
427 0.387948
907 1.024988
329 1.173368
761 1.319632
877 0.032740
817 3.106780
15 2.825594
214 1.212151
553 3.202361
892 5.938246
442 5.246532
1196 3.537404
1019 2.282503
671 2.569440
141 2.923278
855 4.658535
951 4.275352
113 1.928501
1205 2.460190
1170 6.161389
383 4.088305
1352 3.096563
657 2.217296
34 4.478749
1003 3.846310
1375 4.346469
