832 0.559637
16 0.225269
370 0.820340
684 7.374004
309 0.159393
372 0.962406
652 0.731575
397 0.501045
200 1.170121
1345 1.172008
1285 0.766759
1346 1.151029
526 0.139229
1031 0.921616
651 0.588695
239 1.069587
557 0.522041
1235 1.261981
1207 0.773458
548 0.496169
179 0.607425
678 0.740014
760 1.069191
607 1.187365
637 1.277320
892 1.264422
296 0.946851
186 0.095281
1392 0.659806
137 0.860525
418 2.191227
699 2.240577
1210 0.413109
327 1.698783
1016 0.076888
930 1.267407
687 3.321644
1011 1.188326
18 0.735148
809 0.909188
898 3.154035
343 1.356074
1002 2.093516
1159 0.388072
943 0.701848
630 0.411005
994 0.885928
1183 0.444215
