1329 0.080020
973 0.072767
959 15.925381
247 0.011862
709 0.032843
764 0.071230
1161 0.080525
19 0.083143
1200 0.408642
328 0.501254
530 0.542114
360 0.155505
356 0.529495
385 0.563282
53 0.421690
54 2.730963
912 0.073868
716 1.045897
1034 1.099815
879 0.183115
469 0.757485
271 0.560723
63 1.821932
1305 1.878649
414 1.697166
131 1.344509
1068 0.418960
491 1.940489
565 2.404856
1313 0.443967
116 5.827915
1323 3.644548
1178 4.006154
1293 3.947966
295 0.473269
1266 3.377494
644 7.437432
244 3.832931
1151 1.818620
111 2.037968
599 0.461017
1388 4.293503
