592 0.413942
1214 0.420649
1117 0.186975
1173 13.020472
246 0.758226
870 0.531114
632 0.231481
508 0.424546
1291 1.150903
434 2.166522
594 1.085129
844 0.245149
967 1.453888
563 1.877238
699 1.485796
877 0.005686
805 0.048203
1400 0.073870
900 0.064258
398 0.025574
911 0.040558
276 0.544370
330 2.022275
38 1.673560
1184 2.828427
1095 0.250572
617 0.296865
1017 1.641407
306 1.372499
630 1.429291
1233 0.770601
731 0.598718
309 1.166606
488 0.449272
1045 0.817358
1010 1.419306
462 0.354986
998 0.018135
347 0.235837
483 0.610683
796 2.186604
895 1.015383
1227 5.784701
628 2.174821
991 3.531859
499 0.725865
824 4.066961
214 0.234813
1289 3.436547
