910 0.161073
375 0.204388
1351 0.235778
692 0.330787
600 0.446865
1271 0.357899
442 0.002279
17 16.048174
1349 0.302805
105 0.188045
704 0.077206
132 0.355720
809 0.171886
1015 2.751703
68 0.253497
785 0.212436
210 0.261191
1255 0.475024
190 0.737945
390 0.038356
642 0.647117
72 0.488291
1050 0.198608
515 0.089523
195 0.057453
1031 0.076991
786 0.226854
86 0.129866
664 0.252599
341 0.684636
677 0.637535
180 0.130868
427 0.706859
25 0.710353
387 0.454418
1201 1.973372
106 1.621910
820 0.214208
399 1.662707
321 0.485960
777 1.676470
656 1.276642
110 1.394456
1345 4.055754
352 1.703253
1196 4.262343
267 1.877343
1086 4.452670
1183 1.774473
128 5.152197
388 5.145133
660 5.509623
1238 5.492255
73 4.618148
1133 3.184800
1159 0.640802
1368 4.211582
647 2.151721
745 2.532772
645 3.613801
752 2.135759
1387 2.203029
