1276 0.166747
630 0.098571
441 14.393517
371 0.015378
576 0.142044
758 0.139827
480 0.191132
238 0.101213
782 0.277654
466 0.928349
1094 0.294744
1304 0.065929
1313 0.559220
46 0.557571
1257 0.944525
317 0.538881
313 0.153983
1220 0.547179
600 0.057652
438 0.245967
1367 0.169732
563 0.342103
268 0.628992
804 0.250033
698 0.157007
919 0.148333
688 0.437450
15 0.123249
585 0.422319
150 2.315856
186 1.305144
1262 2.123695
439 1.162770
573 2.487877
713 2.440476
659 1.398251
783 3.095994
520 1.156107
1113 0.244908
558 0.061435
309 3.582347
874 1.807895
685 0.342212
653 0.599934
177 0.738702
1243 0.131045
1163 0.180844
1176 0.833896
991 0.437154
1160 2.474934
229 1.350949
871 0.073584
379 0.204326
188 2.155608
1070 0.770642
1018 1.397074
533 0.902549
484 0.218557
1240 1.036801
471 0.233899
33 0.777826
130 0.826078
1272 0.568620
521 5.453228
396 7.509057
347 5.143704
717 2.974127
100 1.031386
1021 0.536385
1360 3.857045
