588 0.456892
851 0.043124
218 0.321723
135 0.178161
972 0.071640
863 8.297329
614 0.616293
231 0.341485
1190 1.743015
1195 0.072637
1227 1.031401
1155 1.109291
116 1.316431
780 0.837251
283 0.670806
618 0.189384
1260 0.606261
698 0.298525
1043 0.884690
789 1.237206
1252 1.094035
632 0.642623
256 0.155474
737 1.684389
289 1.385501
627 1.219660
644 0.505036
1090 1.255062
756 1.550190
977 1.948754
182 1.986854
502 0.674372
1253 1.644470
1132 1.048425
505 2.550112
312 1.542070
1348 2.529645
82 2.127417
145 1.063013
206 3.115916
873 1.603823
