440 7.602347
1009 0.505451
325 0.043921
1126 0.228137
678 0.428991
1377 0.683094
1008 0.580394
229 0.412814
761 0.235991
1371 0.231633
1003 0.003658
1180 0.169140
262 0.123283
991 0.050657
317 0.129113
300 0.000559
174 0.001957
618 0.002981
136 0.006058
1139 0.004560
426 0.003258
322 0.003125
1274 0.414852
1010 0.812681
197 1.011380
1205 0.209238
247 0.462237
884 0.378165
1284 0.314360
151 0.528055
688 0.422519
983 0.743100
1217 0.010225
1373 0.717860
1197 0.777352
544 0.418816
621 2.023683
1106 1.973521
934 1.979444
338 2.253382
552 1.188670
435 1.548817
568 1.214544
58 0.284885
506 0.495836
44 0.134089
25 0.341662
1340 0.451238
999 0.231386
808 0.050935
658 0.348104
1390 0.543481
560 1.570327
1187 0.982776
1394 0.452986
745 0.815380
1318 2.520017
507 1.261795
1268 2.604550
634 1.093473
199 2.281074
1265 0.748218
1235 2.394012
