1329 10.587285
973 0.216911
959 0.080020
247 0.035360
709 0.097901
764 0.212330
1161 2.753793
19 0.247840
887 0.685085
489 0.578649
1171 0.228966
70 0.279098
1009 0.805167
1369 0.308913
108 0.428036
518 0.153936
421 0.521171
694 0.216988
104 0.448677
1057 0.061481
1236 0.268811
392 0.287236
36 0.244093
91 0.393007
1359 0.051839
437 0.100470
131 0.418103
860 0.315318
724 0.217591
427 3.358064
1274 3.275674
798 0.638880
452 0.530507
335 3.246620
824 1.375970
885 1.708980
185 4.007669
683 0.671626
23 1.741956
194 0.337003
1197 3.218714
325 4.237649
1165 2.778511
685 1.497476
1088 1.692242
7 3.385330
168 1.522520
747 0.802168
478 1.235454
