1385 0.025475
1355 0.136871
1166 0.125375
823 3.655729
1260 0.052065
694 0.103077
678 0.133059
18 0.075535
351 0.695370
4 0.467180
413 0.121401
700 0.040951
487 0.655867
408 0.473755
105 0.563421
248 0.928262
785 0.430424
864 0.163116
673 0.881912
884 0.388099
622 0.805870
198 0.529650
378 0.142374
145 0.184556
463 0.087261
231 0.045756
1189 0.237910
542 0.254317
249 0.173840
256 0.379164
798 0.619962
582 0.782483
144 0.895083
405 0.705289
99 0.898489
456 0.463903
189 0.273777
1106 0.112602
555 0.764875
114 0.144890
967 0.776844
1250 0.450365
496 0.410010
904 1.177484
1121 0.870311
466 1.920719
19 0.640630
1167 1.541126
89 0.902908
667 0.606138
