529 0.649930
839 6.967230
1365 19.982839
126 0.894705
88 0.090185
343 1.454929
895 1.007496
416 0.516047
1012 0.394923
73 0.273409
753 0.444104
644 0.421323
1336 0.486235
1035 0.430199
566 0.287758
545 1.211267
41 0.603685
108 0.211639
544 0.898659
258 0.384050
237 0.071120
712 0.853395
745 0.220257
757 0.540612
874 0.541963
1375 0.054913
249 0.223965
512 0.262469
761 0.298600
471 0.579720
1281 1.070335
1328 2.985445
430 4.034864
580 3.787754
1001 2.288054
426 0.148034
1133 6.276331
831 5.758988
1269 0.460572
938 1.443400
1137 3.168436
906 0.109987
1217 0.005675
792 0.515526
519 0.335370
901 0.906911
476 0.354713
1181 0.533013
609 5.492125
553 1.650170
681 6.065288
143 0.158656
94 6.370820
121 0.218311
1288 3.392969
1117 0.362381
517 1.699421
697 4.245471
401 1.907745
926 2.475374
1092 0.086869
1056 0.220533
