713 0.080304
1270 0.073829
1095 0.048520
876 0.074819
78 2.003767
666 0.036427
429 0.093877
36 0.049569
518 0.375613
154 0.516375
818 0.059890
1363 0.157586
478 0.086491
245 0.077462
910 0.382119
195 0.006946
37 0.001658
1193 0.022377
815 0.024752
112 0.006719
271 0.020830
162 0.016816
308 0.423716
324 0.385007
1226 0.438941
255 0.082511
710 0.189797
1183 0.046634
550 0.338929
1069 0.011430
1251 0.130812
149 0.264041
629 0.173031
1254 0.196545
931 0.224798
554 0.136824
1339 0.151208
936 0.489215
158 0.421398
223 0.034724
1340 0.092193
203 0.005177
982 0.316667
219 2.740474
425 2.661616
664 2.564435
988 1.590882
529 2.387615
1000 2.426629
1026 1.381007
