1310 1.592175
1073 5.056289
1398 0.341163
229 1.289188
161 0.576761
24 0.081289
664 1.475626
257 0.744665
1152 0.424497
176 0.345312
919 0.122372
841 0.288049
612 0.093810
409 0.310520
467 0.569399
895 0.416698
1116 0.759467
463 0.111252
350 0.785445
655 0.794189
1095 0.614081
230 0.074470
1316 0.093847
1123 0.034741
1082 0.967838
654 0.250390
700 0.496525
814 0.030155
1331 0.030924
1220 0.005458
64 0.009244
412 0.021230
1165 0.022059
851 0.018019
981 0.243415
378 1.571375
573 1.374764
918 1.558807
1293 0.537969
605 1.483215
1028 1.022528
676 2.309337
1204 1.967462
356 1.161927
1068 0.807846
318 0.972403
872 2.851709
1143 0.441698
