414 0.115154
729 0.383277
592 0.077262
397 0.567103
350 21.392805
493 0.033723
1130 0.476549
60 0.363936
194 0.286044
178 0.159210
307 0.466356
490 0.137199
1012 0.242732
1107 0.378498
135 0.263124
1160 0.809894
1104 0.187828
56 0.533948
857 0.155542
1207 0.236113
1105 0.743728
256 0.506333
1061 0.436162
117 0.035382
161 0.175418
202 0.822392
689 0.146025
657 0.159711
315 0.425152
548 0.781182
473 0.657392
770 0.392294
1358 0.881577
25 0.107981
901 0.156771
1313 0.013632
262 1.581122
931 1.667158
1015 0.350217
1281 0.439246
554 0.806141
777 0.401207
515 0.879089
835 0.295869
353 0.492281
524 0.400774
235 0.814757
947 0.138957
610 1.264052
528 1.081955
467 0.519719
1073 0.785445
1310 1.423209
895 0.380341
1116 0.693202
463 0.101545
655 0.724895
1296 1.274114
832 1.464518
597 0.735510
831 2.190351
590 0.231228
30 1.523356
682 1.313309
721 3.492281
693 4.006240
730 1.672003
1303 3.005747
783 4.489314
383 0.990949
964 2.258742
782 1.367188
629 0.998596
393 1.366687
957 1.778254
1127 1.052801
87 2.324494
966 1.370303
735 0.422275
1126 1.176945
171 0.371955
1048 1.971296
1253 0.967218
1305 0.637562
996 1.059036
340 0.305268
1175 1.657760
254 0.931971
1266 0.934791
246 1.548440
1275 1.085684
1032 1.041300
378 1.090191
412 0.264436
706 0.858144
1136 0.278765
724 0.702057
1258 0.242469
1051 0.633812
296 5.046123
1141 0.325140
385 0.889422
268 1.051864
322 2.342357
1268 1.345738
801 3.332016
683 1.300628
138 0.666115
489 3.469132
1066 6.065398
1381 3.224252
