1258 0.361405
691 0.095778
656 0.653385
1340 0.774715
96 0.255918
250 18.349063
981 0.237783
45 0.410899
1153 0.619919
323 0.472278
960 0.447576
237 0.721393
155 0.119440
289 0.208459
156 0.396672
182 0.007182
1326 0.169432
435 0.119402
884 0.293485
1357 0.144014
653 0.341321
42 0.160318
101 1.920820
445 2.532826
841 0.435966
734 2.480326
998 1.335119
133 1.809241
617 1.315020
608 2.723446
831 0.067903
16 2.286848
1047 0.413372
1215 0.760770
499 2.390274
726 1.617172
1323 2.342150
721 2.082744
1124 0.292116
198 1.238258
240 2.180602
1244 2.372154
844 1.744200
184 1.834392
1331 0.983957
513 2.193746
256 3.539149
1168 0.315169
747 1.987296
872 1.838690
539 1.588608
362 2.731099
514 2.390907
1030 1.631815
643 0.846487
815 0.917080
926 1.513153
1332 2.757677
905 0.844206
733 2.978701
603 3.797898
1314 2.353966
465 2.685089
1011 1.953913
