1204 0.193558
13 0.207144
546 0.282982
480 17.709571
1025 0.080183
330 0.217486
893 0.292892
200 0.168393
1276 1.148529
630 1.712401
441 0.191132
371 0.105921
576 0.978378
758 0.963108
238 0.697143
1238 0.642891
1122 0.456466
949 0.431899
618 0.857047
1223 0.878247
1297 0.809545
264 1.411491
296 0.686204
1357 0.154350
1022 0.329232
317 0.138742
230 1.395937
707 0.957411
638 0.431437
862 1.854059
142 0.782666
35 2.138439
877 0.750277
1086 0.762598
825 1.159952
1047 1.366889
570 0.778608
313 1.642410
956 0.689803
926 0.179782
816 4.821314
848 1.172715
497 0.285653
635 1.676331
577 1.472464
512 1.682670
348 0.903786
1174 1.091995
1153 0.877556
827 0.108312
420 3.095750
110 0.354672
838 3.086763
942 0.470884
1255 2.860041
64 3.538364
997 1.578572
703 1.829024
340 2.030570
627 1.583363
945 2.123359
1295 2.031504
1323 5.434250
1249 4.722203
578 3.842746
1285 3.758895
188 0.642723
244 2.805021
1313 3.376765
