93 0.236084
773 0.453699
368 0.626243
215 7.507848
15 0.011950
686 0.398417
89 0.524459
126 0.346850
387 0.205099
37 0.687360
23 0.451849
432 0.062210
831 0.362299
68 0.104779
711 0.479055
1355 1.015816
1343 0.344784
932 0.781919
132 0.123690
437 1.097807
638 0.824594
715 0.648393
1069 1.556346
1379 1.407208
1151 0.223384
689 0.362333
106 1.514952
650 0.053011
723 0.832506
1038 0.080563
700 0.129163
5 0.051606
809 0.101928
18 0.022981
271 0.172658
802 0.116152
289 0.523845
388 0.686162
1215 0.183696
994 0.538742
200 0.529848
542 0.730655
821 0.431469
520 1.089293
238 0.288249
676 0.360737
555 0.033421
1060 0.164017
1253 1.651569
928 0.839097
848 0.354566
26 1.138965
494 3.680071
633 0.426778
1095 2.262919
376 3.689105
1141 1.881817
1256 2.414625
561 1.243864
978 2.536443
735 1.838417
705 2.554490
668 0.049469
1371 2.390881
