746 0.493521
1275 16.972132
960 0.217339
929 0.707820
648 0.069194
614 0.266373
788 0.408205
66 0.409462
300 0.398814
599 0.933118
635 0.433365
814 0.943760
469 0.931499
659 1.405690
540 0.927756
53 0.977898
1285 1.300493
1024 3.620758
1061 2.735028
1259 3.489105
435 1.484902
1009 2.257572
340 0.416487
1175 2.261735
254 1.271518
1266 1.275366
246 1.344812
350 1.085684
1032 1.420679
217 2.131368
601 0.149262
615 6.602739
1092 1.909751
784 3.769429
1084 5.950573
1114 3.079450
14 2.540217
552 2.351574
738 0.774020
1358 0.006302
1182 3.227823
530 2.558060
1249 1.675601
1202 3.127249
667 0.692242
748 1.669286
700 2.182564
204 1.614459
606 3.579408
1066 0.455150
828 0.048106
1298 0.367414
625 0.460471
1191 0.125801
640 0.160340
1320 0.253314
