1175 17.864877
126 0.111204
627 0.091281
1278 0.059537
730 0.106248
657 0.076252
1097 0.068779
133 0.057081
431 0.375578
647 0.411489
1040 0.217597
867 0.727557
713 0.390174
673 0.171697
258 0.470705
536 0.591567
217 0.258764
584 0.268924
499 0.355544
1107 2.260608
1122 0.289319
453 0.299841
1012 1.647475
361 0.809337
179 0.489486
965 0.999173
280 0.247753
386 0.784750
505 0.890504
767 0.554765
482 0.493533
1025 1.677226
524 0.333624
384 0.994874
737 1.216393
816 0.944096
555 0.203264
10 1.085639
698 0.020491
937 0.084217
37 0.105417
899 0.703050
906 0.564326
340 0.635945
254 1.941515
1266 1.947390
246 2.053429
350 1.657760
1275 2.261735
1032 2.169273
287 1.201519
400 3.555056
1072 5.603156
422 5.742548
395 1.455061
1160 3.358956
1114 0.233173
640 2.549655
420 1.447682
641 1.094175
159 3.001636
560 1.423103
243 2.262630
1388 2.903047
178 1.238518
870 3.327880
1144 0.729270
743 2.624898
1336 3.017591
1244 1.889320
1215 0.800370
1286 1.483501
1273 0.094812
309 0.549713
460 2.233779
237 2.030225
1282 1.252514
