1165 0.762629
1171 0.589694
966 0.581264
1257 0.426629
805 0.233168
1230 0.209559
460 18.369562
90 0.398101
1167 0.174378
503 0.105700
878 0.183320
318 0.137966
397 0.269346
507 0.156215
120 0.149150
442 0.483838
682 0.846700
968 0.325167
310 1.097970
576 0.888736
582 1.298362
216 0.549359
829 0.503495
491 0.217589
280 0.395039
744 0.194224
870 0.407547
262 0.240885
427 0.292231
1393 0.174748
548 0.511979
609 0.228418
815 0.990637
1372 0.366367
172 0.345164
70 0.068510
1323 0.989892
497 0.954120
1197 0.193505
293 0.827863
1178 0.021825
1339 3.836431
464 0.690052
164 0.903713
1061 1.281724
339 0.446586
1070 1.468059
118 0.296835
320 0.416102
793 0.435927
1085 0.534397
795 1.301111
1309 1.622412
544 1.276058
977 1.699551
861 0.879494
1215 2.342640
1175 2.233779
1286 4.342132
1273 0.277510
309 1.608982
237 5.942364
1282 3.666044
373 1.838361
83 1.065234
1096 3.198513
588 1.109467
1284 0.430282
694 6.367922
