1376 0.571957
379 0.104695
1106 0.257470
109 0.145802
1075 0.520673
457 4.217440
1352 0.561141
252 0.306023
764 0.027283
794 0.029483
1146 0.012894
1350 0.016283
573 0.003330
975 0.018558
273 0.015726
1107 0.232761
412 0.083087
19 0.184598
961 0.011129
785 0.186430
966 0.062428
383 0.118624
1362 0.310378
135 1.038531
1372 0.808144
118 0.559046
29 0.545180
484 0.380111
1375 0.676467
259 0.087194
1213 0.419751
150 0.330021
198 0.958658
698 1.302130
1294 1.368123
686 0.880236
1065 0.601802
1199 0.907871
237 0.388125
495 1.094596
631 0.799569
165 0.766033
692 0.772604
194 0.835942
990 1.893833
1226 1.488631
739 1.839807
348 1.675192
601 2.108291
737 1.172429
