468 5.526432
237 0.300648
60 17.686351
802 0.662430
1030 0.374049
906 0.738754
715 0.044920
42 0.432801
414 0.087164
729 0.290115
592 0.058482
397 0.429259
350 0.363936
493 0.025526
1130 3.300700
37 0.131570
221 0.183428
254 0.143028
571 0.112088
220 0.155084
116 0.094833
1019 0.383980
485 0.126022
258 0.375626
1091 0.175433
572 0.079297
1185 0.298144
123 0.198236
373 0.225339
1226 0.533954
1167 0.276829
1069 0.141902
836 0.047139
198 0.016646
301 0.272789
338 0.901892
21 0.893996
50 0.583533
752 0.281873
977 0.165008
355 0.923295
327 0.485555
516 0.004705
49 0.001333
583 0.003673
1038 0.003629
107 0.002498
27 0.006105
809 0.003318
146 0.513446
1210 0.524512
736 0.738868
978 0.197358
511 0.327346
1182 0.007520
838 0.454756
12 2.067080
320 2.322493
910 3.237352
1247 1.743497
615 0.681508
456 1.197132
953 2.225689
291 0.794531
969 0.564152
874 0.073634
415 0.708626
431 0.724720
1055 0.538046
1101 0.408973
380 1.652276
1015 2.604193
629 1.382494
242 0.363728
268 1.435440
786 1.389137
1118 1.470412
433 1.737834
612 3.693705
1379 3.733106
1223 2.321434
447 5.085727
797 2.944912
968 2.962329
772 5.792601
832 1.766626
891 0.888161
751 3.478047
1252 2.911417
1186 0.702191
1276 0.790987
328 1.193940
269 0.167366
707 0.097390
1162 1.385893
1262 0.707604
