877 1.156551
822 0.791017
172 0.466213
1092 1.325649
763 10.083368
672 0.653462
700 1.294816
201 0.680536
936 0.990943
97 0.907551
1042 0.772845
10 0.162969
1270 0.489964
878 0.272339
224 0.497752
493 0.238558
1074 0.774900
639 0.643172
920 0.339541
226 0.273703
336 0.485853
319 1.540046
1400 1.418547
542 0.384373
48 0.172608
927 0.211551
607 1.475915
472 1.000442
412 0.070088
1360 0.994254
509 2.315774
1017 0.455247
232 0.703844
567 0.702996
1281 0.066435
241 0.221339
615 0.186033
483 0.114890
79 0.053998
721 0.019159
650 0.119286
678 0.543349
87 0.915193
782 1.231807
914 0.992982
752 1.204867
1229 0.382505
693 0.627288
352 0.210577
315 1.619026
1397 0.929117
564 0.751158
273 0.778500
274 1.291371
479 1.706100
1379 1.544495
1134 1.003003
717 0.406101
1180 0.588631
1332 0.014669
575 0.094437
795 0.787825
637 2.648897
720 2.952189
644 4.897653
212 3.747093
271 1.004275
1351 2.549511
