864 0.245283
1 0.696202
1185 0.254034
82 5.644795
531 0.743326
744 0.727360
619 0.723652
24 0.501496
1395 0.048121
770 0.373286
898 0.383702
370 0.239558
502 0.499250
1136 0.058990
607 0.016940
878 0.783590
153 0.553899
235 0.445444
1178 0.336912
1253 0.171265
1005 0.598260
209 0.495565
411 0.079114
761 0.143473
341 0.029562
1128 0.081733
1162 0.169450
1367 0.152948
223 0.097732
1032 0.765299
11 0.859858
91 0.687716
99 0.067575
1246 0.011572
490 0.395458
280 0.638050
308 0.325009
517 0.719815
852 0.830701
862 0.480534
20 0.840901
1267 0.298433
552 0.699167
312 1.337953
1348 2.194808
863 2.127417
505 1.115355
145 0.922307
206 2.703476
873 1.391532
354 0.012209
244 0.069437
1117 0.045064
659 0.070717
693 0.051730
200 0.014948
986 0.039612
