1288 0.287231
304 0.337073
892 0.091831
658 0.046300
93 8.346498
746 0.315666
491 0.117934
71 0.179679
1260 0.071835
556 0.260335
646 0.045666
678 0.557762
1332 0.534236
1171 0.565311
680 0.370018
773 0.273386
368 0.377356
215 0.236084
15 0.007201
686 0.240074
89 0.316024
126 0.209002
711 0.376193
461 0.124736
53 0.041208
924 0.945495
220 0.004152
929 0.394071
462 0.275240
1337 2.102348
1102 3.633337
947 1.735190
528 3.805282
582 1.793023
493 3.723222
1139 2.413986
1343 4.412943
186 3.958290
504 2.517420
1364 0.945560
1263 4.642999
1200 2.621032
365 0.013103
1118 1.091582
735 1.114178
203 1.484596
1211 0.835282
425 1.047335
1380 0.769716
