137 10.418385
745 0.007142
339 0.155605
1039 0.072404
1076 0.121079
769 0.217995
614 0.002885
59 0.132258
1057 0.032169
626 0.299258
660 0.032441
702 0.152773
707 0.230969
515 0.058503
128 0.163265
254 0.031060
625 0.616562
1131 0.049647
366 0.594068
1243 0.043066
1235 0.571854
724 0.067614
169 1.584456
844 0.018501
1298 0.014476
1054 0.017221
63 0.015943
972 0.007127
148 0.009988
296 0.437540
746 0.041034
1237 0.224300
452 0.195455
793 0.237584
1355 0.398214
160 0.225077
201 0.198707
764 0.462958
184 0.354279
1013 1.787960
1284 1.769929
740 0.877690
467 1.073932
126 1.434951
903 1.890423
465 0.194739
923 1.604430
1196 1.315634
79 1.317903
575 0.959029
202 0.576662
1278 1.726998
401 0.374460
1001 0.720022
141 0.620925
703 1.204153
377 1.482360
946 2.701770
321 1.844403
86 3.018032
582 2.703239
892 1.859168
777 1.576863
778 0.336068
652 0.843561
839 0.901496
175 0.526412
697 0.464537
75 0.053188
800 0.468561
418 1.352479
699 1.382939
684 0.860525
1210 0.254981
327 0.843803
1016 0.047457
930 0.782274
651 1.108306
833 2.650392
110 0.178369
607 1.862468
1000 0.233820
564 0.647946
1327 1.374492
