839 21.707302
264 0.005831
1108 0.077814
784 0.043126
893 0.012550
507 0.056662
442 0.052256
69 0.046335
467 0.767673
277 0.514384
756 0.730093
185 0.698619
1037 0.014225
401 0.555415
352 0.389444
529 1.042338
1365 6.967230
126 1.434899
88 0.144635
343 0.820467
895 1.615791
416 0.827620
273 0.131440
686 0.028151
576 0.067193
154 0.037266
205 0.181667
1062 0.024969
447 0.107721
824 1.290028
311 0.053382
704 2.259481
1369 1.562934
556 0.399401
878 0.606832
483 1.022595
1019 0.488938
280 0.213334
606 0.884430
1195 0.960856
1289 0.224218
1249 0.917530
721 0.534504
1241 1.233959
1017 0.266419
1121 0.228529
862 1.322048
1122 1.168725
947 0.373975
728 0.834264
266 0.889229
955 0.671803
1162 0.887292
1311 0.891382
766 0.448724
177 1.065875
736 0.648856
778 1.283848
652 3.222574
137 0.901496
175 2.011002
697 1.774627
75 0.203189
800 1.789996
1059 1.676693
953 2.737406
485 1.679222
307 0.348545
586 1.983684
808 1.621970
1357 0.713671
241 0.836350
1025 0.304404
1147 0.424320
1339 1.089511
829 0.969857
1371 0.781050
1191 0.382862
832 1.265902
466 3.321266
831 9.559270
322 1.202874
708 3.420987
985 1.986098
426 0.145764
1133 6.180102
1269 0.453511
938 1.421270
1137 3.119857
