704 0.887791
748 0.470542
471 8.307682
672 0.791262
502 0.855799
982 0.589357
133 0.836460
161 0.450159
931 0.002328
231 0.881889
470 0.661348
793 0.060722
776 0.203728
171 0.006796
237 0.565958
495 0.580240
1391 0.208178
551 0.613608
79 0.709868
950 0.110013
212 0.261213
262 0.390416
281 1.414975
121 1.412151
1146 0.816741
1012 1.323963
860 0.443431
726 0.994516
368 0.845524
1171 0.420245
321 0.440474
527 0.579124
1102 0.457230
492 1.004817
201 0.336426
708 0.932750
1281 0.153473
1328 0.428076
1365 0.579720
430 0.578549
343 0.135264
580 0.543117
1001 0.328079
533 1.320235
484 0.319702
1240 1.516618
33 1.137793
441 0.233899
130 1.208375
1272 0.831770
861 4.630812
881 5.601433
880 1.196633
1030 2.711218
358 0.233623
936 3.939164
1283 2.829404
