501 0.325244
382 0.046787
1250 0.198755
864 0.015449
692 0.144575
189 0.020918
332 8.018782
115 0.207657
1274 0.200120
1075 0.314030
643 0.110142
255 0.009849
1223 0.357025
425 0.171379
206 0.567717
705 0.677389
236 0.626491
1203 0.046104
833 0.400034
196 0.625056
446 0.040680
785 0.008083
1278 0.371591
20 0.559848
1377 0.658966
1044 0.861425
782 0.935527
880 0.353569
618 0.918847
750 0.308469
1392 2.537057
476 0.033977
205 2.372221
666 0.562170
734 0.261212
784 1.684391
175 0.055762
1103 0.249212
411 3.226531
972 1.020125
616 2.986162
150 0.116795
1016 1.900315
828 1.471152
615 1.262705
824 0.081764
1261 0.828212
753 0.249067
1350 0.777184
