1099 6.424953
656 0.226288
924 0.246589
805 0.159398
30 0.054982
542 0.289494
1132 0.159169
37 0.184034
907 0.001596
386 0.085506
1210 0.109355
84 0.114826
237 0.148731
1161 0.062211
52 0.080678
284 0.103813
260 0.339679
123 0.366739
10 0.159542
725 0.050020
1001 0.369011
151 0.225773
855 0.083564
745 0.012336
376 0.054477
874 0.444235
506 0.073976
886 0.015800
246 0.049811
301 0.004225
1029 0.008141
455 0.001018
383 0.004108
1350 0.008060
818 0.004952
1083 0.808735
680 0.827197
1307 0.666544
558 1.771532
849 2.653131
1042 1.237664
878 1.939099
624 0.331875
191 0.715120
173 0.385406
1204 0.350005
357 0.304093
1100 0.216030
1041 0.431638
475 0.708344
39 2.973892
943 1.574039
348 2.891298
768 2.815927
1220 1.575873
27 1.851524
642 1.701715
220 2.122581
617 2.369400
395 0.046501
310 0.391623
1219 1.288874
