733 0.767530
767 6.837388
1030 0.950564
341 0.104169
198 0.886263
1081 0.741029
500 0.933281
299 0.612721
716 2.096721
738 0.555999
545 0.522302
261 2.010392
785 1.192563
1378 2.064331
760 1.083336
1256 0.583775
358 1.700827
547 2.462842
49 2.182266
344 0.034623
289 1.195087
766 1.251488
1290 0.500059
676 0.245410
169 0.002137
660 1.407780
748 0.004287
1345 0.013883
811 1.659415
1134 1.110531
302 0.331009
1051 0.298236
1193 0.065243
756 1.440522
1199 0.984880
793 0.816948
1175 0.554765
482 0.293411
1025 0.997130
524 0.198343
384 0.591464
737 0.723159
816 0.561275
1303 1.497126
1396 1.289454
661 0.328448
75 0.453205
1048 1.383339
899 0.370031
893 0.961828
