1351 1.091632
115 0.060411
261 0.181415
1012 0.193192
995 0.377593
271 15.275528
914 0.569718
11 0.497488
135 0.050409
1311 0.060852
858 0.060772
102 0.027406
204 0.008985
189 0.004925
113 0.032089
237 0.967214
935 0.019977
906 0.358098
304 1.164971
999 0.130148
249 0.276868
155 0.626907
195 0.166689
37 0.039802
78 0.020830
1193 0.537026
815 0.594034
112 0.161244
162 0.403570
54 0.337194
912 0.051346
716 0.727006
959 0.560723
1034 0.764484
879 0.127284
469 0.526529
215 0.172658
1038 0.962386
700 1.542959
5 0.616475
809 1.217615
18 0.274526
802 1.387530
821 1.004209
1239 1.342600
1163 2.200067
749 4.578700
1234 2.051772
1139 1.947740
864 1.504430
86 2.378774
964 3.088599
488 3.485953
1313 0.445494
339 1.861862
765 3.490914
910 2.006578
470 3.329389
260 2.467141
1146 1.192999
663 1.983984
953 1.032228
1129 2.518120
637 0.942388
763 1.004275
720 1.050289
509 0.515275
644 1.742420
212 1.333090
