14 0.112121
151 0.299526
852 0.319610
800 0.211529
520 0.540091
1148 0.543984
997 0.144350
110 9.240975
550 0.084220
52 0.272233
214 0.128611
943 0.390345
1239 0.098535
911 0.273487
129 0.208000
267 0.786044
680 0.947071
784 0.122706
1235 1.208251
625 0.042845
807 0.163237
438 0.899017
1381 0.500286
321 0.259332
1158 0.216837
306 0.739498
954 0.235515
939 0.604703
622 0.557366
17 1.394456
1345 1.462928
352 0.614371
1196 1.537445
1086 1.606097
1015 0.816377
827 0.009234
816 0.278337
420 0.263938
838 0.263172
480 0.354672
942 0.040147
1255 0.243842
1308 4.068359
1003 0.276093
750 3.916798
341 3.180038
1023 0.015595
895 2.487979
1264 3.519818
651 0.231620
833 0.553894
607 0.389229
137 0.178369
1000 0.048865
564 0.135412
1327 0.287249
