267 0.037524
990 0.255518
958 0.409179
47 0.184507
70 0.385246
1263 21.562380
88 0.110922
199 0.207803
1098 0.913248
886 0.557792
87 0.078803
785 0.949506
225 1.335127
536 1.409690
510 0.900350
919 1.677190
437 1.173717
1071 0.459743
1342 1.059334
1117 1.410020
686 0.239609
519 0.980733
262 1.391430
1086 0.982020
1328 1.402456
1305 2.601593
347 2.672308
1051 1.449121
884 2.104925
399 1.781896
922 2.819629
159 1.978218
1155 4.067713
80 1.279718
956 5.046576
1054 2.748646
1343 5.357361
186 4.805406
924 0.517013
504 3.056175
1364 1.147920
93 4.642999
1200 3.181961
833 1.546951
1314 1.496676
916 3.002469
1047 2.789597
501 2.316770
7 0.480041
1204 1.514321
1317 3.416813
439 2.493670
37 1.869622
360 1.006962
216 3.904507
563 2.987082
1219 3.869154
