729 0.615883
647 0.280942
582 0.310908
330 0.505230
891 0.049341
1151 0.395572
292 0.380223
153 13.640014
878 0.622057
235 0.353618
1178 0.267459
82 0.553899
1253 0.237126
1005 0.474931
209 0.393406
27 0.252255
295 0.248367
1029 0.648673
186 0.662484
232 0.584109
1335 1.254595
434 0.688488
1044 1.242113
557 1.518658
1046 1.341093
1072 1.797585
454 0.800607
1143 0.125353
524 1.066264
586 2.177799
883 0.475609
48 0.433590
660 1.490792
1062 2.722429
1313 0.554512
555 0.780558
303 1.121004
1116 0.917457
485 1.212267
628 0.050065
234 0.932460
700 0.847424
803 0.608291
444 0.703137
156 0.602789
230 0.735686
782 0.478265
709 0.564891
1244 1.195551
846 0.620034
336 2.066838
838 0.531484
365 0.089152
601 0.675744
459 1.602279
1060 1.122653
28 2.442893
1246 1.099819
860 2.392062
1017 0.097755
403 2.385104
853 2.000056
655 1.550658
879 2.181709
280 3.263971
86 0.020139
1377 4.869593
1148 3.795474
1074 2.534668
21 0.592988
1032 0.636459
1078 0.335198
119 0.544660
1002 1.006537
226 0.109230
1141 0.106652
1239 0.110666
539 0.109773
1247 0.146638
594 0.054750
621 0.863417
769 0.389705
1040 2.283230
591 0.286138
667 1.796859
1318 1.700261
418 0.143524
161 0.298627
727 0.076297
912 0.555670
1150 0.493458
634 0.529905
1349 0.311260
