1288 0.294318
304 0.345390
892 0.094097
658 0.047442
93 0.117934
746 0.323455
491 12.195031
71 0.184112
829 0.646254
460 0.217589
280 0.507048
744 0.249294
870 0.523103
262 0.309185
427 0.375090
979 0.860044
1356 0.525337
1387 0.197063
750 0.646121
352 0.625363
552 0.546974
16 1.103606
1189 0.331010
608 0.144588
1364 0.021832
1121 0.450510
694 0.182551
50 0.079277
538 0.247215
63 2.925618
1305 3.016693
414 2.725271
131 2.158982
1068 0.672757
565 3.861663
959 1.940489
382 3.604104
866 0.901409
124 1.511064
1097 3.216110
343 2.043246
947 0.367724
968 1.842294
530 2.392810
1172 1.329050
182 4.913420
371 4.509360
1345 4.904925
251 2.169401
1120 2.794631
1153 0.445794
1098 1.014350
1185 1.438660
42 1.125128
37 0.530901
45 0.241748
1300 0.785598
