254 0.917474
625 1.171467
1131 0.094329
366 9.154162
1243 0.081826
1235 1.086522
724 0.128467
137 0.594068
1260 0.019666
1225 0.891194
929 0.058661
942 1.030386
426 0.384696
1239 0.249269
183 0.617388
1167 0.026270
1389 0.249850
1139 0.274428
32 0.230216
629 0.153668
541 0.176695
303 0.162435
417 0.561708
414 0.150937
668 0.000664
708 0.226617
566 0.685154
1211 0.488119
510 0.288260
1222 0.858249
1340 0.774681
57 3.133535
1317 0.602221
152 0.066000
791 0.471648
150 0.769654
208 2.515184
1395 0.422582
333 3.009153
1311 2.862506
1031 1.688116
918 0.265546
938 0.364820
950 0.584729
1351 1.215141
554 0.823881
746 0.934701
1046 0.978774
1366 0.449058
1384 5.156457
1 4.457461
1335 4.748291
1202 5.364106
307 4.761470
1321 2.709987
