467 0.265894
1149 0.260497
913 6.873798
688 0.111579
339 0.154509
690 0.185640
991 0.126108
65 0.346177
1212 0.575377
613 0.345287
586 0.401676
87 0.861742
967 0.188854
1054 0.107645
140 0.831473
128 0.061090
770 0.136452
481 0.046146
1150 0.244830
1189 0.003040
470 0.138030
1305 0.448486
537 0.502151
610 0.220437
1196 0.744334
776 0.214817
475 1.009778
52 0.094030
308 0.079220
1253 0.063440
1132 0.016065
188 0.044679
728 0.082629
493 0.048679
697 2.337633
1096 0.829230
208 2.221746
286 0.374030
359 2.088056
1182 0.747104
858 1.503504
519 0.715686
1153 0.458922
348 0.153618
1024 0.230854
1222 0.685310
1352 0.469679
862 0.374726
861 1.409194
1335 0.983129
1123 1.134687
528 0.933605
1139 0.566592
56 0.876258
891 0.950330
240 1.814409
203 2.155222
727 1.919506
1367 0.559059
552 1.556847
1017 0.059277
258 0.012670
699 0.029305
88 0.130699
494 0.093687
938 0.048903
941 0.095721
