1340 0.120024
1021 0.516371
282 0.340094
1042 0.403667
949 0.737043
432 4.031278
552 1.492863
97 0.414003
387 0.035894
37 0.120295
23 0.079078
831 0.063406
68 0.018338
711 0.083840
215 0.062210
770 0.323155
917 0.058351
310 0.496665
4 0.691928
522 0.497159
247 0.435388
971 0.085002
727 0.090301
476 0.063255
85 0.133595
910 0.045838
563 0.094579
420 0.080294
1 0.245080
288 0.368673
561 0.144930
194 0.127950
437 0.107043
1198 0.946735
771 0.839653
635 0.611701
479 0.541607
1139 0.598428
1319 0.301327
897 0.548814
55 0.511783
701 0.328016
84 0.817313
448 1.247706
57 1.088556
447 1.137703
173 1.006913
868 0.161125
1270 0.767741
338 3.323065
147 1.835474
705 2.025440
267 3.385734
50 3.549623
1124 1.328937
1355 2.142037
