977 0.147755
517 0.243983
858 0.029565
894 0.183026
624 9.222890
76 0.078080
268 0.243185
195 0.144571
1304 0.137805
817 0.280838
223 0.048157
129 0.190686
1395 0.171514
163 0.004911
245 0.152530
81 0.027199
527 0.314885
832 0.336268
951 0.485443
1043 0.425314
866 0.234279
469 0.259373
477 0.066699
1255 0.764899
114 0.045947
512 0.709164
1250 0.575279
143 0.191694
911 0.871840
191 1.761619
173 0.949405
1099 0.331875
1204 0.862199
357 0.749100
1100 0.532165
1041 1.063291
236 0.722242
1006 0.690661
770 0.773208
417 0.344055
618 0.942882
679 1.866052
1049 1.121732
414 2.793011
1074 2.271723
371 1.784297
812 3.513590
192 0.546017
813 2.023503
1231 1.857409
784 3.546123
981 2.976186
204 3.544287
1129 0.552787
288 3.025233
1080 2.062342
1238 1.785799
641 2.847605
1267 0.509627
810 4.491770
1219 1.024545
646 0.159494
643 1.237451
1251 2.448937
