782 0.500022
466 16.593266
1094 0.530799
1304 0.118731
1313 1.007091
46 1.004120
1257 1.700979
441 0.928349
1160 0.907122
1369 0.721244
1256 0.693015
1184 1.070790
282 0.015778
593 5.439924
1149 0.459022
661 0.062626
488 0.461614
632 0.679878
510 0.428279
1224 0.366352
949 0.575789
752 0.375848
904 2.340647
1121 1.730038
19 1.273470
1167 3.063510
89 1.794834
667 1.204905
823 1.920719
1191 0.406576
832 1.344310
831 4.129433
322 1.277379
839 3.321266
708 3.632879
985 2.109115
133 0.508223
820 0.292535
932 0.449974
603 0.018116
626 0.543958
120 0.370901
1079 0.325765
194 1.013735
841 1.396258
1158 1.773520
772 2.726374
424 3.252878
1026 0.108281
1113 2.339400
310 0.241932
251 0.401634
704 2.708980
1179 1.279403
453 3.925472
1218 2.466245
