1155 0.042713
570 5.066229
1129 0.012205
1069 0.016753
1357 0.062951
1121 0.015496
859 0.007982
28 0.033674
745 0.276997
462 0.213847
1152 0.046478
1100 0.080971
498 0.215387
893 0.100431
189 0.143787
779 0.016672
768 0.115680
51 1.221902
1396 0.181820
557 0.475014
621 0.733363
960 1.189937
801 0.364270
1213 1.269644
266 1.364877
1371 0.930333
81 0.768882
748 0.724084
648 2.216425
393 1.050181
1040 2.177706
739 2.091387
861 1.863937
708 1.480348
764 1.558889
1047 0.779126
480 0.778608
313 0.936172
956 0.393187
926 0.102476
816 0.887308
848 0.668446
1046 0.018527
1112 0.012511
1105 0.023167
972 0.028714
238 0.008910
875 0.023136
1242 0.555358
927 0.096934
1321 0.655000
1241 0.200699
668 1.225010
1153 0.545308
920 0.770529
654 0.268662
953 0.221721
421 0.085050
558 0.251055
1356 0.003954
1258 0.143923
