1088 0.858635
1108 0.176348
262 0.633570
1231 0.531291
361 0.196871
479 9.493736
814 0.229294
221 0.445935
1257 0.685272
89 0.141385
541 0.078177
1294 0.058669
231 0.598184
751 0.841103
1068 0.503807
635 2.434293
432 0.541607
1139 2.381474
1319 1.199147
897 2.184033
55 2.036667
701 1.305357
352 0.410383
315 5.187331
1397 1.810711
564 1.463896
273 1.517180
274 2.516691
763 1.706100
1230 1.497174
1346 1.546353
773 1.841791
104 2.025111
257 1.963295
396 1.584914
867 1.256593
1370 1.664310
906 1.367402
254 1.908377
1220 2.349205
700 0.534735
993 1.333104
