438 2.162419
1014 0.362838
1020 0.577450
305 0.412369
1362 0.080271
1389 0.051817
754 0.544974
244 0.426033
267 0.062123
680 0.540378
784 0.070013
1235 0.689402
625 0.024446
110 0.899017
807 0.093139
653 0.009402
22 0.019907
469 0.026005
127 0.009101
1309 0.050299
1225 0.005395
561 0.028084
317 0.713553
313 0.203895
441 0.245967
1220 0.724540
600 0.076339
1367 0.224749
563 0.452991
947 1.050810
765 0.009733
120 1.164096
1119 0.324025
713 1.230656
1167 0.498431
595 0.672525
88 0.704050
644 0.034547
553 0.427794
652 0.352009
749 0.062107
776 0.192770
740 0.361010
