1045 0.335658
1093 10.652731
1059 0.908697
950 0.349231
297 0.134731
499 0.871380
906 0.837277
102 0.470757
1217 1.418148
874 0.330926
251 0.048231
1184 0.569005
1292 0.219487
977 0.448205
418 0.363557
723 0.660133
397 1.181036
738 1.370041
88 1.379932
744 1.284049
917 0.881690
1041 3.032226
892 0.952383
1281 1.779365
127 3.808154
698 2.189866
776 1.245603
1022 2.094152
862 2.658523
296 1.545552
1119 0.509112
1271 0.912276
1267 1.707200
699 0.692441
325 0.452352
549 0.183264
1245 1.328719
120 0.417703
688 0.849349
1075 0.670224
407 2.341273
578 2.040949
1266 4.867173
503 2.296851
85 4.902221
1259 1.575017
409 0.441005
1307 2.514338
633 0.015619
177 0.141504
172 0.080429
995 0.194389
212 0.203504
1319 0.010260
1334 0.165642
314 1.092449
796 0.837488
122 0.644764
1160 0.724043
1279 0.713294
289 1.566690
1346 0.796535
