558 0.118338
983 0.158322
12 0.143257
161 0.010814
1386 0.054136
238 9.240562
531 0.109491
194 0.163726
365 0.548919
77 0.474265
940 0.299850
782 0.451121
1065 0.316180
498 0.402495
226 0.306909
1276 0.608199
630 0.359531
441 0.101213
371 0.056090
576 0.518097
758 0.510010
480 0.697143
870 0.250634
822 0.151841
1035 0.157290
1240 0.174605
1106 0.015443
302 0.229952
511 0.268328
686 0.665819
634 0.820569
265 0.098526
1353 0.650123
303 0.406591
339 0.465586
442 0.158164
163 0.669387
1029 0.532140
1296 0.456744
613 0.342423
1113 0.454158
355 0.469718
306 1.289778
191 0.957893
1228 0.843407
281 0.521043
779 0.149154
328 0.479745
465 0.675401
894 0.054519
526 0.048771
346 0.039405
525 0.043240
234 0.029316
174 0.044099
691 0.040817
1046 0.324572
570 0.008910
557 0.293119
1112 0.219171
1105 0.405859
972 0.503026
875 0.405317
520 0.512120
676 0.169597
555 0.015713
1060 0.077111
1253 4.320672
215 0.288249
928 0.394493
527 0.380164
770 1.331110
313 0.394377
341 1.293356
243 0.562738
474 1.530780
1005 0.938556
584 0.689905
950 1.121077
1096 1.120821
1237 1.404721
94 0.892778
1376 0.930268
1082 0.810883
1202 1.707011
1086 1.382133
1127 2.315999
237 2.218950
1232 2.147974
236 2.004933
1110 1.408335
373 0.546774
35 1.853843
1094 2.182604
295 4.299550
445 2.984753
1298 2.857401
