568 0.415308
652 0.851118
117 0.058532
644 26.175228
709 0.204723
667 3.033819
156 0.624217
98 0.467655
565 0.224288
952 0.337619
1241 0.357633
414 0.158469
108 0.292245
801 0.131043
393 0.244729
1012 1.272287
73 0.880816
753 1.430728
1336 1.566458
1035 1.385931
1365 0.421323
566 0.927043
485 1.289699
507 1.468945
524 0.050671
409 0.649227
394 1.421509
1033 1.161105
635 0.809340
1044 1.060221
847 0.026818
234 0.657658
679 0.557492
552 1.283400
68 0.050065
1054 1.379366
88 0.157316
438 0.034547
553 0.095588
749 0.013877
776 0.043073
740 0.080666
256 0.028277
737 0.306352
289 0.534618
627 0.221828
863 0.505036
1090 0.228267
756 1.897262
12 0.526289
296 0.150130
527 0.577122
963 0.113380
1128 0.447381
1061 0.324562
930 0.417597
1341 1.540704
889 1.051129
898 1.450475
1066 1.821551
367 2.144921
224 3.686238
139 3.538921
476 4.530858
258 1.988314
659 2.885371
1125 2.478300
640 0.583250
561 0.810525
1062 0.867275
592 0.071243
227 0.565686
686 0.605624
1143 0.439928
637 4.595842
763 4.897653
720 5.122055
509 2.512893
212 6.501215
271 1.742420
1351 4.423407
244 3.784294
54 2.217365
1151 1.795543
959 7.437432
111 2.012107
599 0.455167
1388 4.239021
