1155 0.171268
140 0.276750
1273 0.327455
781 14.003553
761 0.012531
828 0.231839
818 0.113697
3 0.196325
161 0.244225
688 0.224779
1249 0.069625
812 0.057052
651 0.118825
1075 0.238178
143 0.125378
864 0.042960
488 0.035137
1344 0.046829
621 0.000163
744 0.010771
594 0.055179
167 0.029165
1190 0.709219
627 0.286047
1319 1.384542
364 0.034339
1267 1.055474
1383 0.158660
233 0.508777
600 0.343686
1342 0.975035
547 0.280553
1162 0.943479
343 0.655464
1318 0.148688
1101 0.035455
1284 0.654336
1196 0.129173
1236 0.037460
571 0.004757
513 0.344009
144 1.721997
1074 0.663452
896 1.154582
923 1.469634
617 0.786590
154 0.792069
435 0.988180
369 1.249335
861 3.008458
207 0.316846
44 2.753932
1057 3.367076
15 2.005821
945 2.122975
713 0.548282
1382 3.533593
193 5.848081
315 4.946595
100 6.315148
1394 3.027551
1292 3.875975
