853 7.511573
956 0.842077
490 1.084456
689 0.786883
1375 1.441561
292 0.206769
958 0.900660
265 0.748924
872 0.051698
321 0.081415
1082 0.090321
101 0.004485
1336 0.079143
286 0.034308
373 0.053321
128 0.805061
363 0.848858
890 0.375583
915 0.524512
214 0.482722
1014 0.566967
558 0.430709
774 2.102594
992 0.453092
924 0.810384
1090 1.541548
1187 0.499016
468 0.765897
626 1.197753
449 0.001874
616 0.012489
1044 0.005828
1138 0.012596
756 0.003851
681 0.000971
679 0.006333
65 1.045747
543 0.883888
1374 1.360280
694 0.094111
1316 1.583772
710 1.270780
1392 1.739299
28 3.186259
1246 1.434491
860 3.119959
1017 0.127501
403 3.110884
153 2.000056
1062 1.932448
1038 0.196203
1298 0.129649
103 0.394842
562 0.301186
201 0.176645
588 0.573914
1070 0.337398
