210 0.132344
1105 0.025886
302 6.245604
969 0.049347
341 0.062382
71 0.088839
629 0.099406
171 0.083490
870 0.447036
822 0.270826
1386 0.040974
1035 0.280546
238 0.229952
1240 0.311428
1106 0.027544
120 0.442783
600 1.187238
527 0.358982
429 1.562531
798 0.460317
944 0.164305
481 1.094111
1000 0.841113
1123 1.721179
726 0.864035
326 0.919952
1128 1.573958
605 1.614221
492 0.987746
74 0.131876
583 1.337973
858 0.404801
956 0.660779
873 0.440620
808 0.579453
718 1.192340
1134 0.506567
1051 0.136040
767 0.331009
1193 0.029760
756 0.657092
1199 0.449252
793 0.372649
