1155 0.619711
570 0.062951
1129 0.177083
1069 0.243057
1357 9.671975
1121 0.224828
859 0.115806
28 0.488572
95 0.445822
1079 0.039657
473 0.294003
225 0.074590
682 0.413686
1185 0.463239
84 0.294560
182 0.002747
1326 0.064804
435 0.045669
884 0.112252
653 0.130548
42 0.061319
250 0.144014
421 0.170100
112 0.253971
801 0.396553
941 0.401586
1280 0.690666
606 0.580367
321 0.482880
36 0.468762
170 0.912390
1392 0.173692
545 0.807254
241 0.817122
1085 0.165374
333 0.561335
1350 0.246145
230 0.613945
962 0.373891
417 0.270643
1276 0.027994
1164 0.075669
376 0.251600
816 0.331535
917 0.427531
633 0.333273
1132 0.470390
109 0.021758
291 0.989883
527 1.119061
264 0.189764
480 0.154350
296 0.092255
1022 0.044263
317 0.018653
707 0.128716
1025 0.218996
1147 0.305267
1339 0.783824
829 0.697742
1371 0.561908
839 0.713671
525 0.257479
345 3.609853
540 0.655975
453 3.119944
558 1.693135
818 0.666416
1340 2.134356
621 3.606798
688 1.195742
1051 0.757574
119 1.692645
1384 1.647418
1246 1.031154
1014 3.068793
