94 0.112352
603 0.283449
1068 0.607828
643 0.298653
506 6.085128
1054 0.131852
26 0.113695
114 0.530196
855 0.931969
745 0.137583
376 0.607569
874 0.640742
886 0.176217
1099 0.073976
246 0.555532
1012 0.137422
649 0.845037
282 0.551372
410 0.197636
683 0.783729
474 0.560245
391 0.490971
1346 0.319282
1224 0.567763
222 0.529050
932 0.086795
403 0.594127
345 0.478938
415 0.413370
895 0.973997
228 0.969029
461 0.998826
1306 0.781334
176 0.100508
1002 0.731862
451 0.898901
1219 0.231248
377 0.314408
1205 0.036449
1023 0.359335
1366 0.186004
796 0.199716
536 0.232848
478 1.136907
925 0.856903
712 0.047060
454 0.577767
218 1.724433
722 1.295014
560 0.938197
58 0.804048
44 0.378447
25 0.964294
1340 1.273558
440 0.495836
999 0.653054
688 1.040645
1085 0.062382
1174 0.077805
1343 0.116325
1289 0.036482
583 0.049958
626 0.133603
909 0.079454
