745 0.212086
570 0.046478
462 0.163735
1152 8.823107
1100 0.061996
498 0.164914
893 0.076897
189 0.110092
529 0.167400
712 0.203562
152 0.176632
73 0.189993
87 0.163821
108 0.045496
374 0.206925
176 0.743493
1073 0.424497
919 0.263480
841 0.620199
612 0.201983
664 1.227134
409 0.668581
270 0.127379
285 0.413839
355 0.558101
1054 1.964342
961 0.148288
751 2.014991
523 1.140190
901 0.815755
1135 0.719033
1119 0.086068
245 0.763716
1227 1.154789
472 1.110542
587 0.783170
605 1.870441
353 1.227171
1323 1.754162
1060 1.484621
495 0.045734
4 0.844216
753 1.123612
218 0.482843
552 0.591052
452 0.653210
84 0.038290
1287 0.537478
1166 1.183807
1132 0.603617
1283 1.955393
657 2.503826
1391 2.217541
65 2.020753
392 0.489572
793 3.106051
173 2.565083
1281 0.047274
1129 0.093914
1278 0.044809
593 0.010775
295 0.079714
1213 0.058150
713 1.718015
526 1.994453
55 0.534569
27 1.103258
274 3.450211
580 2.585423
1393 1.781694
