975 1.124929
1339 0.484900
1328 1.128349
1191 0.606326
1296 0.731209
106 0.704277
493 0.169368
670 11.722580
1183 1.618198
1219 1.975661
756 1.699809
867 1.411323
1058 1.511865
945 0.078676
741 1.061384
1221 0.405912
929 1.351018
917 0.824839
1205 1.366414
702 0.999431
33 0.204021
771 0.960443
578 0.375445
18 1.116662
772 0.182635
168 0.256024
1287 1.040078
871 0.467720
905 0.589301
856 0.711655
203 0.168305
711 0.336481
661 3.315730
1120 0.929824
517 1.996022
921 2.041132
1345 0.714428
1276 0.495665
322 0.740780
1347 0.261637
1158 0.260392
1087 0.422639
1203 0.369782
924 1.263001
1215 0.169277
449 2.948805
1373 1.179482
127 0.929004
1091 1.572095
937 0.473350
1043 0.990446
245 0.850036
1185 0.496305
642 0.922129
89 0.559898
1178 0.498171
610 2.204752
487 3.692889
138 2.465040
252 3.276611
1310 3.146617
1085 3.751776
1243 1.985767
801 1.793960
247 0.046566
406 1.118294
948 2.386522
1131 0.622158
564 2.457716
1332 1.527033
