695 0.241620
1347 0.170161
450 0.034865
394 0.594202
969 0.450345
184 4.322587
277 0.507541
9 0.368359
207 0.936348
1078 0.438553
1249 0.493486
712 0.694670
208 0.383194
212 0.371148
985 0.031407
630 0.720916
782 0.617788
103 0.240296
671 0.163405
270 0.709148
1095 0.752836
239 0.463198
1048 0.164445
783 0.027737
320 0.006642
587 0.688084
1087 0.602118
528 1.025379
443 0.610591
201 0.032840
764 0.076512
137 0.354279
1013 0.295493
1284 0.292513
740 0.145054
467 0.177487
1331 0.559157
513 1.246649
256 2.011206
250 1.834392
1168 0.179102
747 1.129329
872 1.044880
822 0.217148
931 0.425450
39 0.351411
957 0.619087
262 1.501406
950 1.075140
797 0.034692
852 0.113462
731 0.512312
1166 0.113188
1261 0.568936
958 0.303333
