1301 1.223266
1083 0.638590
1184 1.217694
261 0.370203
1245 16.564926
430 1.691801
299 1.388752
601 0.990813
1199 0.385388
422 3.394069
872 1.327035
926 1.193599
1258 0.031908
793 2.762897
854 1.944483
953 0.551323
1292 2.026263
211 2.328027
151 0.897222
283 1.111238
647 2.388868
938 1.261295
101 1.544489
120 3.252700
1281 5.610921
952 6.040048
1032 0.384999
352 6.259245
1171 3.253295
549 0.262817
688 1.218043
1093 1.328719
1075 0.961161
407 3.357595
1217 1.876119
39 3.671376
34 0.405194
26 2.892781
209 1.826819
164 2.285537
1399 2.458343
1398 1.120080
