588 25.023260
845 0.353269
289 0.049975
1044 0.197232
7 0.136236
37 0.369452
666 0.041009
27 0.310175
903 0.002077
63 0.156344
386 0.010106
1240 0.601145
700 0.359846
787 0.530354
144 0.376337
851 0.061662
218 0.460021
135 0.254746
972 0.102436
863 0.456892
614 3.308682
231 0.488279
1239 0.084008
513 0.883371
1009 0.389379
1284 0.446458
100 0.692664
660 0.670010
1279 0.279869
704 0.642889
831 0.417280
1247 0.190763
619 0.333734
1252 3.807436
772 0.603338
731 0.367459
706 1.286596
599 1.852397
732 2.061498
744 1.777445
1059 0.057406
658 1.373814
957 1.094716
657 1.483702
1049 1.841317
503 2.492256
849 0.316719
748 2.047417
1019 1.435381
1187 0.416763
210 3.536405
991 3.084932
54 2.281308
891 1.874655
1056 1.894764
1038 1.434755
853 0.573914
1298 0.948072
103 2.887334
562 2.202460
201 1.291736
1070 2.467265
545 0.683778
307 1.377175
628 0.717472
929 0.454711
122 1.269879
1145 0.792821
762 2.692770
195 2.234495
174 0.109940
1376 1.058374
425 0.643030
561 0.410348
1273 2.429893
373 0.375470
83 0.217565
1096 0.653270
460 1.109467
694 1.300595
1339 0.715248
328 6.171168
492 8.324839
1062 3.113567
1237 0.291758
1373 6.622096
397 0.800224
1400 4.980949
