944 0.530974
44 0.903834
243 0.588361
411 0.800886
1214 7.559513
1006 0.112570
1255 0.829840
32 0.481897
1219 0.149293
1053 0.685437
149 0.624895
229 0.556980
66 0.518316
128 0.634094
170 0.368379
385 0.828008
548 0.257330
513 0.607028
725 0.782361
736 0.779246
437 0.908231
504 0.579209
592 0.556023
1117 0.251152
1173 0.420649
246 1.018479
870 0.713414
632 0.310935
508 0.570267
751 1.236048
325 0.415960
239 1.253467
228 0.476981
377 1.239262
614 1.233043
888 0.657483
6 0.454681
704 1.736264
630 2.581432
923 3.224305
865 1.445696
132 1.544927
956 3.073490
27 2.967034
705 1.609585
430 1.777474
536 2.014289
568 1.027498
1353 2.576650
