137 0.007142
745 21.062547
339 0.017474
1039 0.008131
1076 0.013597
769 0.024480
614 0.000324
59 0.014852
1069 0.049089
1155 0.043121
949 0.025978
34 0.035142
404 0.048899
192 0.025375
62 0.033143
570 0.276997
462 0.975810
1152 0.212086
1100 0.369479
498 0.982839
893 0.458281
189 0.656117
855 0.155413
376 0.101317
874 1.275046
506 0.137583
886 0.029386
1099 0.012336
246 0.092639
1374 0.168965
1238 0.736468
1226 2.215092
991 0.353148
1168 1.887515
868 2.610959
685 1.445950
92 2.104735
139 2.479955
1381 2.594510
162 2.551222
633 1.107805
808 1.170403
711 1.581685
658 0.362842
1390 0.566490
440 0.815380
560 1.636811
1187 1.024384
1394 0.472164
757 1.165285
1365 0.220257
1375 0.118364
249 0.482754
512 0.565750
761 0.643630
519 2.353415
214 2.052130
982 1.919235
452 0.416253
216 1.480190
1324 2.117278
787 1.299867
435 2.658635
194 0.390871
29 1.397947
1136 0.403289
608 2.577531
1047 0.190459
990 1.378897
1346 0.198773
756 1.078391
317 1.767197
371 2.371041
618 2.939934
511 1.608888
1052 1.685747
121 3.314774
1337 1.044330
99 1.624045
748 2.520921
702 2.401862
50 0.707471
1119 2.514153
17 2.532772
1159 0.816996
1368 5.369589
647 2.743353
645 4.607444
752 2.723003
1387 2.808769
