1000 0.249128
310 0.174023
1156 0.214011
809 0.157184
1126 0.009196
172 7.737163
1124 0.215098
124 0.135971
1229 0.612693
688 0.140562
8 0.416577
434 0.647069
861 0.433055
396 0.024027
433 0.471751
877 0.404430
822 0.070142
1092 0.463561
763 0.466213
672 0.228507
700 0.205831
201 0.237974
252 0.907568
508 0.134345
1010 0.127961
561 0.496711
636 0.124919
148 0.780886
213 0.505088
908 0.616487
701 1.300871
1057 1.149363
820 0.221958
18 0.419595
1232 0.883061
442 0.692853
1393 0.113407
548 0.332262
609 0.148238
815 0.642899
1372 0.237763
70 0.044462
460 0.345164
562 0.088135
840 0.051480
68 0.138971
159 0.173699
1086 0.059976
1058 0.181288
794 0.093171
633 0.102520
177 0.928802
995 1.275924
212 1.335751
1093 0.080429
1319 0.067347
1334 7.807077
579 5.566700
1075 0.908569
27 1.076843
458 5.695875
47 3.665440
1369 3.364077
