981 7.254747
1392 0.132055
720 0.080218
540 0.068170
1298 0.034431
361 0.066337
532 0.187979
26 0.103032
1258 0.136796
691 0.036253
656 0.247314
1340 0.293239
96 0.096868
250 0.237783
45 0.155530
681 0.714815
637 0.961840
46 0.184410
253 0.951331
667 0.103260
1137 0.042984
402 0.483450
182 1.609151
976 1.121223
44 2.225494
1057 1.930650
774 0.276126
221 1.354061
233 1.314106
378 0.495208
573 0.433247
918 0.491247
1293 0.169537
1073 0.243415
605 0.467424
1028 0.322242
784 6.327911
204 6.324636
1129 0.986427
288 5.398405
1080 3.680165
624 2.976186
1238 3.186684
