467 0.138285
1149 0.135478
913 0.111579
688 12.112196
339 0.080357
690 0.096547
991 0.065586
65 0.126956
161 1.102742
1249 0.314377
812 0.257604
651 0.536529
781 0.224779
1075 1.689834
143 0.566115
220 0.257855
207 0.096291
361 0.774638
682 0.707469
377 0.298547
320 0.712186
168 0.472410
1229 0.260032
8 0.176799
434 0.274622
861 0.183792
396 0.010197
433 0.200216
172 0.140562
1115 0.010089
1080 0.006940
169 0.007396
1167 0.005588
1297 0.007044
537 0.008503
151 0.098912
440 0.422519
983 0.139193
1217 1.201176
1373 0.134465
1197 0.145609
544 0.078450
441 0.437450
268 1.007800
804 0.400614
698 0.251563
919 0.237665
15 0.197474
585 0.676659
58 0.597907
506 1.040645
44 0.281421
25 0.717069
1340 0.947044
999 0.485624
329 0.913629
996 0.183594
357 0.960982
57 0.116781
586 0.690685
599 0.318107
735 0.821595
997 0.743482
253 0.228242
316 0.601539
847 1.400671
280 0.739017
605 1.391276
742 0.833921
1160 2.370973
360 3.115087
646 0.382197
296 0.554894
1209 2.254821
423 0.612969
965 1.650700
887 0.062092
1336 0.823730
266 0.600960
1029 0.707349
881 0.866026
1177 0.505938
549 0.167999
1245 1.218043
120 0.382910
1093 0.849349
407 2.146256
1327 2.456108
206 2.752714
474 5.277183
1269 4.219043
801 4.925284
368 2.701763
1343 2.784802
621 1.854590
1051 0.389539
119 0.870346
1384 0.847090
1246 0.530212
1014 1.577951
1357 1.195742
