513 0.530065
1234 6.935534
558 0.547226
974 0.210427
214 0.779427
149 0.736883
741 0.224788
61 0.427107
453 0.665916
825 0.792498
797 0.738311
637 0.431093
1051 0.827638
1228 0.541870
210 0.435864
1096 0.340261
1253 0.369262
1091 0.006301
510 0.382025
1154 0.636954
1100 0.129393
406 0.964980
252 0.000425
103 0.000676
998 0.000173
125 0.000001
1090 0.000053
796 0.000362
821 0.940975
1239 1.258057
271 2.051772
1163 2.061530
749 1.375502
1139 5.228718
864 1.409697
104 1.230993
199 3.247270
1343 3.270858
736 0.538160
899 0.241759
573 3.670450
