1082 0.039572
1103 0.171684
404 0.027602
1316 0.218326
275 8.184202
920 0.329182
1009 0.224089
75 1.269257
1344 0.539997
1254 0.454386
323 0.260438
1046 0.714205
173 0.188259
97 0.271964
104 0.493921
1156 0.166945
1169 0.196522
740 0.133988
205 0.118317
600 0.369510
469 0.005378
163 0.203984
1037 0.059278
1347 0.097101
1106 0.095881
74 0.016720
1360 0.038622
313 0.087030
203 0.063271
786 0.073841
733 0.127518
1311 0.571476
799 0.157464
732 0.466566
218 0.678947
1192 0.033649
454 0.550089
1217 0.662778
1071 0.465982
512 0.536172
234 0.651889
727 0.395090
77 1.566278
1211 0.619980
679 2.067056
613 0.066424
696 1.586405
289 2.106769
663 1.168975
1112 0.154689
303 0.113486
387 0.019242
1123 0.145639
747 0.132191
183 0.124641
706 0.108023
783 0.372857
344 1.224568
423 0.512146
935 0.357616
960 0.718713
55 0.057716
779 1.006870
226 0.243793
494 0.278674
371 0.818835
48 0.810529
265 0.071434
121 0.683674
900 0.446401
606 0.747743
530 0.431200
594 0.646047
647 0.535575
660 0.113643
26 0.048429
942 0.861251
632 2.681982
1255 0.175420
165 1.941511
1121 3.749900
952 1.789965
1342 2.744587
1336 1.923343
