1346 0.080103
506 0.086795
1224 0.142443
222 0.132730
932 6.295999
403 0.149057
345 0.120158
415 0.103708
575 0.728079
1168 0.282845
1195 0.935372
1269 0.914997
1202 0.684595
915 1.179904
503 0.752179
1355 1.528409
215 0.781919
1343 0.518766
132 0.186105
437 1.651773
638 1.240694
715 0.975580
258 1.135647
813 0.768706
597 1.611414
1349 1.600540
593 1.894539
708 0.710571
1372 1.239119
706 0.164138
1279 0.568926
191 0.190835
993 0.070357
1368 0.224535
814 0.728934
997 0.427312
133 3.172293
820 1.825988
603 0.113077
626 3.395352
120 2.315139
466 0.449974
1079 2.033404
