910 0.280434
375 0.355847
1351 0.410498
692 0.575912
600 13.955911
1271 0.623116
442 0.003969
17 0.446865
120 0.719611
1045 0.292231
278 0.522197
1311 1.269372
380 0.593937
142 0.024111
30 0.320309
1156 0.483794
275 0.369510
1169 0.569505
740 0.388286
205 0.342873
469 0.015585
163 0.591131
765 0.314384
313 0.332064
917 0.112520
923 0.049740
377 3.376309
418 0.701909
176 0.403071
781 0.343686
1342 0.342223
1267 0.181418
1319 0.152272
547 0.098470
1162 0.331148
343 0.230058
527 0.196013
429 0.853181
798 0.251345
944 0.089715
302 1.187238
481 0.597412
317 0.167249
441 0.057652
1220 0.169825
438 0.076339
1367 0.052679
563 0.106176
935 0.503107
263 1.041789
556 0.815006
1224 0.831092
85 0.627241
1397 0.148016
1346 1.143362
658 0.697000
419 0.583648
236 1.241540
476 0.648959
715 0.553754
696 0.659366
195 1.636897
1101 0.953496
948 0.028180
1183 0.817323
950 1.742543
801 0.914647
123 0.286686
741 0.635895
578 0.489553
1298 0.450265
612 0.271597
535 0.247971
869 0.375270
1047 2.815696
202 2.353409
1226 3.809118
133 0.554936
455 1.669165
952 2.320917
111 2.890039
1155 1.472578
1121 0.483375
926 4.661288
559 4.794531
135 4.907430
1221 2.614282
