1218 8.124325
554 0.820233
1266 0.298997
392 0.684773
608 0.072053
1254 0.165844
34 0.884931
100 0.444210
733 0.150947
283 0.246289
74 0.661216
551 0.346768
1164 0.229312
200 0.650620
292 0.333790
592 1.506774
328 0.504179
169 1.892066
327 0.535080
2 0.461786
708 0.254134
583 0.953790
580 2.591229
75 1.942564
1277 0.494194
1147 0.490945
347 2.826431
265 1.061413
805 1.613314
456 0.042417
1036 0.249211
128 0.346913
1361 1.325251
124 0.326087
579 0.253900
1096 1.175194
310 0.181503
251 0.301314
593 3.320567
466 2.466245
704 2.032336
1179 0.959835
453 2.944974
555 0.987800
194 0.223772
1396 0.728988
84 0.913876
1207 0.487683
709 0.723802
1370 0.759964
