509 11.086079
171 0.307224
881 0.247567
896 0.322346
830 0.217727
1151 0.652901
952 0.017066
2 0.367245
1180 0.010263
579 0.016422
658 0.018062
391 0.037343
846 0.036600
448 0.031913
417 0.020578
70 0.210060
383 0.050711
869 0.143320
699 0.358527
571 0.383046
393 0.368774
422 0.221059
33 1.033078
289 0.736120
538 0.497997
283 0.388484
331 3.314850
640 1.136645
1105 0.343727
412 0.078018
763 2.315774
1360 1.106744
700 0.786099
1017 0.506754
232 0.783477
567 0.782534
132 0.346441
602 0.135446
257 1.884512
1266 2.597009
1075 1.166803
832 1.624333
231 0.118894
1377 2.155525
1332 0.540888
732 0.994750
556 2.754729
361 0.774500
1048 1.877848
657 0.089117
443 2.731477
24 2.475783
724 3.154242
1037 2.934258
533 0.337488
1284 2.467583
637 1.359099
720 1.514713
644 2.512893
212 1.922563
271 0.515275
1351 1.308106
