1229 0.044449
688 0.010197
8 0.030221
434 0.046943
861 0.031417
396 13.965236
433 0.034224
172 0.024027
852 0.242942
719 0.467238
1294 0.304583
1284 0.278322
147 0.567710
595 0.508864
361 0.287736
527 1.780015
263 0.095232
80 0.110515
738 0.633604
1048 0.849735
1361 0.004883
1230 1.560990
1346 1.612265
773 1.920296
479 1.584914
104 2.111429
257 2.046979
867 1.310154
597 0.683897
286 0.078555
662 1.208190
85 1.018981
1030 0.296989
545 1.315587
892 0.694796
335 1.544764
1258 0.456527
1210 0.497121
133 1.438559
1328 0.050225
1057 0.811403
521 6.432561
347 6.067451
717 3.508243
100 1.216610
1021 0.632713
441 7.509057
1360 4.549723
1130 2.016831
501 3.964254
1178 1.279266
1162 1.153411
641 3.219660
1023 4.200166
1398 2.163638
