1082 0.091855
1103 0.398517
404 0.064070
1316 0.506782
275 0.224089
920 0.764102
1009 5.931675
75 0.383237
887 0.897510
489 0.758070
1171 0.299962
1329 0.805167
70 0.365638
1369 0.404698
108 0.560757
440 0.505451
325 0.740697
1126 0.246129
678 0.462823
1377 0.736965
1008 0.626166
229 0.445370
338 0.984029
605 0.751333
15 0.249126
803 0.250933
707 0.480330
363 0.268412
235 0.692208
906 0.121032
1028 0.112703
79 0.218706
48 0.012711
1293 0.203852
696 0.430853
300 0.251777
759 1.008561
809 0.600403
987 0.152179
1189 0.184436
1217 0.235207
318 0.513742
1239 0.049827
513 0.523950
1284 0.212681
100 0.410837
660 0.397400
1279 0.165998
588 0.389379
236 0.877896
385 0.542525
1400 0.593086
1043 0.026079
392 0.531171
1118 0.039447
978 0.476635
1275 2.257572
53 0.568318
1285 0.755799
1024 2.104252
1061 1.589498
1259 2.027741
435 0.862971
