765 0.260027
313 0.235123
917 0.093065
923 0.041140
600 0.403071
377 0.274954
418 0.580550
176 3.157444
209 0.627518
907 0.210530
224 0.146487
1382 0.685427
581 0.460658
254 0.265917
217 0.482541
1152 0.743493
1073 0.345312
919 0.214331
841 0.504508
612 0.164305
664 0.998227
409 0.543865
895 0.170649
228 0.169779
461 0.174999
1306 0.136894
1002 0.128226
451 0.157492
506 0.100508
711 1.398209
668 0.247150
1053 1.877356
880 1.801122
388 1.736795
726 1.470938
729 1.119752
359 0.377243
493 0.381047
808 0.239949
325 0.351531
990 0.134434
316 0.005289
937 0.199467
