1167 0.251918
503 20.815695
878 0.264836
318 0.199315
397 0.389115
460 0.105700
507 0.225679
120 0.215472
575 0.552547
1168 0.214654
932 0.752179
1195 0.709863
1269 0.694401
1202 0.779407
915 0.895441
674 0.685501
1290 1.327796
237 0.568606
314 0.858599
147 0.727245
85 5.428161
857 0.963043
657 2.393799
588 2.492256
1049 2.970772
1252 3.604559
849 0.510993
748 3.303293
1019 2.315838
89 0.575362
525 0.130304
1188 0.690615
1399 0.432132
1389 0.356656
1036 0.378964
247 1.757715
233 4.024738
469 3.356553
426 3.624586
963 3.924722
19 1.684239
1098 2.938269
261 1.115703
645 0.457217
223 5.114636
220 3.396773
740 2.372898
371 4.521785
1293 2.568631
578 1.588235
1093 2.296851
1266 3.787559
1259 1.225654
409 0.343183
1307 1.956619
472 5.970640
20 1.558472
1125 2.331253
1145 6.063746
35 2.327048
224 5.379470
1314 3.099900
