1218 0.072053
554 0.088118
1266 0.032122
392 0.073566
608 8.913295
1254 0.017817
34 0.095069
100 0.047722
1189 0.473516
491 0.144588
1364 0.031231
1121 0.644463
694 0.261143
50 0.113407
538 0.353647
819 0.527782
189 0.185212
456 0.583344
37 0.188450
681 0.184487
1072 0.682749
577 0.451342
1345 0.262286
1195 0.405950
1390 1.057875
720 0.906395
69 0.438161
966 1.360673
157 1.051007
1290 0.837042
1278 0.444709
327 1.568807
994 0.090629
1283 1.490592
641 0.813822
831 0.058249
16 1.961737
250 2.723446
1047 0.682935
1215 0.652615
499 2.050459
726 1.387266
435 4.583188
194 0.673817
29 2.409905
745 2.577531
1136 0.695225
990 2.377063
55 0.003465
519 0.000508
1176 0.008155
1322 0.002420
1091 0.011625
1326 0.007054
