698 0.185342
748 0.061001
766 0.111182
867 7.313544
986 0.039091
529 0.082866
1162 0.092263
51 0.102596
143 0.338645
638 0.381585
1027 0.099066
1203 0.604626
36 0.063003
186 0.119541
253 0.323913
431 0.470523
1175 0.727557
647 0.515512
1040 0.272604
713 0.488809
673 0.215101
258 0.589697
310 0.582662
774 0.346545
265 0.469477
29 0.415582
879 0.502277
273 0.160473
344 0.309962
965 0.277397
961 0.266018
1243 0.146102
84 0.112581
1393 0.114906
579 0.193532
521 0.161490
418 0.071381
502 1.698930
141 0.073211
773 1.533136
329 0.047409
132 0.415933
621 0.898952
1183 1.711687
1219 2.089803
756 1.798014
1058 1.599211
945 0.083221
670 1.411323
741 1.122704
609 0.693510
877 0.428568
384 1.103755
889 0.471740
1023 2.070708
1082 2.187018
827 1.157446
290 0.369188
456 0.507927
926 0.405103
513 0.571285
333 0.098401
1311 0.615050
856 0.383158
1230 1.237625
1346 1.278278
479 1.256593
104 1.674039
257 1.622939
396 1.310154
919 1.086685
1261 1.085153
334 1.733869
446 0.140225
152 0.073660
617 0.975090
1281 1.113507
