1354 0.261559
239 0.455018
1375 0.666396
878 0.621112
417 1.263838
726 0.048395
926 26.579685
158 0.374299
879 0.072150
490 0.346471
1028 0.162099
1389 0.244441
455 0.224046
904 0.060283
192 0.227761
22 0.844202
585 1.010019
626 0.060549
816 1.577153
245 0.127667
989 0.901471
232 0.703462
667 0.041678
1394 0.635883
155 0.827976
628 1.739698
1130 0.066713
449 0.909192
32 0.615430
501 0.337275
180 1.091720
978 1.474371
1115 1.563879
160 0.949272
454 0.825801
949 0.723940
694 1.083192
126 1.007550
10 1.277365
198 1.200946
1018 0.106733
468 0.851692
1046 1.907174
743 0.158341
951 0.661215
1226 1.827713
1341 2.055906
1243 0.228907
559 7.181681
1047 0.179902
570 0.102476
480 0.179782
313 0.216164
956 0.090788
848 0.154346
1199 0.123701
422 1.089423
872 0.425949
1245 1.193599
1258 0.010242
793 0.886830
854 0.624137
290 1.039233
456 1.429771
513 1.608116
333 0.276991
1311 1.731313
867 0.405103
856 1.078555
539 1.201679
362 2.065899
514 1.808565
1030 1.234362
643 0.640312
250 1.513153
815 0.693711
615 0.099722
1077 0.054470
265 0.126902
1145 0.096405
41 0.084762
1212 0.068910
111 3.664995
1155 1.867446
600 4.661288
1121 0.612991
135 6.223345
1221 3.315295
39 0.929605
756 0.805513
625 1.347641
294 0.556679
640 1.690573
701 1.826025
1259 1.106417
1200 1.062251
922 3.160422
1313 4.029067
325 3.659127
296 0.701296
407 5.265465
1310 3.784806
1117 0.380698
517 1.785320
697 4.460062
401 2.004174
1092 0.091260
1056 0.231680
1365 2.475374
