1382 5.982340
340 0.482662
1226 0.714216
469 0.762068
531 0.108556
991 0.407487
1011 0.304625
178 0.383539
209 0.658787
907 0.240770
176 0.685427
224 0.153787
581 0.483612
254 0.279167
217 0.506586
705 0.062058
362 0.016276
1105 0.096733
906 0.065317
545 0.023413
556 0.080681
37 2.087407
905 1.789808
758 1.700074
778 1.229826
1002 1.213210
1085 1.487187
1159 1.046811
781 3.533593
713 0.269489
193 2.874424
315 2.431329
100 3.103995
1394 1.488089
1292 1.905103
709 2.762588
1071 4.502440
1215 2.280827
1098 1.726525
1044 3.079727
322 4.159852
277 0.284301
