1323 0.372245
460 3.836431
497 0.358792
1197 0.072767
293 0.311314
1178 0.008207
1339 12.520391
464 0.259491
130 1.656142
611 1.707352
186 1.292960
1257 1.636824
192 2.033520
1049 1.173892
593 1.111211
975 0.726073
1328 0.728281
1191 0.391347
1296 0.471951
106 0.454568
493 0.109317
670 0.484900
1357 0.783824
241 0.918562
1025 0.334326
1147 1.445887
829 1.065192
1371 0.857825
839 1.089511
78 0.151208
936 0.925809
158 0.797469
223 0.065713
1340 0.174470
203 0.009796
982 0.599273
990 0.369097
357 0.875727
81 2.979469
320 2.384980
998 2.187397
647 0.754923
1010 1.498604
1004 1.007029
1381 1.490473
279 1.417281
1294 1.609314
734 0.244787
1227 0.716042
1183 0.294664
272 0.576484
459 0.030236
740 0.644942
910 0.130528
401 0.519697
1285 0.334573
978 2.819276
321 0.024840
583 4.432532
257 2.992267
304 2.014680
70 3.122459
1287 2.925511
373 1.185149
83 0.686732
1096 2.062008
588 0.715248
1284 0.277393
694 4.105254
