617 0.122988
1232 0.002804
175 3.304220
1006 0.021506
235 0.183097
1351 0.137746
196 0.180283
88 0.133273
529 0.450253
1109 0.059643
978 0.346743
783 0.276470
592 0.598983
1389 0.608800
1230 0.053908
148 0.053597
365 1.586452
1315 1.037511
291 1.461746
826 0.879252
1018 1.360230
562 0.925658
778 0.749680
652 1.881765
137 0.526412
839 2.011002
697 1.036262
75 0.118649
800 1.045237
1135 0.800538
1373 0.863417
1087 0.762416
66 0.780170
1188 0.095031
233 0.639372
902 0.459034
332 0.055762
1103 0.005107
411 0.066125
972 0.020907
616 0.061199
150 0.002394
1016 0.038945
1017 1.013926
886 0.392504
12 0.210817
1347 0.318775
992 0.758132
126 0.894914
1202 0.570591
