838 0.912974
1137 10.571822
764 0.632651
923 0.640494
623 0.428689
317 0.074825
1114 0.616678
40 0.532741
559 0.138421
746 0.163168
148 0.024244
493 0.027818
632 0.035563
417 0.035162
94 0.090754
699 1.178888
507 0.477791
462 1.036769
847 0.634073
990 0.148160
629 1.176776
154 0.610362
681 0.063557
637 0.085521
46 0.016397
253 0.084587
667 0.009181
981 0.042984
402 0.042986
864 1.283907
1301 1.095452
1138 0.815039
1207 0.952851
1292 0.055191
921 1.218391
824 0.701637
895 1.730671
552 1.420355
375 0.674102
1128 0.200906
903 0.553825
1303 0.941182
1006 1.369453
426 0.075663
1365 3.168436
1133 3.207964
839 3.119857
831 2.943540
1269 0.235408
938 0.737752
246 2.101899
615 2.462640
56 1.029010
442 1.318607
430 2.449645
1210 0.792268
1342 1.506447
199 0.401395
105 5.728190
1295 1.627972
1101 0.031987
29 4.832035
160 0.350726
1397 3.052428
