453 18.505890
1234 0.665916
825 0.979361
797 0.912397
637 0.532741
1051 2.774497
1228 0.669637
210 0.538635
536 1.037313
217 0.453743
1175 0.299841
584 0.471558
499 0.623446
1107 0.288313
1122 0.507322
386 2.444607
1323 3.774861
156 2.092672
237 4.169850
1395 4.007203
1084 2.361444
1030 2.667774
429 0.098882
339 0.049397
998 0.033134
199 0.043589
933 0.132921
234 0.075673
1035 0.081288
1238 0.746463
470 0.418700
1021 0.192339
1130 2.295573
694 2.927283
1172 2.025891
310 0.288894
251 0.479596
593 5.285281
466 3.925472
704 3.234828
1179 1.527751
1218 2.944974
525 0.398771
345 5.590762
540 1.015942
558 2.622244
818 1.032112
1357 3.119944
1340 3.305586
