1329 0.035360
973 0.032155
959 0.011862
247 4.186326
709 0.014513
764 0.031476
1161 0.035584
19 0.557552
552 0.684958
770 0.278092
917 0.050214
432 0.435388
310 0.427407
4 0.595441
522 0.427832
1260 0.365666
143 0.259054
563 0.278108
702 0.008984
892 0.627806
687 0.385529
296 0.336566
1274 0.372603
1010 0.729916
197 0.908380
1205 0.187929
884 0.339652
1284 0.282345
440 0.462237
503 1.757715
233 1.244556
469 1.037936
426 1.120818
963 1.213629
1098 0.908591
541 3.372494
542 3.809094
667 0.222177
703 2.890588
1061 0.280940
1255 2.784387
1134 2.033770
801 0.079954
406 0.049841
948 0.106364
1131 0.027729
564 0.109537
670 0.046566
1332 0.068058
