438 0.080271
1014 0.059827
1020 0.095214
305 0.067994
1362 7.480320
1389 0.077558
754 0.089859
244 0.070247
988 0.148873
646 0.016030
1300 0.057196
198 0.224180
235 0.214637
431 0.031935
285 0.114890
135 0.609054
1372 0.473942
118 0.327856
29 0.319725
484 0.222919
1375 0.396719
457 0.310378
69 0.063973
475 0.157712
943 0.243183
623 0.321191
2 0.237946
564 0.167536
363 2.665439
266 0.537960
104 0.396669
660 2.720707
306 3.010055
183 1.652021
812 1.738455
195 1.291250
507 2.144093
586 0.915772
273 0.270372
62 1.968534
386 0.303043
847 1.273279
927 0.455972
1326 0.199626
1248 0.364416
1060 0.313028
391 0.360907
786 4.481146
975 0.283809
171 1.645839
80 3.724910
482 2.237057
615 4.508826
655 4.156266
454 3.413040
