1351 0.107998
115 0.035342
261 0.106133
1012 0.113023
995 0.253247
271 0.569718
914 12.676340
11 0.291045
928 0.034225
652 0.335355
622 0.279196
253 0.946274
27 0.826625
685 0.433576
330 0.580014
678 1.069825
87 1.801965
763 0.992982
782 2.425359
752 2.372317
1229 0.753131
693 1.235095
954 0.866380
1225 1.038342
90 0.022715
227 1.245225
204 0.797498
602 0.030533
732 0.762772
541 2.248574
72 5.222032
1064 3.199317
1148 3.524866
948 0.076747
361 0.764983
871 1.918024
1319 0.758103
360 1.534283
1171 1.998632
1258 1.320925
1044 1.103685
1386 2.090484
912 0.125723
439 0.121363
1139 0.034970
918 0.164859
765 0.024722
810 0.165006
1190 0.102632
950 4.337485
953 0.205922
601 1.362110
1301 5.198201
1396 1.490733
1297 2.995468
