140 0.861798
1331 0.255512
296 0.086188
443 7.411625
589 0.371138
1190 0.229760
213 0.276671
132 0.472364
1048 0.139292
783 0.023494
320 0.005626
184 0.610591
587 0.582835
1087 0.510018
528 0.868538
1144 2.007052
1054 2.197101
473 0.983894
586 1.424826
855 1.026690
912 1.249436
807 1.106645
630 0.898894
334 0.893048
533 1.928928
1050 1.124301
966 1.469058
933 0.965521
1209 1.332352
274 0.346127
574 1.519636
768 0.195755
962 1.046978
418 0.149747
780 2.354234
1247 1.632223
657 0.082448
24 2.290525
724 2.918217
1037 2.714694
509 2.731477
1284 2.282939
