947 0.057943
1232 0.049890
640 0.031343
393 8.588333
1088 0.060271
604 0.001813
1199 0.012427
81 0.032795
955 0.602541
1219 1.231559
949 0.326452
669 0.217774
498 0.067655
810 0.812250
328 0.639413
565 0.436577
952 0.657176
644 0.244729
1241 0.696133
414 0.308461
108 0.568855
801 0.255075
70 0.792033
383 0.191206
869 0.540391
699 1.351828
509 0.368774
571 1.444280
422 0.833504
448 0.504798
255 0.805444
158 0.742434
857 1.580407
1100 1.750516
290 0.393887
591 1.319039
848 0.810608
633 1.308551
1319 0.301718
16 1.378437
232 0.442903
3 0.732399
605 0.786720
648 0.839898
570 1.050181
1040 0.825226
739 0.792516
861 0.706325
708 0.560967
764 0.590730
289 0.130783
1328 0.146181
293 0.929371
559 0.770031
915 1.012694
1373 1.036281
889 0.694411
144 0.228548
1281 0.574640
888 0.524661
828 0.696839
1019 0.581196
1207 0.774974
919 0.407750
782 1.216438
629 0.888488
957 1.582178
1127 0.936716
87 2.068188
350 1.366687
966 1.219209
