113 0.416880
851 0.322570
1338 0.167177
1024 18.067132
454 0.509457
736 0.734811
132 0.467184
241 0.368014
1370 0.354693
237 0.438150
1207 0.030012
975 0.006099
279 0.150912
614 0.124291
260 0.483389
1326 0.054400
893 0.407444
621 0.541279
485 0.353435
962 0.584897
199 0.129161
284 0.557554
1013 0.076779
377 0.071527
1098 0.154671
1335 0.277637
170 0.283590
94 1.606704
428 0.195456
740 2.535646
368 1.848387
492 0.800546
694 1.023102
1212 1.066201
128 0.627369
717 1.510594
1132 1.556593
544 1.350364
118 1.753321
1392 0.566954
1103 0.188393
859 0.750457
730 1.146500
1333 1.611107
1128 1.575519
1208 0.585999
501 1.537670
534 2.547316
158 2.296495
786 1.302227
913 0.230854
519 1.212194
1153 0.777300
348 0.260191
1222 1.160745
1352 0.795519
862 0.634693
748 0.176574
359 1.339676
411 0.026113
263 1.797287
1269 1.795021
451 1.625533
877 1.032349
1275 3.620758
53 0.911485
1285 1.212172
1061 2.549282
1259 3.252148
435 1.384057
1009 2.104252
885 0.315967
84 0.480132
114 2.261752
803 1.507175
1193 2.325709
664 0.845335
512 3.477837
1065 4.505053
507 2.869874
1165 2.118797
1049 3.876376
955 1.657048
1042 2.263370
57 0.518521
252 0.802503
26 0.315480
221 0.027949
682 0.105033
538 0.496560
1058 0.469763
