248 0.921748
785 0.427404
864 0.161971
673 0.875724
884 0.385376
622 4.531052
823 0.805870
198 0.525933
928 0.012199
652 0.119530
253 0.337278
27 0.294632
914 0.279196
685 0.154538
330 0.206733
1381 0.623145
321 0.323018
110 0.557366
1158 0.270087
306 0.921102
954 0.293352
939 0.753204
1104 0.445688
522 0.509509
619 0.325285
33 0.165549
1075 0.420574
345 0.601323
762 0.314958
376 0.046142
412 0.578888
337 0.635783
113 0.174685
197 0.185440
945 0.442803
451 2.400786
1222 4.382387
545 3.940488
698 3.885600
233 4.301676
89 3.732744
1309 2.432041
