52 0.437741
993 0.769853
593 0.277612
1003 0.356302
678 0.277193
95 4.343466
475 0.462185
77 0.390957
1357 0.445822
1079 0.058393
473 0.432906
225 0.109830
682 0.609132
1185 0.682098
84 0.433725
704 0.570127
871 0.267581
282 0.211961
280 0.040570
152 0.164096
48 0.570833
896 0.417030
893 0.872246
462 1.127539
1336 0.630318
992 0.204482
54 0.849888
212 0.125026
430 0.811973
1123 0.169786
1179 0.743784
1337 0.176577
948 1.336153
1089 1.353982
391 1.021961
485 0.878810
272 0.587272
937 0.424229
1071 0.246045
49 0.155527
464 0.472955
1060 0.062237
572 0.318958
738 0.004743
950 0.022849
456 0.018491
493 0.013539
1296 0.018874
141 0.035923
709 0.023068
