133 0.182103
938 2.203717
384 0.189806
1281 0.341547
553 0.483104
983 0.479487
660 0.299183
810 0.248770
953 0.510287
1292 1.875447
211 2.154750
1245 1.261295
151 0.830441
283 1.028528
647 2.211063
913 0.048903
1017 0.371174
258 0.079335
699 0.183501
88 0.818390
494 0.586636
941 0.599371
918 0.141001
950 0.310482
366 0.364820
1351 0.645222
554 0.437469
746 0.496313
1046 0.519715
426 0.034469
1365 1.443400
1133 1.461407
839 1.421270
831 1.340947
1269 0.107242
1137 0.737752
255 0.211135
593 0.800428
561 0.769506
23 0.628625
605 0.187078
25 0.232522
1146 0.470794
