882 0.274434
482 0.608925
241 0.242624
1269 21.260453
1335 1.530025
1264 0.414067
242 0.652779
337 0.828824
989 0.182249
267 0.417390
716 0.161353
1188 0.153322
433 0.322002
845 0.064196
369 0.246814
575 0.672152
1168 0.261119
932 0.914997
1195 0.863522
1202 0.632009
915 1.089271
503 0.694401
128 0.079340
1161 0.030494
291 0.214563
458 0.026674
569 0.084073
336 0.044902
520 0.114560
1360 0.078445
424 0.056192
1047 0.068304
1022 0.049711
960 0.002511
515 0.021557
638 0.048808
748 0.314048
359 2.382705
411 0.046443
1024 1.795021
263 3.196597
451 2.891120
877 1.836103
426 0.010999
1365 0.460572
1133 0.466318
839 0.453511
831 0.427881
938 0.107242
1137 0.235408
1381 0.486098
616 0.698429
636 0.421854
790 0.361215
1266 0.408093
195 0.491679
1242 0.370894
777 1.576533
1348 2.539923
272 3.105434
45 1.996411
1296 2.874371
1324 1.336496
468 1.363016
324 2.940436
1318 1.953465
752 1.529703
1241 2.296514
1209 2.791030
985 5.857315
1274 3.186664
1327 3.036578
206 3.403283
474 6.524377
801 6.089311
688 4.219043
368 3.340289
1343 3.442953
1337 3.964222
533 0.537467
814 2.339129
817 1.925079
717 0.692602
475 1.071367
1376 2.746429
