1351 0.094305
115 0.030861
261 0.092677
1012 0.098694
995 0.192897
271 0.497488
914 0.291045
11 8.941070
161 0.260289
1251 0.729820
892 0.308055
233 0.728840
156 0.743131
142 0.025021
20 3.322512
476 0.042413
241 0.082367
10 0.135641
734 0.098874
1075 0.015573
1197 0.133713
41 0.069972
384 0.056245
1297 0.080577
566 0.043547
886 0.150434
25 0.115849
147 0.080807
58 0.095384
1267 0.646429
1283 0.245798
633 0.416098
682 0.657816
735 0.903302
1017 0.452302
207 0.551335
1032 0.639402
82 0.859858
91 0.574582
99 0.056459
1246 0.009668
490 0.330402
280 0.533087
159 0.409135
771 0.208268
643 0.119472
462 0.468306
935 0.233298
542 0.248214
1305 1.981077
802 1.201350
1235 1.010191
717 2.167582
422 2.702323
12 2.337200
759 1.381947
882 0.088253
186 0.121702
1082 0.087052
1381 0.483932
666 0.242798
209 0.495670
788 0.274212
1046 4.185554
785 1.171265
128 3.110248
259 4.800991
858 3.757694
1116 2.466157
779 0.325679
814 0.570237
1311 0.019370
594 0.172572
1398 0.123408
219 0.003988
1372 0.539124
