1252 14.077718
196 0.144851
314 0.012742
1006 0.426747
1169 0.419015
310 0.254403
965 0.094713
363 0.279776
618 0.354092
863 1.094035
1260 1.133529
698 0.558153
1043 1.654108
789 2.313208
632 1.201515
59 0.141438
1342 1.679309
1150 0.558797
858 1.502021
826 1.165844
1134 0.437158
637 1.155125
704 2.535039
831 1.645419
1247 0.752216
619 1.315980
588 3.807436
772 6.272045
731 1.448963
657 2.145884
1049 2.663103
503 3.604559
849 0.458072
748 2.961187
1019 2.075998
545 1.664072
307 3.351553
628 1.746071
929 1.106605
122 3.090431
1145 1.929444
968 1.990858
60 2.911417
832 1.187276
891 0.596896
751 2.337451
468 3.571243
