1155 0.346202
570 0.015496
1129 0.043591
1069 0.059831
1357 0.224828
1121 19.899596
859 0.028507
28 0.120267
132 0.562837
1029 0.194289
824 0.201213
1105 0.133114
998 0.541739
646 0.057013
119 0.306985
1189 1.475385
608 0.644463
491 0.450510
1364 0.097311
694 0.813670
50 0.353355
538 1.101894
1171 1.329952
1288 0.856402
923 1.650951
1034 0.370210
643 0.847562
699 0.762287
689 1.297079
1241 0.334858
1017 0.072298
862 0.358762
1122 0.317155
839 0.228529
947 0.101485
728 0.226393
904 1.060587
466 1.730038
19 0.577031
1167 1.388129
89 0.813270
667 0.545963
823 0.870311
586 0.479275
1390 0.216254
1222 0.100565
297 0.014182
656 0.493876
456 0.471373
843 0.372089
1287 0.180685
157 3.238519
532 1.296418
615 0.726698
1156 0.857837
1051 0.911539
1037 0.676765
618 0.088218
559 1.935002
698 0.291377
361 1.324486
896 0.277758
1278 0.027843
1044 0.997949
377 1.236402
775 0.663253
281 3.230316
333 3.191442
832 2.864206
1119 1.416013
1084 2.158885
1309 1.749313
144 2.916666
601 0.416251
900 2.831981
1110 0.867627
111 0.380059
600 0.483375
926 0.612991
135 0.645360
1221 0.343796
632 6.107644
1255 0.399481
165 4.421380
952 4.076265
1342 6.250213
275 3.749900
1336 4.380004
