1200 0.339258
328 0.416145
530 14.173335
360 0.129101
356 0.439591
959 0.542114
385 0.467641
53 0.350090
409 0.124103
347 0.322755
283 0.413199
881 0.809985
689 0.006536
158 0.963456
230 0.528162
134 0.691305
1343 0.718867
643 0.036976
1288 0.010858
1076 0.717776
784 0.211680
236 0.374202
239 0.347962
993 0.541644
1344 0.847999
1262 0.204582
962 0.728367
925 0.140134
448 0.466690
571 0.889650
368 0.994546
126 0.696111
1197 0.719353
585 0.350202
197 0.554945
38 0.452946
459 0.882374
313 1.485833
386 1.857456
657 0.380060
758 1.846507
868 1.149702
606 0.510804
594 0.441333
647 0.365866
660 0.077633
275 0.431200
26 0.033083
942 0.588345
662 0.019334
912 0.026611
667 0.017396
1235 0.004345
1064 0.011977
983 0.015245
1172 0.641248
182 2.370658
491 2.392810
371 2.175705
1345 2.366559
251 1.046706
1120 1.348371
14 4.506183
552 4.171541
738 1.373062
1358 0.011180
1275 2.558060
1182 5.725951
1249 2.972409
401 3.131041
288 4.033092
344 6.376437
666 5.711626
201 4.229169
15 0.374225
1377 3.216571
