1139 0.615006
899 0.636452
1167 0.121759
537 0.023043
1358 0.104993
1059 0.617800
1125 0.518506
185 6.854035
1396 0.466515
313 0.590721
848 1.228606
655 0.335504
990 0.915720
880 0.709229
309 0.698194
467 1.574641
277 1.055098
756 1.497556
839 0.698619
1037 0.029178
401 1.139259
352 0.798822
18 0.402089
903 0.683998
687 0.172376
1029 0.479350
70 0.198311
979 0.823123
486 0.424327
683 0.591239
1329 4.007669
23 1.533463
194 0.296668
1197 2.833470
325 3.730450
1165 2.445954
431 0.181949
511 0.026721
1311 0.486634
27 0.578371
61 0.273885
489 0.056747
1226 0.322265
