113 0.581779
851 0.450164
1338 0.233305
1024 0.509457
454 19.266910
736 1.025468
132 0.651980
241 0.513584
1192 0.047179
1217 0.929280
1071 0.653353
512 0.751765
234 0.914012
727 0.553955
275 0.550089
32 0.392477
926 0.825801
501 0.215090
180 0.696222
978 0.940249
1115 0.997331
160 0.605378
153 0.800607
1044 0.516848
557 0.631919
1046 0.558034
1072 0.747982
1143 0.052160
524 0.443676
478 0.467860
506 0.577767
925 0.352632
712 0.019366
218 0.709638
722 0.532924
560 0.386087
890 2.467373
1248 1.655426
378 2.204541
848 1.805621
1120 2.919968
444 0.489153
939 1.717965
507 0.340853
770 1.257021
163 2.021539
1050 0.729544
759 0.267410
341 1.554743
1254 1.762777
343 0.719999
488 5.738794
1267 5.150770
223 7.106963
845 2.029706
1158 8.042352
1328 4.108170
171 2.395774
80 5.422184
482 3.256383
786 6.328725
615 6.563295
655 6.050090
1362 3.413040
