1329 0.247840
973 0.225376
959 0.083143
247 0.557552
709 0.101721
764 0.220617
1161 0.249404
19 7.261685
935 0.605715
61 0.568732
878 0.009522
1068 0.637806
1052 0.159062
200 0.535538
314 0.331670
1107 1.430824
412 0.510751
961 0.068413
457 0.184598
785 1.146017
966 0.383758
383 0.729205
1386 0.748802
1376 0.855338
681 0.219924
633 0.420627
991 0.500904
292 0.047423
482 0.473092
812 0.885771
220 0.371048
677 0.676102
1356 0.065909
678 0.104973
467 0.198498
592 0.460123
1168 0.805314
1071 0.761941
196 0.267216
1046 0.923570
152 0.338713
522 0.979652
634 0.562359
904 0.780692
1121 0.577031
466 1.273470
1167 1.021793
89 0.598643
667 0.401880
823 0.640630
288 1.881632
485 0.050478
1162 2.634916
365 2.645138
488 0.486117
419 0.014340
834 1.852662
503 1.684239
233 1.192531
469 0.994548
426 1.073966
963 1.162896
1098 0.870610
462 0.116303
706 0.065494
70 0.297953
1377 0.150252
695 0.219847
1291 0.294486
1280 0.208340
