1102 0.002994
1374 0.042208
54 0.245638
740 0.111999
528 0.120560
1159 0.060291
879 5.538019
181 0.085634
490 0.164934
1028 0.077166
926 0.072150
1389 0.116364
455 0.047788
904 0.028697
192 0.108424
912 0.016768
716 0.237418
959 0.183115
1034 0.249658
469 0.171949
271 0.127284
310 1.338696
774 0.796206
265 1.078647
29 0.954821
867 0.502277
273 0.368695
344 0.712155
267 1.281480
283 0.219057
641 0.437708
885 0.609475
544 0.229746
854 1.265912
452 0.837734
325 1.536293
676 0.708212
228 2.100448
1205 1.871481
869 1.622396
155 1.063965
37 1.902918
43 0.944554
704 1.647790
536 1.878011
304 1.513712
413 1.428190
994 1.017057
655 0.768846
153 2.181709
280 1.618339
86 0.009985
1377 2.414437
1148 1.881868
1074 1.256737
