94 0.073138
603 0.184518
1068 10.612072
643 0.194415
506 0.607828
1054 0.085832
26 0.074012
114 0.345143
955 0.176719
1206 0.404807
69 0.160108
598 0.692775
1138 0.475250
1133 0.490597
197 0.394311
935 1.469118
61 1.379418
878 0.023094
1052 0.385794
200 1.298910
19 0.637806
314 0.804441
1257 0.629157
89 0.129807
541 0.071776
1294 0.053865
231 0.549201
751 0.772228
479 0.503807
989 1.653762
1158 0.439046
276 2.175113
865 1.562611
678 0.419486
165 0.333903
623 1.242493
219 1.710404
8 2.131702
1174 1.902751
919 2.471638
1312 1.918260
812 0.337585
625 1.387408
322 0.251103
481 0.231144
294 0.174015
266 0.188006
693 0.176319
825 0.064024
739 0.177167
63 0.631654
1305 0.651318
414 0.588398
131 0.466134
491 0.672757
565 0.833751
959 0.418960
654 0.773451
1295 0.843219
227 0.913310
1308 0.152331
1036 1.721760
407 1.209093
995 0.948246
186 0.737982
1355 1.618601
1189 2.536980
164 0.916635
612 1.751791
380 0.962159
477 1.297277
676 1.279858
1204 1.090387
356 0.643951
318 0.538916
872 1.580446
1143 0.244794
1073 0.807846
