1362 0.167536
69 0.240974
475 0.594072
1389 0.259964
943 0.916025
623 1.209867
2 0.896298
564 13.273892
352 0.180682
315 1.389183
1397 0.797216
273 0.667981
274 1.108043
479 1.463896
763 0.751158
1379 0.097188
667 0.096603
418 0.487143
877 0.202354
447 0.365114
869 0.456862
903 0.273785
1059 3.118223
583 2.465866
1011 1.362538
611 0.507803
1378 1.666742
45 1.296062
1039 1.630897
651 0.841389
833 2.012089
110 0.135412
607 1.413923
137 0.647946
1000 5.485438
1327 1.043469
801 4.219900
247 0.109537
406 2.630543
948 5.613773
1131 1.463492
670 2.457716
1332 3.592011
691 4.300222
437 3.079897
311 4.951458
1261 2.965417
749 3.607764
1352 2.932086
