140 0.275194
1331 0.081592
296 0.027522
443 0.229760
589 0.118514
1190 9.446661
213 0.088348
132 0.150838
781 0.709219
627 0.286957
1319 0.953724
364 0.034448
1267 0.540306
1383 0.159165
233 0.510395
863 1.743015
1195 0.068780
1227 0.976627
1155 1.050380
116 1.246519
780 0.792787
283 0.635182
834 1.241452
1311 1.510264
445 0.036989
633 1.358028
145 0.247586
1052 0.724608
553 0.792446
977 1.267489
182 1.292269
502 0.438618
1253 1.069579
1132 0.681906
505 0.822508
121 1.207421
1092 2.249400
560 4.719129
1368 3.828935
1301 1.666276
103 4.833351
1027 2.446857
912 2.164491
914 0.102632
439 2.089419
1139 0.602056
918 2.838269
765 0.425628
810 2.840799
