878 0.192340
153 0.237126
235 0.109338
1178 0.082698
82 0.171265
1253 16.818356
1005 0.146848
209 0.121641
1096 0.065665
1234 0.369262
1091 0.001216
510 0.073595
1154 0.122923
1100 0.024971
406 0.186227
862 0.029587
1277 1.105281
795 0.872970
49 1.070931
455 0.122511
420 0.627098
410 0.561745
52 1.413557
308 1.190921
1132 1.912252
188 0.671662
728 1.242162
913 0.063440
493 0.731795
1153 0.870580
439 1.585474
329 0.359728
1180 1.050140
1391 0.020788
526 0.966755
714 1.033505
710 0.684995
771 0.359855
794 1.177167
1371 0.298320
195 0.834557
307 0.470723
797 0.636246
977 3.105480
182 3.166195
1190 1.069579
502 1.074660
505 2.015230
863 1.644470
520 2.934273
238 4.320672
676 0.971731
555 0.090028
1060 0.441819
215 1.651569
928 2.260308
735 0.467684
350 0.967218
1126 1.303507
171 0.411953
1048 2.183278
1305 0.706122
996 1.172919
226 2.116073
1141 2.066132
1239 2.143896
539 2.126583
1247 2.840758
594 1.060656
373 0.500902
35 1.698312
1094 1.999492
295 3.938834
445 2.734343
1298 2.617676
