861 0.005307
1293 0.043204
558 0.113503
1285 7.958959
256 0.172179
1029 0.240173
902 0.000004
118 0.129712
1007 0.459938
699 0.032501
878 0.417017
448 1.123410
1301 0.625899
604 0.298710
571 0.745722
200 1.885102
1345 1.888142
1346 1.854345
526 0.224303
1031 1.484752
684 0.766759
651 0.948406
800 1.148443
982 1.372295
674 0.649910
504 0.055315
112 0.747548
197 1.109279
727 0.712632
1275 1.300493
53 0.327385
1024 1.212172
1061 0.915644
1259 1.168097
435 0.497122
1009 0.755799
1183 1.819364
272 3.559423
1339 0.334573
459 0.186686
740 3.982108
910 0.805929
401 3.208796
1323 3.875083
1249 3.367333
578 2.740205
480 3.758895
188 0.458316
244 2.000219
1313 2.407921
