1130 0.725652
1251 0.567504
429 0.771825
721 0.629973
297 0.485516
183 10.612585
74 0.185063
150 0.385944
1260 0.010742
1225 0.486804
929 0.032043
942 0.562836
426 0.210136
366 0.617388
1239 0.136160
129 0.142587
1004 0.900497
261 0.452185
314 0.713714
521 0.366406
338 0.400974
408 0.505495
1112 1.317058
303 0.966245
387 0.163831
1123 1.240005
275 0.124641
747 1.125501
706 0.919727
1174 0.167502
788 1.026551
1313 0.784241
802 0.203782
346 0.446872
253 0.008400
708 0.651286
363 1.382558
266 0.279039
104 0.205752
660 1.411225
1362 1.652021
306 1.561310
812 0.901733
999 0.011766
1007 0.226631
494 0.121941
220 0.063957
132 0.196463
935 0.222801
820 0.119422
740 3.010226
167 1.387173
1191 3.002126
1147 2.660959
837 0.166159
38 1.316946
954 2.186012
1349 4.106093
216 2.606241
734 1.419045
1254 4.419222
5 2.689951
928 2.412123
1278 2.406249
