1045 0.060235
1093 0.134731
1059 0.163070
950 0.062671
297 14.643175
499 0.156374
906 0.150254
102 0.084480
1130 0.755528
1251 0.590869
429 0.803602
721 0.655910
183 0.485516
74 0.192683
150 0.401834
435 0.149751
1334 0.568546
73 0.534026
529 0.582121
211 0.531839
814 0.936960
254 0.422376
414 0.015013
474 0.341436
363 0.402161
860 0.428365
1047 0.262011
259 0.136997
340 0.233901
132 1.024786
826 0.632664
1221 0.314567
901 1.060081
744 0.674342
314 0.776200
586 0.049023
1390 0.022120
1222 0.010286
1121 0.014182
656 0.050517
456 0.048215
843 0.038060
900 0.052829
1176 0.815500
898 1.036025
178 0.672800
1031 0.836917
1146 0.952592
887 0.522793
708 1.606750
534 0.316837
1088 1.141836
320 0.638677
155 1.086182
1259 1.813098
899 1.183150
1160 3.502496
905 2.076555
1103 4.274612
147 0.608921
1385 3.718655
428 4.580882
1237 3.051236
1064 3.472285
647 4.054711
335 1.133676
227 2.563513
779 0.569404
158 5.616490
1240 3.514854
1170 0.259354
1044 1.729926
1292 1.074321
72 1.076019
219 0.971604
284 0.074316
1294 0.940127
