588 0.061662
851 9.433727
218 0.043419
135 0.024044
972 0.009669
863 0.043124
614 0.083174
231 0.046086
113 0.368362
1338 0.147720
1024 0.322570
454 0.450164
736 0.649290
132 0.412811
241 0.325183
951 0.119386
1188 0.062723
420 0.237908
310 0.057967
1006 0.272044
331 0.020157
329 0.141600
1235 0.617537
104 0.144427
411 0.115547
188 0.730520
761 0.251840
1038 0.547206
334 0.664565
57 0.275783
1101 0.499573
1087 0.370585
459 0.345103
325 0.405745
1107 0.405319
349 0.252031
327 0.086818
1003 0.045497
1343 0.045370
969 0.206744
72 0.143532
937 0.224009
813 0.160277
814 1.693219
1331 1.736413
1220 0.306455
64 0.519065
1073 0.018019
412 1.192064
1165 1.238651
533 1.459520
401 1.307502
424 0.033550
1118 1.477791
1127 2.323646
354 2.588459
929 2.180640
381 2.707457
543 0.294985
305 2.481141
108 0.852211
943 0.996326
1092 1.864535
1023 1.521790
131 0.669264
700 1.641963
629 0.682841
372 1.226455
1313 2.204913
232 0.269320
1142 1.299017
