342 0.211450
1186 8.993136
617 0.112774
1241 0.319370
1309 0.016733
1350 0.062907
603 0.191559
139 0.200518
301 0.772399
343 1.204938
1385 1.429759
306 0.888766
199 1.260342
510 0.877598
380 0.743874
716 0.578409
257 0.147516
499 0.026820
1165 0.289757
743 0.424701
1049 0.484816
631 0.346403
654 1.567377
455 0.509168
408 3.081579
141 0.532441
124 0.692478
803 3.012491
835 1.566472
1399 0.865597
1364 0.271719
1144 0.843151
240 0.148745
897 0.315230
744 0.623793
988 0.581730
596 2.169789
467 1.148618
1087 1.197388
846 0.098997
1153 3.135429
483 3.203888
1019 1.913178
1040 0.748505
1167 0.133924
1383 1.831450
768 0.824203
676 1.744171
1037 0.211645
1198 1.362478
60 0.702191
1276 2.206475
328 3.330520
269 0.466871
707 0.271672
1162 3.865977
1262 1.973875
