207 0.048029
1078 0.040776
1249 0.045883
712 0.041536
208 0.035628
212 0.034508
985 10.104871
184 0.031407
140 0.307276
225 0.066749
421 0.616087
418 0.583316
776 0.566362
1144 0.337257
338 0.565564
283 0.732053
1256 0.714163
1203 0.255478
487 0.138215
130 0.279355
623 0.207741
356 0.416968
1202 0.187128
244 0.160251
499 0.396090
594 0.499714
552 0.490625
252 0.162259
403 0.340310
1191 0.243130
832 0.803890
466 2.109115
831 2.469377
322 0.763865
839 1.986098
708 2.172441
1239 0.064109
799 1.731656
636 0.609084
1116 0.929689
1394 0.195077
281 1.196412
1174 1.036770
324 3.440833
1318 2.285901
1269 5.857315
752 1.790024
1241 2.687329
1209 3.266001
1274 3.728963
