1164 0.529877
384 0.493245
1111 0.854232
1021 0.608569
957 8.781686
762 0.410890
45 0.300688
49 0.465327
868 0.064316
274 0.087323
1092 0.003553
715 0.007911
54 0.027465
1181 0.090501
146 0.061755
1125 0.630571
694 0.681547
1230 0.864616
378 0.435398
987 0.566030
671 0.573996
205 0.449601
1053 0.018433
553 0.665479
756 0.427538
1043 0.270491
1265 0.476111
941 0.014307
531 0.402688
822 0.138476
712 0.158112
931 0.271311
39 0.224096
184 0.619087
262 2.647919
950 0.685621
706 1.415592
599 2.038120
588 1.094716
732 2.268187
744 1.955654
1059 0.063162
658 1.511554
782 2.358431
629 1.156050
393 1.582178
1127 1.218802
87 2.691008
350 1.778254
966 1.586365
1208 1.364061
385 0.292808
719 0.974351
312 0.731018
234 1.250611
1004 0.769615
251 4.843923
507 0.792217
1138 0.260158
492 2.380195
894 0.433552
1267 2.455657
