414 0.114135
729 0.379885
592 0.076578
397 0.562085
350 0.476549
493 0.033425
1130 7.569345
60 3.300700
1251 0.883114
429 1.201064
721 0.980324
297 0.755528
183 0.725652
74 0.287984
150 0.600582
667 0.001757
417 0.046793
1394 0.026805
155 0.034903
926 0.066713
628 0.073336
449 0.038326
433 0.946306
612 2.011341
1379 2.032796
1223 1.264095
447 2.769342
797 1.603599
1051 1.680699
453 2.295573
1238 0.716202
470 0.401727
1021 0.184542
694 2.808615
1172 1.943764
501 4.248727
1178 1.371066
1162 1.236179
641 3.450701
396 2.016831
1023 4.501568
1398 2.318900
