699 1.054886
507 0.427534
462 6.871253
847 0.567378
990 0.132576
629 1.052996
1137 1.036769
154 0.546161
745 0.975810
570 0.213847
1152 0.163735
1100 0.285245
498 0.758771
893 1.108992
189 0.506535
1336 0.545729
992 0.177041
54 0.735832
95 1.127539
212 0.108248
430 0.703005
711 0.729333
461 0.241828
53 0.079891
924 1.007403
220 0.008050
929 0.763993
93 0.275240
159 1.961250
11 0.468306
735 0.437287
771 0.963539
643 0.620786
935 1.079339
542 1.148344
755 0.673587
921 0.655739
5 0.227960
1283 0.667095
473 0.436014
671 0.417664
214 0.046982
86 0.105214
198 0.041364
540 0.115562
720 0.082670
1324 0.415406
74 0.001340
850 0.803689
106 0.740057
131 0.473054
883 0.981025
798 0.721754
1010 0.293228
998 0.003747
347 0.048724
483 0.126167
796 0.451751
895 0.209777
1173 0.354986
706 0.359546
70 1.635700
19 0.116303
1377 0.824849
695 1.206914
1291 1.616664
1280 1.143742
