1088 0.982069
1108 0.201699
262 7.456849
1231 0.607668
361 0.225172
479 0.633570
814 0.262257
221 0.510041
495 0.570754
1391 0.204775
551 0.603576
79 0.698264
471 0.390416
950 1.770978
212 0.256942
761 0.733686
1371 0.720135
440 0.123283
1003 0.011372
1180 0.525847
991 0.157490
317 0.401407
829 0.715446
460 0.240885
491 0.309185
280 0.561335
744 0.275984
870 0.579109
427 0.415249
931 2.643893
1015 0.417177
1281 0.523228
554 0.960272
350 1.581122
777 0.477916
515 1.047166
1086 0.329430
1263 1.391430
1328 0.470470
1305 0.872734
347 0.896456
1051 0.486124
884 0.706121
822 0.335832
712 0.383452
39 0.543477
184 1.501406
957 2.647919
251 2.723291
507 0.445390
1138 0.146263
492 1.338164
894 0.243746
1267 1.380589
