518 0.208602
154 0.286776
818 0.033261
1363 8.994025
478 0.048034
245 0.043020
910 0.212215
78 0.157586
766 0.379830
223 0.267076
566 0.533673
898 0.155942
733 0.233043
753 0.530648
106 0.272706
1135 0.762280
1144 0.240869
1184 0.861824
525 0.410436
1375 0.782987
1165 0.249039
134 0.437148
1276 0.031774
190 0.000731
162 0.058922
390 0.000313
21 0.000558
728 0.129273
295 2.397441
539 0.273783
1136 0.855358
257 0.382355
1309 0.426916
214 1.069727
394 0.769166
750 0.596030
1372 0.188206
683 2.134201
972 1.599030
285 0.738101
1097 2.074387
658 0.327643
765 1.118701
1225 0.686330
188 0.788622
217 0.160581
372 1.093885
25 0.012435
163 0.242717
804 0.549490
6 1.541709
387 1.761817
344 3.266800
321 0.773423
213 0.598888
948 2.040259
363 0.711615
1209 1.812876
630 2.263946
802 2.570696
567 4.111020
667 3.275780
1000 1.774595
